153171939,3,19,2,16,1,4,3,2.4579
158072930,3,29,2,22,1,3,2,3.798
157133018,3,30,2,24,1,4,3,2.5803
157052208,3,22,2,22,1,1,3,4.5826
150144931,3,49,4,3,1,3,4,1.5126
155142110,3,21,2,12,1,4,4,2.8141
150134824,3,48,4,2,1,4,4,2.0439
158133112,3,31,2,24,1,3,2,3.5508
159192717,3,27,2,26,1,3,4,3.4939
150064527,3,45,4,1,1,2,4,1.0001
1401228027,3,28,3,-1,1,3,4,2.2689
148295042,3,50,4,0,1,5,2,3.0453
163043225,3,32,2,32,1,1,4,3.0939
1030104,2,1,1,-1,1,-1,3,2.0316
150304948,3,49,4,0,1,5,4,1.9939
1421328036,3,28,3,-1,1,4,2,3.433
1170131,3,5,1,1,1,4,4,4.3084
148144806,3,48,4,2,1,4,2,2.7754
1180018,3,1,1,1,1,1,2,2.3945
1050321,2,3,1,-1,1,-1,4,3.6876
146084520,3,45,4,1,1,4,3,1.6167
154181705,3,17,2,16,1,3,2,3.2878
153131510,3,15,2,13,1,4,3,3.0248
159072832,3,28,2,22,1,3,4,2.3564
154112014,3,20,2,11,1,3,2,3.3966
1030806,2,8,1,-1,1,-1,3,1.027
1401328024,3,28,3,-1,1,4,4,2.7626
146295004,3,50,4,0,1,5,3,3.0974
157182722,3,27,2,26,1,3,3,3.0792
154181922,3,19,2,16,1,3,2,2.7753
155142118,3,21,2,12,1,4,4,2.6259
1050119,2,1,1,-1,1,-1,4,2.9314
154171714,3,17,2,16,1,4,2,4.0928
1400737035,3,37,3,-1,1,4,4,4.9251
1420942036,3,42,3,-1,1,1,2,3.8798
150205006,3,50,4,6,1,3,4,2.1251
148074532,3,45,4,1,1,2,2,1.7686
150034336,3,43,4,1,1,1,4,1.2564
155191911,3,19,2,16,1,4,4,3.6055
148295038,3,50,4,0,1,5,2,2.1768
146304930,3,49,4,0,1,5,3,1.9614
159072939,3,29,2,22,1,3,4,5.2126
150321106,3,11,4,0,1,5,4,4.1251
157112539,3,25,2,24,1,4,3,3.0701
1160489,3,2,1,1,1,1,3,2.483
158122531,3,25,2,24,1,4,2,3.7118
150144921,3,49,4,3,1,3,4,1.3439
159192625,3,26,2,26,1,3,4,3.5251
148154903,3,49,4,3,1,3,2,2.7074
148284843,3,48,4,0,1,5,2,2.2154
1421329019,3,29,3,-1,1,4,2,2.9795
162083335,3,33,2,34,1,4,2,2.6914
1380536040,3,36,3,-1,1,3,3,2.1133
150234427,3,44,4,0,1,5,4,1.8501
158192623,3,26,2,26,1,3,2,3.0951
146274726,3,47,4,0,1,5,3,1.814
1420737036,3,37,3,-1,1,4,2,4.0067
158133013,3,30,2,24,1,3,2,3.1449
1420737039,3,37,3,-1,1,4,2,4.3718
148034321,3,43,4,1,1,1,2,1.0702
1400738017,3,38,3,-1,1,4,4,2.5189
159192704,3,27,2,26,1,3,4,2.4689
150295031,3,50,4,0,1,5,4,2.1251
159082940,3,29,2,22,1,4,4,2.4689
159133112,3,31,2,24,1,3,4,3.9626
158052334,3,23,2,22,1,1,2,3.7322
159052225,3,22,2,22,1,1,4,3.7814
150064518,3,45,4,1,1,2,4,1.3189
158143002,3,30,2,24,1,4,2,5.1835
146164910,3,49,4,3,1,4,3,1.0793
146304911,3,49,4,0,1,5,3,1.9773
159072911,3,29,2,22,1,3,4,4.3876
1380637012,3,37,3,-1,1,3,3,4.8911
157082938,3,29,2,22,1,4,3,5.2243
1420942001,3,42,3,-1,1,1,2,1.8117
1401329035,3,29,3,-1,1,4,4,2.9189
158133008,3,30,2,24,1,3,2,4.1585
146215030,3,50,4,6,1,3,3,2.7029
158133113,3,31,2,24,1,3,2,3.8638
159192730,3,27,2,26,1,3,4,2.6314
162043207,3,32,2,32,1,1,2,2.4873
148244404,3,44,4,0,1,5,2,2.7256
155191910,3,19,2,16,1,4,4,2.703
157182714,3,27,2,26,1,3,3,2.6211
150124832,3,48,4,2,1,3,4,2.0626
155181921,3,19,2,16,1,3,4,2.347
1400638009,3,38,3,-1,1,3,4,2.5564
148074503,3,45,4,1,1,2,2,3.3061
1420738019,3,38,3,-1,1,4,2,0.9523
1030523,2,5,1,-1,1,-1,3,6.5395
1420738014,3,38,3,-1,1,4,2,3.1904
159062208,3,22,2,22,1,2,4,2.6376
1180085,3,5,1,1,1,2,2,3.043
163053211,3,32,2,32,1,3,4,3.2001
1170041,3,1,1,1,1,3,4,2.5259
1060610,2,6,1,-1,1,-1,2,3.3265
153112022,3,20,2,11,1,3,3,2.7141
155051333,3,13,2,11,1,1,4,2.7869
150234418,3,44,4,0,1,5,4,1.5001
158082835,3,28,2,22,1,4,2,5.315
148134825,3,48,4,2,1,3,2,1.0702
1400737007,3,37,3,-1,1,4,4,4.7751
1420737022,3,37,3,-1,1,4,2,4.2335
157123125,3,31,2,24,1,3,3,2.662
150044341,3,43,4,1,1,3,4,1.4251
153161923,3,19,2,16,1,3,3,4.7232
162043213,3,32,2,32,1,1,2,3.3898
1050417,2,4,1,-1,1,-1,4,3.7314
150304909,3,49,4,0,1,5,4,1.3501
158062239,3,22,2,22,1,2,2,3.4057
155051319,3,13,2,11,1,1,4,2.8186
155151507,3,15,2,13,1,4,4,2.8776
1060614,2,6,1,-1,1,-1,2,3.3129
154112003,3,20,2,11,1,3,2,2.7708
158122401,3,24,2,24,1,4,2,3.1585
148321112,3,11,4,0,1,5,2,1.4875
158052205,3,22,2,22,1,1,2,2.4511
158072835,3,28,2,22,1,3,2,2.6257
158192735,3,27,2,26,1,3,2,2.8434
1060518,2,5,1,-1,1,-1,2,2.5895
155051419,3,14,2,11,1,1,4,3.3175
1401228016,3,28,3,-1,1,3,4,2.3251
159133102,3,31,2,24,1,3,4,4.3626
148164904,3,49,4,3,1,4,2,2.6144
158052229,3,22,2,22,1,1,2,4.3604
1180347,3,3,1,2,1,4,2,3.1088
1420941018,3,41,3,-1,1,1,2,1.755
158082802,3,28,2,22,1,4,2,3.4647
157062220,3,22,2,22,1,2,3,3.9091
158192617,3,26,2,26,1,3,2,3.6869
150134844,3,48,4,2,1,4,4,1.5564
148215035,3,50,4,6,1,3,2,2.6462
154132016,3,20,2,12,1,4,2,7.179
155122011,3,20,2,11,1,3,4,2.5828
158122409,3,24,2,24,1,4,2,3.2379
159062317,3,23,2,22,1,2,4,5.9314
154051315,3,13,2,11,1,1,2,3.7186
158062224,3,22,2,22,1,2,2,3.1676
154112029,3,20,2,11,1,3,2,4.4624
154071605,3,16,2,11,1,3,2,2.6053
1420535001,3,35,3,-1,1,3,2,7.1972
163053209,3,32,2,32,1,3,4,2.5189
148044343,3,43,4,1,1,3,2,1.8072
158062305,3,23,2,22,1,2,2,3.6869
158052216,3,22,2,22,1,1,2,3.5576
1030518,2,5,1,-1,1,-1,3,2.5871
154132116,3,21,2,12,1,4,2,3.4171
1421329008,3,29,3,-1,1,4,2,2.5555
157082832,3,28,2,22,1,4,3,2.5304
159143009,3,30,2,24,1,4,4,3.6376
146154908,3,49,4,3,1,3,3,1.3741
1380738017,3,38,3,-1,1,4,3,3.6008
1400738042,3,38,3,-1,1,4,4,2.3501
1401228019,3,28,3,-1,1,3,4,2.5001
148134828,3,48,4,2,1,3,2,1.6099
159052333,3,23,2,22,1,1,4,3.9189
150124835,3,48,4,2,1,3,4,1.3626
146295037,3,50,4,0,1,5,3,2.551
157062204,3,22,2,22,1,2,3,3.2787
159052332,3,23,2,22,1,1,4,3.1251
146034329,3,43,4,1,1,1,3,1.5872
155142013,3,20,2,12,1,4,4,2.8572
158072820,3,28,2,22,1,3,2,4.7209
154051419,3,14,2,11,1,1,2,3.2356
154141613,3,16,2,13,1,4,2,3.1903
1380941025,3,41,3,-1,1,1,3,3.0657
1400737009,3,37,3,-1,1,4,4,4.6126
148304926,3,49,4,0,1,5,2,2.1428
159133037,3,30,2,24,1,3,4,3.0501
155122106,3,21,2,11,1,3,4,2.7098
146034319,3,43,4,1,1,1,3,1.8299
1160462,3,1,1,1,1,1,3,2.3243
1380637015,3,37,3,-1,1,3,3,3.789
155142106,3,21,2,12,1,4,4,2.7098
158192709,3,27,2,26,1,3,2,2.8229
1060407,2,4,1,-1,1,-1,2,4.1383
1170348,3,3,1,2,1,4,4,2.7278
146310116,3,1,4,0,1,5,3,2.0861
155191923,3,19,2,16,1,4,4,4.8051
158192711,3,27,2,26,1,3,2,3.5735
155122029,3,20,2,11,1,3,4,4.5443
155081628,3,16,2,11,1,3,4,4.0908
1420941015,3,41,3,-1,1,1,2,3.1972
162033333,3,33,2,31,1,3,2,3.2969
1030702,2,7,1,-1,1,-1,3,2.4692
162083313,3,33,2,34,1,4,2,3.12
1400638037,3,38,3,-1,1,3,4,2.9251
153112116,3,21,2,11,1,3,3,3.4171
153112108,3,21,2,11,1,3,3,3.3536
1401329009,3,29,3,-1,1,4,4,2.9814
1380942029,3,42,3,-1,1,1,3,5.7573
159072936,3,29,2,22,1,3,4,3.0439
157112509,3,25,2,24,1,4,3,3.4307
159122416,3,24,2,24,1,4,4,2.6689
153161709,3,17,2,16,1,3,3,3.5146
1420942024,3,42,3,-1,1,1,2,3.1315
150154912,3,49,4,3,1,4,4,1.2501
158062337,3,23,2,22,1,2,2,3.4692
1380942037,3,42,3,-1,1,1,3,3.4308
1420737026,3,37,3,-1,1,4,2,5.5419
159192720,3,27,2,26,1,3,4,2.2189
1060318,2,3,1,-1,1,-1,2,1.4897
148264627,3,46,4,0,1,5,2,1.1315
153131513,3,15,2,13,1,4,3,2.3966
1380535027,3,35,3,-1,1,3,3,4.4104
157133111,3,31,2,24,1,4,3,5.6982
146321126,3,11,4,0,1,5,3,2.0657
1060308,2,3,1,-1,1,-1,2,1.7936
146264602,3,46,4,0,1,5,3,2.2131
159052330,3,23,2,22,1,1,4,3.5251
1381328039,3,28,3,-1,1,4,3,2.3423
148044327,3,43,4,1,1,3,2,1.1451
146044322,3,43,4,1,1,3,3,1.3763
159133126,3,31,2,24,1,3,4,4.5439
150205001,3,50,4,6,1,3,4,3.0439
148134846,3,48,4,2,1,3,2,1.5441
1180086,3,5,1,1,1,2,2,3.0725
150295026,3,50,4,0,1,5,4,2.3939
1381229021,3,29,3,-1,1,3,3,2.5759
155191901,3,19,2,16,1,4,4,3.9438
1060116,2,1,1,-1,1,-1,2,1.6394
154171732,3,17,2,16,1,4,2,3.1608
146274741,3,47,4,0,1,5,3,1.9047
159072913,3,29,2,22,1,3,4,2.7876
1381329010,3,29,3,-1,1,4,3,4.2426
146044301,3,43,4,1,1,3,3,1.8707
1400535021,3,35,3,-1,1,3,4,3.7564
154071630,3,16,2,11,1,3,2,2.5146
148264640,3,46,4,0,1,5,2,1.3968
1420738010,3,38,3,-1,1,4,2,2.5578
159192703,3,27,2,26,1,3,4,2.6251
1421229007,3,29,3,-1,1,3,2,2.8321
146321111,3,11,4,0,1,5,3,1.4829
154141606,3,16,2,13,1,4,2,2.7164
155051405,3,14,2,11,1,1,4,3.6304
150144908,3,49,4,3,1,3,4,1.3564
157082933,3,29,2,22,1,4,3,4.7096
158062235,3,22,2,22,1,2,2,3.5168
146321129,3,11,4,0,1,5,3,2.9614
1030119,2,1,1,-1,1,-1,3,2.5078
157082820,3,28,2,22,1,4,3,4.7141
155191710,3,17,2,16,1,4,4,3.4763
148164927,3,49,4,3,1,4,2,1.4897
154132007,3,20,2,12,1,4,2,4.1654
1180056,3,1,1,1,1,3,2,2.3945
148234339,3,43,4,0,1,5,2,1.3423
159122528,3,25,2,24,1,4,4,3.3564
148034304,3,43,4,1,1,1,2,2.3695
1160473,3,2,1,1,1,1,3,2.9932
1380535015,3,35,3,-1,1,3,3,2.8798
148234306,3,43,4,0,1,5,2,2.6212
155051432,3,14,2,11,1,1,4,2.5828
157052301,3,23,2,22,1,1,3,5.3918
154132004,3,20,2,12,1,4,2,3.0542
1401228011,3,28,3,-1,1,3,4,2.5064
150264723,3,47,4,0,1,5,4,1.7376
158082924,3,29,2,22,1,4,2,2.2765
154112004,3,20,2,11,1,3,2,3.0542
1380638016,3,38,3,-1,1,3,3,2.5373
158072819,3,28,2,22,1,3,2,2.6574
154071508,3,15,2,11,1,3,2,2.7572
1170084,3,5,1,1,1,2,4,3.0454
153071527,3,15,2,11,1,3,3,2.5531
153122123,3,21,2,12,1,4,3,3.12
155081516,3,15,2,11,1,3,4,2.1883
148134849,3,48,4,2,1,3,2,2.3401
1420637038,3,37,3,-1,1,3,2,5.1383
1160497,3,1,1,1,1,3,3,2.4467
158192701,3,27,2,26,1,3,2,4.123
148144833,3,48,4,2,1,4,2,2.1949
153131509,3,15,2,13,1,4,3,2.2198
150321110,3,11,4,0,1,5,4,2.8814
162033317,3,33,2,31,1,3,2,2.2719
1180361,3,4,1,2,1,4,2,4.0045
1400737039,3,37,3,-1,1,4,4,3.8126
150224322,3,43,4,0,1,5,4,1.3564
158192620,3,26,2,26,1,3,2,3.2334
1030507,2,5,1,-1,1,-1,3,2.7527
1380941031,3,41,3,-1,1,1,3,2.5963
163043221,3,32,2,32,1,1,4,2.4626
1030309,2,3,1,-1,1,-1,3,3.2198
146310143,3,1,4,0,1,5,3,1.7346
154141614,3,16,2,13,1,4,2,2.739
159052210,3,22,2,22,1,1,4,2.6501
158133123,3,31,2,24,1,3,2,3.8048
148134818,3,48,4,2,1,3,2,2.1791
155122014,3,20,2,11,1,3,4,3.4785
1420535027,3,35,3,-1,1,3,2,4.4262
159143011,3,30,2,24,1,4,4,3.8439
159052318,3,23,2,22,1,1,4,6.9001
157182715,3,27,2,26,1,3,3,5.9703
157062327,3,23,2,22,1,2,3,3.0044
158072828,3,28,2,22,1,3,2,2.4783
157052206,3,22,2,22,1,1,3,0.8978
148215022,3,50,4,6,1,3,2,1.3265
146215039,3,50,4,6,1,3,3,2.1745
158072814,3,28,2,22,1,3,2,2.7073
150321108,3,11,4,0,1,5,4,7.9376
1380942033,3,42,3,-1,1,1,3,4.3922
153171720,3,17,2,16,1,4,3,2.9885
158072920,3,29,2,22,1,3,2,3.1563
1180087,3,5,1,1,1,2,2,2.6802
1030103,2,1,1,-1,1,-1,3,1.1722
1400637027,3,37,3,-1,1,3,4,3.7251
1060822,2,8,1,-1,1,-1,2,2.9387
146264637,3,46,4,0,1,5,3,1.1541
1060203,2,2,1,-1,1,-1,2,3.3605
146310103,3,1,4,0,1,5,3,2.7664
153161924,3,19,2,16,1,3,3,3.8252
146154909,3,49,4,3,1,3,3,1.7981
146295023,3,50,4,0,1,5,3,1.1315
157072808,3,28,2,22,1,3,3,3.0202
148244446,3,44,4,0,1,5,2,1.5555
146044309,3,43,4,1,1,3,3,1.3854
158082904,3,29,2,22,1,4,2,3.1155
146264635,3,46,4,0,1,5,3,1.5033
1381229038,3,29,3,-1,1,3,3,2.5305
1160454,3,1,1,1,1,1,3,2.8524
163043231,3,32,2,32,1,1,4,3.1126
1400535034,3,35,3,-1,1,3,4,5.8251
1400535003,3,35,3,-1,1,3,4,7.1626
153171703,3,17,2,16,1,4,3,3.1019
159122519,3,25,2,24,1,4,4,3.4126
1050121,2,1,1,-1,1,-1,4,3.1439
153131605,3,16,2,13,1,4,3,2.6053
1380942009,3,42,3,-1,1,1,3,4.6462
148154934,3,49,4,3,1,3,2,1.9364
146144801,3,48,4,2,1,4,3,2.0997
1050415,2,4,1,-1,1,-1,4,4.6439
1060702,2,7,1,-1,1,-1,2,3.2675
154181713,3,17,2,16,1,3,2,3.5712
158052203,3,22,2,22,1,1,2,4.3468
1060411,2,4,1,-1,1,-1,2,3.5487
146234326,3,43,4,0,1,5,3,1.3627
146234302,3,43,4,0,1,5,3,2.1723
1170053,3,1,1,1,1,3,4,2.6191
155142025,3,20,2,12,1,4,4,2.6463
1050405,2,4,1,-1,1,-1,4,3.0064
1380738012,3,38,3,-1,1,4,3,3.2516
1381228005,3,28,3,-1,1,3,3,2.263
154132128,3,21,2,12,1,4,2,2.7617
1420942031,3,42,3,-1,1,1,2,4.1405
148084535,3,45,4,1,1,4,2,1.3061
158072909,3,29,2,22,1,3,2,2.7028
148084504,3,45,4,1,1,4,2,2.7505
158192731,3,27,2,26,1,3,2,2.442
153171938,3,19,2,16,1,4,3,2.6075
1030717,2,7,1,-1,1,-1,3,1.925
1420536025,3,36,3,-1,1,3,2,3.2879
153112104,3,21,2,11,1,3,3,2.501
153122016,3,20,2,12,1,4,3,7.179
150284810,3,48,4,0,1,5,4,4.9251
153122105,3,21,2,12,1,4,3,3.7572
146084524,3,45,4,1,1,4,3,1.2539
163083304,3,33,2,34,1,4,4,3.1251
1180040,3,1,1,1,1,3,2,2.8525
153161732,3,17,2,16,1,3,3,3.1608
148144811,3,48,4,2,1,4,2,1.8548
154181733,3,17,2,16,1,3,2,3.2493
1420941004,3,41,3,-1,1,1,2,2.9024
154071538,3,15,2,11,1,3,2,2.3694
1421229015,3,29,3,-1,1,3,2,3.0203
1180049,3,1,1,1,1,3,2,2.789
1050107,2,1,1,-1,1,-1,4,3.2189
1381329015,3,29,3,-1,1,4,3,3.0067
1180069,3,2,1,1,1,3,2,3.2834
161033307,3,33,2,31,1,3,3,3.0542
1030419,2,4,1,-1,1,-1,3,3.5985
154181730,3,17,2,16,1,3,2,3.8864
146074544,3,45,4,1,1,2,3,1.9795
154141527,3,15,2,13,1,4,2,2.5531
1170008,3,1,1,1,1,1,4,2.0863
1420941026,3,41,3,-1,1,1,2,2.2335
155081505,3,15,2,11,1,3,4,2.9229
1160796,3,4,1,2,1,3,3,3.508
154051312,3,13,2,11,1,1,2,3.4624
1160820,3,4,1,2,1,4,3,3.5692
150234431,3,44,4,0,1,5,4,1.5939
1030303,2,3,1,-1,1,-1,3,2.6574
157112501,3,25,2,24,1,4,3,4.9348
148144805,3,48,4,2,1,4,2,2.7029
154132107,3,21,2,12,1,4,2,2.5849
153112009,3,20,2,11,1,3,3,4.3966
162083330,3,33,2,34,1,4,2,3.3989
157133029,3,30,2,24,1,4,3,2.8796
157123106,3,31,2,24,1,3,3,3.5554
163043224,3,32,2,32,1,1,4,3.3626
157112402,3,24,2,24,1,4,3,3.2515
1030304,2,3,1,-1,1,-1,3,3.1744
148234330,3,43,4,0,1,5,2,1.7278
1180007,3,1,1,1,1,1,2,2.4489
153071609,3,16,2,11,1,3,3,3.0746
153071502,3,15,2,11,1,3,3,3.3694
1170014,3,1,1,1,1,1,4,2.2744
1180091,3,5,1,1,1,2,2,2.7528
150304903,3,49,4,0,1,5,4,2.3751
148244408,3,44,4,0,1,5,2,1.4852
1400737015,3,37,3,-1,1,4,4,3.7814
148284824,3,48,4,0,1,5,2,2.0498
158122508,3,25,2,24,1,4,2,2.9205
146304909,3,49,4,0,1,5,3,1.3695
1400637036,3,37,3,-1,1,3,4,4.9251
1420942039,3,42,3,-1,1,1,2,4.4988
157133020,3,30,2,24,1,4,3,3.349
1060423,2,4,1,-1,1,-1,2,2.1813
146284815,3,48,4,0,1,5,3,2.1677
146084528,3,45,4,1,1,4,3,0.9909
1420942020,3,42,3,-1,1,1,2,4.9296
157133031,3,30,2,24,1,4,3,4.3332
1030418,2,4,1,-1,1,-1,3,0.9794
1400638020,3,38,3,-1,1,3,4,2.5251
153171728,3,17,2,16,1,4,3,2.8003
148154946,3,49,4,3,1,3,2,1.5895
162033312,3,33,2,31,1,3,2,3.4216
159062207,3,22,2,22,1,2,4,3.5126
158082803,3,28,2,22,1,4,2,3.0656
150304934,3,49,4,0,1,5,4,1.9064
148164903,3,49,4,3,1,4,2,2.5441
153122106,3,21,2,12,1,4,3,2.6279
1180092,3,5,1,1,1,2,2,3.1972
159062302,3,23,2,22,1,2,4,3.4564
1420638028,3,38,3,-1,1,3,2,2.1995
1400942018,3,42,3,-1,1,1,4,2.2064
148084514,3,45,4,1,1,4,2,1.3854
1180029,3,2,1,1,1,1,2,2.9591
159192623,3,26,2,26,1,3,4,3.5251
155122118,3,21,2,11,1,3,4,2.6259
158062236,3,22,2,22,1,2,2,2.8139
148215019,3,50,4,6,1,3,2,1.1383
150134826,3,48,4,2,1,4,4,1.6189
157052311,3,23,2,22,1,1,3,3.9386
158133119,3,31,2,24,1,3,2,4.1517
148304917,3,49,4,0,1,5,2,2.0317
1420942007,3,42,3,-1,1,1,2,6.2698
148215037,3,50,4,6,1,3,2,2.5578
1420536029,3,36,3,-1,1,3,2,2.7437
155142121,3,21,2,12,1,4,4,3.3039
153112004,3,20,2,11,1,3,3,3.0542
150134827,3,48,4,2,1,4,4,1.7626
146084503,3,45,4,1,1,4,3,3.331
158062209,3,22,2,22,1,2,2,2.6415
158143034,3,30,2,24,1,4,2,3.1245
154141536,3,15,2,13,1,4,2,2.5191
146264610,3,46,4,0,1,5,3,1.5986
1420637040,3,37,3,-1,1,3,2,3.8389
155181930,3,19,2,16,1,3,4,2.0228
153051417,3,14,2,11,1,1,3,3.4193
148034325,3,43,4,1,1,1,2,2.1745
1170001,3,1,1,1,1,1,4,3.4196
146321117,3,11,4,0,1,5,3,2.8344
146295035,3,50,4,0,1,5,3,2.6575
146144802,3,48,4,2,1,4,3,2.526
150254623,3,46,4,0,1,5,4,0.6189
146164920,3,49,4,3,1,4,3,1.3537
159062234,3,22,2,22,1,2,4,3.5189
1381228014,3,28,3,-1,1,3,3,2.5396
162033330,3,33,2,31,1,3,2,3.4239
154141506,3,15,2,13,1,4,2,3.0815
1400737016,3,37,3,-1,1,4,4,3.1814
154051432,3,14,2,11,1,1,2,2.501
146154919,3,49,4,3,1,3,3,0.8798
150321115,3,11,4,0,1,5,4,4.2814
159052338,3,23,2,22,1,1,4,3.4751
154132117,3,21,2,12,1,4,2,3.4443
146284851,3,48,4,0,1,5,3,1.9478
157182633,3,26,2,26,1,3,3,3.6551
1050505,2,5,1,-1,1,-1,4,3.1626
155122132,3,21,2,11,1,3,4,2.4105
1381328031,3,28,3,-1,1,4,3,2.2131
159133024,3,30,2,24,1,3,4,2.9376
158133036,3,30,2,24,1,3,2,3.5327
163053238,3,32,2,32,1,3,4,2.8501
146215002,3,50,4,6,1,3,3,2.2902
159143137,3,31,2,24,1,4,4,3.6689
1400738034,3,38,3,-1,1,4,4,2.8314
158072832,3,28,2,22,1,3,2,2.5055
148144807,3,48,4,2,1,4,2,3.4149
150044325,3,43,4,1,1,3,4,2.1751
154181939,3,19,2,16,1,3,2,2.4579
1400637037,3,37,3,-1,1,3,4,4.3689
1401328015,3,28,3,-1,1,4,4,2.8189
158052336,3,23,2,22,1,1,2,4.925
148304916,3,49,4,0,1,5,2,1.7437
159122535,3,25,2,24,1,4,4,3.4314
157182637,3,26,2,26,1,3,3,3.2493
148244439,3,44,4,0,1,5,2,1.7324
161033318,3,33,2,31,1,3,3,2.2946
155122105,3,21,2,11,1,3,4,3.8391
1030818,2,8,1,-1,1,-1,3,2.7889
159133002,3,30,2,24,1,3,4,3.0064
159122410,3,24,2,24,1,4,4,2.7001
157062334,3,23,2,22,1,2,3,3.73
148304932,3,49,4,0,1,5,2,1.5147
154141520,3,15,2,13,1,4,2,1.9907
155051440,3,14,2,11,1,1,4,2.5375
146304904,3,49,4,0,1,5,3,2.7165
159082805,3,28,2,22,1,4,4,2.9314
1420637035,3,37,3,-1,1,3,2,4.4126
162083325,3,33,2,34,1,4,2,2.383
146034334,3,43,4,1,1,1,3,1.6303
1420536019,3,36,3,-1,1,3,2,2.4761
1420737042,3,37,3,-1,1,4,2,3.814
150205013,3,50,4,6,1,3,4,2.4564
158143038,3,30,2,24,1,4,2,4.6665
1420738035,3,38,3,-1,1,4,2,2.8435
1030517,2,5,1,-1,1,-1,3,2.1177
150264707,3,47,4,0,1,5,4,1.3751
155151526,3,15,2,13,1,4,4,3.0069
1050517,2,5,1,-1,1,-1,4,3.3751
155142135,3,21,2,12,1,4,4,3.2722
157062203,3,22,2,22,1,2,3,4.3717
161033304,3,33,2,31,1,3,3,2.7708
146034308,3,43,4,1,1,1,3,1.0271
1030703,2,7,1,-1,1,-1,3,2.3853
146074541,3,45,4,1,1,2,3,1.619
157062335,3,23,2,22,1,2,3,3.3218
148074534,3,45,4,1,1,2,2,1.3174
162043214,3,32,2,32,1,1,2,2.7345
159082831,3,28,2,22,1,4,4,2.9376
150224307,3,43,4,0,1,5,4,2.8814
146144827,3,48,4,2,1,4,3,1.8525
162043204,3,32,2,32,1,1,2,3.7164
1400638012,3,38,3,-1,1,3,4,3.2626
153171718,3,17,2,16,1,4,3,2.7912
153131623,3,16,2,13,1,4,3,2.3468
146164935,3,49,4,3,1,4,3,1.9568
157112419,3,24,2,24,1,4,3,3.6642
153161918,3,19,2,16,1,3,3,4.4601
159072815,3,28,2,22,1,3,4,2.1876
157133010,3,30,2,24,1,4,3,2.4919
1400738025,3,38,3,-1,1,4,4,3.0439
154132028,3,20,2,12,1,4,2,3.5236
150205030,3,50,4,6,1,3,4,2.6501
146274716,3,47,4,0,1,5,3,2.3763
157072938,3,29,2,22,1,3,3,4.0338
1180063,3,2,1,1,1,3,2,3.1904
159082808,3,28,2,22,1,4,4,3.5314
150254605,3,46,4,0,1,5,4,2.4564
148295017,3,50,4,0,1,5,2,1.1519
146074507,3,45,4,1,1,2,3,2.6915
155051332,3,13,2,11,1,1,4,2.932
148264632,3,46,4,0,1,5,2,1.1292
1400638031,3,38,3,-1,1,3,4,2.7564
148264625,3,46,4,0,1,5,2,2.56
158143124,3,31,2,24,1,4,2,2.0678
162043220,3,32,2,32,1,1,2,2.2515
155191926,3,19,2,16,1,4,4,2.5216
1421228031,3,28,3,-1,1,3,2,2.4897
154112102,3,21,2,11,1,3,2,3.9726
1180027,3,2,1,1,1,1,2,2.5827
1400737031,3,37,3,-1,1,4,4,4.0064
1400536010,3,36,3,-1,1,3,4,3.4314
154181938,3,19,2,16,1,3,2,2.6075
157112527,3,25,2,24,1,4,3,3.0565
148034315,3,43,4,1,1,1,2,2.3038
153171936,3,19,2,16,1,4,3,2.1608
155051329,3,13,2,11,1,1,4,2.6781
159192622,3,26,2,26,1,3,4,2.8314
148264622,3,46,4,0,1,5,2,0.9523
150144920,3,49,4,3,1,3,4,1.6814
150264709,3,47,4,0,1,5,4,1.6064
148321133,3,11,4,0,1,5,2,3.3809
158133030,3,30,2,24,1,3,2,3.0883
1050617,2,6,1,-1,1,-1,4,3.5001
148154933,3,49,4,3,1,3,2,1.9115
1180093,3,5,1,1,1,2,2,3.6711
157133032,3,30,2,24,1,4,3,3.1087
158133007,3,30,2,24,1,3,2,4.3468
157072831,3,28,2,22,1,3,3,2.5463
150234446,3,44,4,0,1,5,4,1.5814
1380637031,3,37,3,-1,1,3,3,3.9773
153161903,3,19,2,16,1,3,3,2.4579
157182709,3,27,2,26,1,3,3,2.8161
153171934,3,19,2,16,1,4,3,2.1971
1380737027,3,37,3,-1,1,4,3,3.4036
146284835,3,48,4,0,1,5,3,2.077
146234330,3,43,4,0,1,5,3,1.7573
1050109,2,1,1,-1,1,-1,4,2.5626
146304948,3,49,4,0,1,5,3,2.009
146034342,3,43,4,1,1,1,3,1.6076
150310114,3,1,4,0,1,5,4,1.4064
158052204,3,22,2,22,1,1,2,3.281
157123120,3,31,2,24,1,3,3,2.8751
1421228017,3,28,3,-1,1,3,2,2.5305
158122517,3,25,2,24,1,4,2,3.6415
150134828,3,48,4,2,1,4,4,2.2189
153112002,3,20,2,11,1,3,3,3.4737
148084511,3,45,4,1,1,4,2,1.6598
150205011,3,50,4,6,1,3,4,1.1626
148144847,3,48,4,2,1,4,2,2.3469
1170333,3,4,1,2,1,3,4,3.5738
155142105,3,21,2,12,1,4,4,3.8391
1170326,3,3,1,2,1,3,4,2.9547
157072812,3,28,2,22,1,3,3,0.866
153112017,3,20,2,11,1,3,3,2.247
146295043,3,50,4,0,1,5,3,2.6394
157123110,3,31,2,24,1,3,3,1.764
161083327,3,33,2,34,1,4,3,3.0792
157112516,3,25,2,24,1,4,3,4.2923
146034305,3,43,4,1,1,1,3,2.526
1170027,3,2,1,1,1,1,4,2.5828
153122108,3,21,2,12,1,4,3,3.3536
150044304,3,43,4,1,1,3,4,2.6876
1060322,2,3,1,-1,1,-1,2,1.9977
1060406,2,4,1,-1,1,-1,2,2.1519
1400637022,3,37,3,-1,1,3,4,4.2814
150124821,3,48,4,2,1,3,4,1.7189
1180118,3,5,1,1,1,4,2,4.4648
1381229031,3,29,3,-1,1,3,3,4.5464
159062320,3,23,2,22,1,2,4,3.2064
1170017,3,1,1,1,1,1,4,2.6577
153122006,3,20,2,12,1,4,3,3.7776
154112121,3,21,2,11,1,3,2,3.222
148144822,3,48,4,2,1,4,2,1.365
154132038,3,20,2,12,1,4,2,2.179
155122137,3,21,2,11,1,3,4,2.347
146164947,3,49,4,3,1,4,3,2.4602
148154932,3,49,4,3,1,3,2,1.6689
150034321,3,43,4,1,1,1,4,1.1439
154132012,3,20,2,12,1,4,2,2.3082
1180308,3,3,1,2,1,3,2,2.7188
161043215,3,32,2,32,1,1,3,2.739
1401229017,3,29,3,-1,1,3,4,3.3064
154132127,3,21,2,12,1,4,2,2.4375
1401229009,3,29,3,-1,1,3,4,2.0001
1420536008,3,36,3,-1,1,3,2,4.8911
157072905,3,29,2,22,1,3,3,3.5168
148154908,3,49,4,3,1,3,2,1.365
146304902,3,49,4,0,1,5,3,2.1451
1380638024,3,38,3,-1,1,3,3,2.6417
1050503,2,5,1,-1,1,-1,4,3.3501
150224317,3,43,4,0,1,5,4,1.7876
159062235,3,22,2,22,1,2,4,2.8001
150154920,3,49,4,3,1,4,4,1.3501
158072802,3,28,2,22,1,3,2,3.4624
1170047,3,1,1,1,1,3,4,2.7257
1401328014,3,28,3,-1,1,4,4,2.5564
154051309,3,13,2,11,1,1,2,3.4465
150044344,3,43,4,1,1,3,4,1.7876
146164931,3,49,4,3,1,4,3,1.7074
150284846,3,48,4,0,1,5,4,2.4689
150284833,3,48,4,0,1,5,4,2.1939
155151529,3,15,2,13,1,4,4,2.1951
148284853,3,48,4,0,1,5,2,1.2902
150034329,3,43,4,1,1,1,4,1.1939
1030821,2,8,1,-1,1,-1,3,2.4443
150295042,3,50,4,0,1,5,4,3.0314
150224330,3,43,4,0,1,5,4,1.3689
157062221,3,22,2,22,1,2,3,4.2379
148144815,3,48,4,2,1,4,2,2.2085
146304944,3,49,4,0,1,5,3,3.3061
146134828,3,48,4,2,1,3,3,1.7188
153171907,3,19,2,16,1,4,3,5.2538
159052220,3,22,2,22,1,1,4,5.0126
1030612,2,6,1,-1,1,-1,3,1.1381
157123111,3,31,2,24,1,3,3,3.9205
161053236,3,32,2,32,1,3,3,2.2583
157052322,3,23,2,22,1,1,3,3.7821
155191712,3,17,2,16,1,4,4,2.9094
150044306,3,43,4,1,1,3,4,2.6189
1401329025,3,29,3,-1,1,4,4,2.6251
1400941026,3,41,3,-1,1,1,4,1.8189
158143020,3,30,2,24,1,4,2,3.3808
1030321,2,3,1,-1,1,-1,3,3.0452
159082827,3,28,2,22,1,4,4,2.1751
1421329013,3,29,3,-1,1,4,2,2.7709
148144802,3,48,4,2,1,4,2,2.3423
155181730,3,17,2,16,1,3,4,3.9683
159072930,3,29,2,22,1,3,4,2.4251
146304920,3,49,4,0,1,5,3,1.5351
1060118,2,1,1,-1,1,-1,2,1.9954
155051316,3,13,2,11,1,1,4,3.6668
159192719,3,27,2,26,1,3,4,3.7064
1170065,3,2,1,1,1,3,4,2.5828
1380737008,3,37,3,-1,1,4,3,4.6167
1170025,3,2,1,1,1,1,4,3.3153
148215042,3,50,4,6,1,3,2,2.1723
159192707,3,27,2,26,1,3,4,2.4626
1421329025,3,29,3,-1,1,4,2,2.5464
150234414,3,44,4,0,1,5,4,1.8064
1030219,2,2,1,-1,1,-1,3,0.9159
157052235,3,22,2,22,1,1,3,3.6143
153051415,3,14,2,11,1,1,3,2.4579
1030317,2,3,1,-1,1,-1,3,2.6007
1380638001,3,38,3,-1,1,3,3,2.5872
1401329039,3,29,3,-1,1,4,4,3.5939
1050420,2,4,1,-1,1,-1,4,4.0501
1160795,3,4,1,2,1,3,3,4.4558
148044338,3,43,4,1,1,3,2,1.3401
158143022,3,30,2,24,1,4,2,3.1654
148321131,3,11,4,0,1,5,2,1.272
153131519,3,15,2,13,1,4,3,2.2946
148164915,3,49,4,3,1,4,2,2.0226
155191713,3,17,2,16,1,4,4,3.6531
158072901,3,29,2,22,1,3,2,5.7489
1180309,3,3,1,2,1,3,2,3.2675
153122103,3,21,2,12,1,4,3,2.3717
1170016,3,1,1,1,1,1,4,2.4399
150034304,3,43,4,1,1,1,4,2.6939
1421228023,3,28,3,-1,1,3,2,2.1813
163043210,3,32,2,32,1,1,4,2.5189
157133037,3,30,2,24,1,4,3,4.4873
158062315,3,23,2,22,1,2,2,3.535
1180115,3,5,1,1,1,4,2,2.8435
157133036,3,30,2,24,1,4,3,3.7912
154141632,3,16,2,13,1,4,2,2.5418
1420535018,3,35,3,-1,1,3,2,7.1315
153161702,3,17,2,16,1,3,3,3.4329
153051325,3,13,2,11,1,1,3,3.3966
158052208,3,22,2,22,1,1,2,2.6415
159062316,3,23,2,22,1,2,4,3.5814
157182724,3,27,2,26,1,3,3,2.6551
1400738040,3,38,3,-1,1,4,4,2.4064
1421329038,3,29,3,-1,1,4,2,5.0793
150074528,3,45,4,1,1,4,4,0.9939
155081614,3,16,2,11,1,3,4,2.8209
159133030,3,30,2,24,1,3,4,3.2189
158192705,3,27,2,26,1,3,2,2.9023
1050409,2,4,1,-1,1,-1,4,3.6876
1050820,2,8,1,-1,1,-1,4,2.1939
148264607,3,46,4,0,1,5,2,2.4716
1030420,2,4,1,-1,1,-1,3,3.1608
150224313,3,43,4,0,1,5,4,1.3001
150074517,3,45,4,1,1,4,4,2.1189
157123039,3,30,2,24,1,3,3,4.6665
148304913,3,49,4,0,1,5,2,1.2516
150074504,3,45,4,1,1,4,4,2.5689
1401329005,3,29,3,-1,1,4,4,3.2439
159143032,3,30,2,24,1,4,4,3.1501
155122133,3,21,2,11,1,3,4,2.6259
154171921,3,19,2,16,1,4,2,2.2651
150224316,3,43,4,0,1,5,4,2.2189
153131522,3,15,2,13,1,4,3,1.925
146264645,3,46,4,0,1,5,3,0.653
155081601,3,16,2,11,1,3,4,3.5778
1400942011,3,42,3,-1,1,1,4,4.6439
146134806,3,48,4,2,1,3,3,1.8593
148084532,3,45,4,1,1,4,2,1.4648
155142037,3,20,2,12,1,4,4,2.3493
158143114,3,31,2,24,1,4,2,4.1676
1400536024,3,36,3,-1,1,3,4,3.3001
153161738,3,17,2,16,1,3,3,3.0973
153122012,3,20,2,12,1,4,3,2.3082
1421329011,3,29,3,-1,1,4,2,2.5124
157062328,3,23,2,22,1,2,3,2.9794
146134848,3,48,4,2,1,3,3,2.585
1400637008,3,37,3,-1,1,3,4,4.7876
146304916,3,49,4,0,1,5,3,1.7414
153161925,3,19,2,16,1,3,3,2.7141
148034329,3,43,4,1,1,1,2,1.5986
154132026,3,20,2,12,1,4,2,3.0973
146074531,3,45,4,1,1,2,3,2.2993
158192625,3,26,2,26,1,3,2,3.739
157182616,3,26,2,26,1,3,3,4.0973
148310138,3,1,4,0,1,5,2,1.4217
159052312,3,23,2,22,1,1,4,2.7001
154051422,3,14,2,11,1,1,2,2.6937
1180023,3,2,1,1,1,1,2,3.5373
153051423,3,14,2,11,1,1,3,3.5667
157052315,3,23,2,22,1,1,3,3.5395
155181727,3,17,2,16,1,3,4,4.415
146144820,3,48,4,2,1,4,3,1.6643
158052217,3,22,2,22,1,1,2,3.0701
1421328005,3,28,3,-1,1,4,2,2.272
1400942025,3,42,3,-1,1,1,4,4.8126
155181736,3,17,2,16,1,3,4,2.8051
153161913,3,19,2,16,1,3,3,2.8796
148234348,3,43,4,0,1,5,2,1.5351
162043205,3,32,2,32,1,1,2,2.9409
146144842,3,48,4,2,1,4,3,2.7777
153171910,3,19,2,16,1,4,3,2.6211
146154925,3,49,4,3,1,3,3,2.3265
1380941034,3,41,3,-1,1,1,3,3.6643
146084523,3,45,4,1,1,4,3,1.4285
146164942,3,49,4,3,1,4,3,3.3083
154132025,3,20,2,12,1,4,2,2.5644
1380942024,3,42,3,-1,1,1,3,3.1315
150034317,3,43,4,1,1,1,4,2.2126
1170023,3,2,1,1,1,1,4,3.5374
159062327,3,23,2,22,1,2,4,2.9689
150064533,3,45,4,1,1,2,4,1.5501
150310107,3,1,4,0,1,5,4,3.6689
1170038,3,2,1,1,1,1,4,2.0681
158082910,3,29,2,22,1,4,2,3.188
159082933,3,29,2,22,1,4,4,4.6751
154181729,3,17,2,16,1,3,2,3.0542
158122506,3,25,2,24,1,4,2,3.1291
1381328024,3,28,3,-1,1,4,3,2.7754
159072931,3,29,2,22,1,3,4,3.3876
146244427,3,44,4,0,1,5,3,1.8752
158122538,3,25,2,24,1,4,2,3.3966
153122122,3,21,2,12,1,4,3,3.8161
148084548,3,45,4,1,1,4,2,1.6212
1030105,2,1,1,-1,1,-1,3,2.6234
154171914,3,19,2,16,1,4,2,3.3332
155122013,3,20,2,11,1,3,4,2.8572
1380942016,3,42,3,-1,1,1,3,5.8004
154141528,3,15,2,13,1,4,2,1.9227
157133023,3,30,2,24,1,4,3,3.4171
1030318,2,3,1,-1,1,-1,3,2.1449
1180369,3,4,1,2,1,4,2,3.2562
158062317,3,23,2,22,1,2,2,5.925
148034342,3,43,4,1,1,1,2,1.6031
1170360,3,3,1,2,1,4,4,2.4944
1060618,2,6,1,-1,1,-1,2,3.5305
150124825,3,48,4,2,1,3,4,2.0751
1060220,2,2,1,-1,1,-1,2,7.0997
157072836,3,28,2,22,1,3,3,3.3717
159072813,3,28,2,22,1,3,4,0.8251
146144811,3,48,4,2,1,4,3,1.8299
146244410,3,44,4,0,1,5,3,1.6235
1160480,3,2,1,1,1,1,3,3.4195
1030314,2,3,1,-1,1,-1,3,2.5282
157112418,3,24,2,24,1,4,3,4.2606
158082830,3,28,2,22,1,4,2,2.3762
1400941036,3,41,3,-1,1,1,4,3.6689
157133113,3,31,2,24,1,4,3,3.8706
1421228019,3,28,3,-1,1,3,2,3.6711
153112132,3,21,2,11,1,3,3,2.3286
150044340,3,43,4,1,1,3,4,1.5376
1170124,3,5,1,1,1,4,4,3.118
1381329016,3,29,3,-1,1,4,3,3.3015
1420737016,3,37,3,-1,1,4,2,4.1655
146264626,3,46,4,0,1,5,3,2.4081
1400737032,3,37,3,-1,1,4,4,4.2001
161083330,3,33,2,34,1,4,3,3.4216
155051307,3,13,2,11,1,1,4,3.0296
146074546,3,45,4,1,1,2,3,1.8503
159052316,3,23,2,22,1,1,4,3.5876
157082836,3,28,2,22,1,4,3,3.4284
148234308,3,43,4,0,1,5,2,1.0203
154051431,3,14,2,11,1,1,2,2.349
161083322,3,33,2,34,1,4,3,2.5871
1400638028,3,38,3,-1,1,3,4,2.2064
154112115,3,21,2,11,1,3,2,3.1835
162033321,3,33,2,31,1,3,2,2.5554
154181931,3,19,2,16,1,3,2,2.0769
158192718,3,27,2,26,1,3,2,3.0089
163043209,3,32,2,32,1,1,4,3.4251
1401329037,3,29,3,-1,1,4,4,3.8939
155122114,3,21,2,11,1,3,4,3.4128
148284823,3,48,4,0,1,5,2,1.1133
157052331,3,23,2,22,1,1,3,3.5282
148144819,3,48,4,2,1,4,2,2.1133
157133028,3,30,2,24,1,4,3,3.0724
157052213,3,22,2,22,1,1,3,3.1676
154132134,3,21,2,12,1,4,2,2.1404
158192707,3,27,2,26,1,3,2,2.9318
154132138,3,21,2,12,1,4,2,2.8502
158082903,3,29,2,22,1,4,2,2.7073
1401229014,3,29,3,-1,1,3,4,2.7689
1160477,3,2,1,1,1,1,3,3.3152
154112002,3,20,2,11,1,3,2,3.4737
1050303,2,3,1,-1,1,-1,4,3.0251
158052323,3,23,2,22,1,1,2,3.3014
1180048,3,1,1,1,1,3,2,2.3242
150064507,3,45,4,1,1,2,4,2.8689
1030225,2,2,1,-1,1,-1,3,2.2266
148295033,3,50,4,0,1,5,2,2.7097
158133116,3,31,2,24,1,3,2,3.7753
159082803,3,28,2,22,1,4,4,3.4751
1050506,2,5,1,-1,1,-1,4,4.2189
1050611,2,6,1,-1,1,-1,4,2.9814
150295039,3,50,4,0,1,5,4,2.0626
148284836,3,48,4,0,1,5,2,1.8775
150304935,3,49,4,0,1,5,4,1.9376
148074545,3,45,4,1,1,2,2,0.9568
1050720,2,7,1,-1,1,-1,4,3.4376
155181722,3,17,2,16,1,3,4,4.6939
146215003,3,50,4,6,1,3,3,3.0974
148304923,3,49,4,0,1,5,2,1.1927
154181718,3,17,2,16,1,3,2,2.7912
146264606,3,46,4,0,1,5,3,2.3627
150254602,3,46,4,0,1,5,4,2.2251
158192613,3,26,2,26,1,3,2,3.154
1380738037,3,38,3,-1,1,4,3,2.9818
150254621,3,46,4,0,1,5,4,0.8314
146264619,3,46,4,0,1,5,3,1.2516
155191705,3,17,2,16,1,4,4,3.3697
1420737011,3,37,3,-1,1,4,2,4.6144
1421229033,3,29,3,-1,1,3,2,2.9138
153051430,3,14,2,11,1,1,3,3.1835
158192732,3,27,2,26,1,3,2,2.5644
148321132,3,11,4,0,1,5,2,2.4897
153122128,3,21,2,12,1,4,3,2.7617
154141533,3,15,2,13,1,4,2,2.7368
1030109,2,1,1,-1,1,-1,3,2.4624
157062331,3,23,2,22,1,2,3,3.5146
1380941013,3,41,3,-1,1,1,3,2.4716
159052329,3,23,2,22,1,1,4,3.0376
146264603,3,46,4,0,1,5,3,2.9614
1400737020,3,37,3,-1,1,4,4,5.6939
157052303,3,23,2,22,1,1,3,3.2719
157062202,3,22,2,22,1,2,3,3.0406
154071619,3,16,2,11,1,3,2,2.5395
154171734,3,17,2,16,1,4,2,2.4352
1400536025,3,36,3,-1,1,3,4,3.2814
1180130,3,5,1,1,1,4,2,4.3106
1400738020,3,38,3,-1,1,4,4,1.3251
146154903,3,49,4,3,1,3,3,2.5895
1401328032,3,28,3,-1,1,4,4,2.1126
146284834,3,48,4,0,1,5,3,1.365
148164926,3,49,4,3,1,4,2,1.5328
1380638023,3,38,3,-1,1,3,3,3.0362
155142029,3,20,2,12,1,4,4,4.5443
148074501,3,45,4,1,1,2,2,2.8956
157072813,3,28,2,22,1,3,3,3.281
157182708,3,27,2,26,1,3,3,2.8842
150284820,3,48,4,0,1,5,4,2.0314
153122129,3,21,2,12,1,4,3,2.0973
157112513,3,25,2,24,1,4,3,3.7685
1420637026,3,37,3,-1,1,3,2,4.9886
1170316,3,3,1,2,1,3,4,3.3665
1060410,2,4,1,-1,1,-1,2,3.7074
148244409,3,44,4,0,1,5,2,1.4716
154112037,3,20,2,11,1,3,2,2.2674
154181702,3,17,2,16,1,3,2,3.4329
155151533,3,15,2,13,1,4,4,2.8186
162053219,3,32,2,32,1,3,2,2.637
1170346,3,4,1,2,1,3,4,6.8708
154112025,3,20,2,11,1,3,2,2.5644
158082902,3,29,2,22,1,4,2,3.1858
159052325,3,23,2,22,1,1,4,2.2189
1170368,3,4,1,2,1,4,4,3.5693
1170072,3,2,1,1,1,3,4,2.5556
1380738002,3,38,3,-1,1,4,3,3.3355
1401329019,3,29,3,-1,1,4,4,3.0064
1401329013,3,29,3,-1,1,4,4,2.7689
1380941028,3,41,3,-1,1,1,3,2.0339
159052229,3,22,2,22,1,1,4,3.0376
146044338,3,43,4,1,1,3,3,1.585
153112139,3,21,2,11,1,3,3,3.4171
158072928,3,29,2,22,1,3,2,6.0701
1030421,2,4,1,-1,1,-1,3,3.5486
159133028,3,30,2,24,1,3,4,3.3251
1380942026,3,42,3,-1,1,1,3,4.2244
155151606,3,16,2,13,1,4,4,2.7983
163083308,3,33,2,34,1,4,4,2.6314
146304918,3,49,4,0,1,5,3,1.882
159122432,3,24,2,24,1,4,4,3.6876
153071522,3,15,2,11,1,3,3,1.925
150304918,3,49,4,0,1,5,4,1.8939
150154914,3,49,4,3,1,4,4,1.7376
155142101,3,21,2,12,1,4,4,4.3692
155122115,3,21,2,11,1,3,4,3.2654
1421328017,3,28,3,-1,1,4,2,2.7505
1380737015,3,37,3,-1,1,4,3,3.17
1400637016,3,37,3,-1,1,3,4,3.7564
148084518,3,45,4,1,1,4,2,1.3219
155151511,3,15,2,13,1,4,4,2.254
159192710,3,27,2,26,1,3,4,2.7439
153122119,3,21,2,12,1,4,3,7.1654
1170063,3,2,1,1,1,3,4,3.3153
146154931,3,49,4,3,1,3,3,1.4807
158143120,3,31,2,24,1,4,2,4.0157
1050218,2,2,1,-1,1,-1,4,3.3876
153131629,3,16,2,13,1,4,3,2.9545
1400941023,3,41,3,-1,1,1,4,3.3251
158072840,3,28,2,22,1,3,2,2.9613
1170363,3,3,1,2,1,4,4,2.3243
163083326,3,33,2,34,1,4,4,2.3564
148244440,3,44,4,0,1,5,2,1.7618
154071606,3,16,2,11,1,3,2,2.7164
150124824,3,48,4,2,1,3,4,1.1064
153071603,3,16,2,11,1,3,3,2.3263
1060511,2,5,1,-1,1,-1,2,1.5532
157052313,3,23,2,22,1,1,3,2.9567
1400941020,3,41,3,-1,1,1,4,4.5126
153161715,3,17,2,16,1,3,3,3.6801
154071515,3,15,2,11,1,3,2,2.3173
1400738019,3,38,3,-1,1,4,4,3.0001
157123124,3,31,2,24,1,3,3,0.7322
158192708,3,27,2,26,1,3,2,2.8842
153171922,3,19,2,16,1,4,3,2.7753
159082823,3,28,2,22,1,4,4,2.8189
1421329012,3,29,3,-1,1,4,2,2.6417
146154927,3,49,4,3,1,3,3,1.4829
150295028,3,50,4,0,1,5,4,2.5564
148274747,3,47,4,0,1,5,2,1.6983
1170019,3,1,1,1,1,1,4,3.0137
154071522,3,15,2,11,1,3,2,1.925
153051408,3,14,2,11,1,1,3,2.9023
1420942002,3,42,3,-1,1,1,2,3.3695
148084527,3,45,4,1,1,4,2,1.4172
157062224,3,22,2,22,1,2,3,3.7935
159133006,3,30,2,24,1,3,4,3.4939
158072829,3,28,2,22,1,3,2,1.7799
159052230,3,22,2,22,1,1,4,4.3689
146310135,3,1,4,0,1,5,3,1.6507
1060615,2,6,1,-1,1,-1,2,2.3741
1060713,2,7,1,-1,1,-1,2,3.6462
150124828,3,48,4,2,1,3,4,1.7501
1180116,3,5,1,1,1,4,2,4.1677
148144828,3,48,4,2,1,4,2,2.1927
159192701,3,27,2,26,1,3,4,4.1579
1420737028,3,37,3,-1,1,4,2,4.9909
1160547,3,5,1,1,1,2,3,3.0885
1420737025,3,37,3,-1,1,4,2,3.2335
155142104,3,21,2,12,1,4,4,2.5828
153122004,3,20,2,12,1,4,3,3.0542
148084525,3,45,4,1,1,4,2,1.9047
1420942027,3,42,3,-1,1,1,2,3.8571
153122121,3,21,2,12,1,4,3,3.222
1380535017,3,35,3,-1,1,3,3,4.3627
1401229034,3,29,3,-1,1,3,4,4.5501
158072831,3,28,2,22,1,3,2,2.383
1381328034,3,28,3,-1,1,4,3,2.7913
148074519,3,45,4,1,1,2,2,1.594
146295022,3,50,4,0,1,5,3,1.3605
150044343,3,43,4,1,1,3,4,2.1751
155151539,3,15,2,13,1,4,4,2.6304
153161912,3,19,2,16,1,3,3,2.1676
148084509,3,45,4,1,1,4,2,1.4897
157082839,3,28,2,22,1,4,3,2.9658
150205004,3,50,4,6,1,3,4,1.8064
153071528,3,15,2,11,1,3,3,1.9227
159082931,3,29,2,22,1,4,4,2.6126
150284842,3,48,4,0,1,5,4,2.1001
148244401,3,44,4,0,1,5,2,2.746
159082839,3,28,2,22,1,4,4,3.2126
1400738011,3,38,3,-1,1,4,4,3.3876
1030417,2,4,1,-1,1,-1,3,2.9227
148134836,3,48,4,2,1,3,2,1.3559
1160566,3,5,1,1,1,4,3,6.9342
153131611,3,16,2,13,1,4,3,3.222
1060214,2,2,1,-1,1,-1,2,4.068
157123019,3,30,2,24,1,3,3,3.9885
159082832,3,28,2,22,1,4,4,2.3626
148215002,3,50,4,6,1,3,2,2.3015
148084502,3,45,4,1,1,4,2,3.1201
1420737017,3,37,3,-1,1,4,2,3.3083
1400737036,3,37,3,-1,1,4,4,4.3689
154171933,3,19,2,16,1,4,2,3.4669
146154923,3,49,4,3,1,3,3,1.0612
150284819,3,48,4,0,1,5,4,1.0689
146044312,3,43,4,1,1,3,3,1.3832
153161926,3,19,2,16,1,3,3,2.4397
150144933,3,49,4,3,1,3,4,1.8689
1160807,3,3,1,2,1,4,3,2.8322
153112133,3,21,2,11,1,3,3,2.544
1380536016,3,36,3,-1,1,3,3,3.1428
148310109,3,1,4,0,1,5,2,1.2902
1050814,2,8,1,-1,1,-1,4,2.8251
153071524,3,15,2,11,1,3,3,2.4669
148304919,3,49,4,0,1,5,2,1.102
1180307,3,3,1,2,1,3,2,2.7256
154181935,3,19,2,16,1,3,2,2.5191
154051406,3,14,2,11,1,1,2,3.2402
148304905,3,49,4,0,1,5,2,2.5237
1380942010,3,42,3,-1,1,1,3,2.7528
157072801,3,28,2,22,1,3,3,3.3808
155151620,3,16,2,13,1,4,4,4.3175
163043223,3,32,2,32,1,1,4,3.7376
1400638038,3,38,3,-1,1,3,4,2.4001
150074546,3,45,4,1,1,4,4,0.9564
154051338,3,13,2,11,1,1,2,3.5667
1400535030,3,35,3,-1,1,3,4,3.4001
1420535013,3,35,3,-1,1,3,2,4.1178
1030810,2,8,1,-1,1,-1,3,3.5123
148244424,3,44,4,0,1,5,2,2.5918
148074525,3,45,4,1,1,2,2,1.5963
1030115,2,1,1,-1,1,-1,3,3.1835
1380638013,3,38,3,-1,1,3,3,3.17
1170010,3,1,1,1,1,1,4,2.3243
146274717,3,47,4,0,1,5,3,1.2017
1050813,2,8,1,-1,1,-1,4,3.4626
159072810,3,28,2,22,1,3,4,2.4876
146264633,3,46,4,0,1,5,3,1.1451
150144911,3,49,4,3,1,3,4,1.5751
150154927,3,49,4,3,1,4,4,1.4939
146134835,3,48,4,2,1,3,3,2.2108
162083305,3,33,2,34,1,4,2,2.5917
150154909,3,49,4,3,1,4,4,1.9251
1050120,2,1,1,-1,1,-1,4,2.6564
148244402,3,44,4,0,1,5,2,2.9002
158052339,3,23,2,22,1,1,2,4.0905
1421228015,3,28,3,-1,1,3,2,2.4693
1180011,3,1,1,1,1,1,2,2.7641
158082831,3,28,2,22,1,4,2,2.5599
157052310,3,23,2,22,1,1,3,3.9318
155142028,3,20,2,12,1,4,4,3.6055
161043227,3,32,2,32,1,1,3,2.5078
159052203,3,22,2,22,1,1,4,4.3439
157062213,3,22,2,22,1,2,3,2.8819
150134813,3,48,4,2,1,4,4,1.4689
158192722,3,27,2,26,1,3,2,3.0928
1380638006,3,38,3,-1,1,3,3,2.6825
146264639,3,46,4,0,1,5,3,1.4058
159072811,3,28,2,22,1,3,4,2.4939
1420737024,3,37,3,-1,1,4,2,3.2924
146244425,3,44,4,0,1,5,3,1.7528
162043237,3,32,2,32,1,1,2,3.1291
154141624,3,16,2,13,1,4,2,2.4647
1421329040,3,29,3,-1,1,4,2,2.297
155122123,3,21,2,11,1,3,4,3.2019
1420737005,3,37,3,-1,1,4,2,0.6394
153122127,3,21,2,12,1,4,3,2.4375
146034341,3,43,4,1,1,1,3,1.4081
148215016,3,50,4,6,1,3,2,2.7482
1420536006,3,36,3,-1,1,3,2,3.7754
1400638017,3,38,3,-1,1,3,4,3.5876
1030302,2,3,1,-1,1,-1,3,4.5894
148264616,3,46,4,0,1,5,2,2.0498
162083320,3,33,2,34,1,4,2,2.7345
155181906,3,19,2,16,1,3,4,3.9683
146164928,3,49,4,3,1,4,3,1.9387
1400638016,3,38,3,-1,1,3,4,2.5314
162053214,3,32,2,32,1,3,2,7.1744
1400941015,3,41,3,-1,1,1,4,3.1939
148215014,3,50,4,6,1,3,2,1.2199
1180080,3,5,1,1,1,2,2,2.8412
1400536034,3,36,3,-1,1,3,4,3.5689
154051403,3,14,2,11,1,1,2,3.8184
1420737033,3,37,3,-1,1,4,2,3.5056
158052319,3,23,2,22,1,1,2,4.7232
153131631,3,16,2,13,1,4,3,2.5463
1170064,3,2,1,1,1,3,4,3.2404
1170352,3,3,1,2,1,4,4,3.3665
146134817,3,48,4,2,1,3,3,1.8321
158062310,3,23,2,22,1,2,2,3.9023
154171930,3,19,2,16,1,4,2,1.9409
1401229018,3,29,3,-1,1,3,4,2.4251
158122412,3,24,2,24,1,4,2,3.8139
157082831,3,28,2,22,1,4,3,2.3422
1381228026,3,28,3,-1,1,3,3,2.0249
148154947,3,49,4,3,1,3,2,2.0022
154051325,3,13,2,11,1,1,2,3.3966
155051441,3,14,2,11,1,1,4,4.6735
153131630,3,16,2,13,1,4,3,2.5146
150064523,3,45,4,1,1,2,4,1.2501
146144836,3,48,4,2,1,4,3,1.8707
153122118,3,21,2,12,1,4,3,2.544
146154913,3,49,4,3,1,3,3,1.2766
154132123,3,21,2,12,1,4,2,3.12
146234344,3,43,4,0,1,5,3,1.789
155081533,3,15,2,11,1,3,4,2.8186
148244406,3,44,4,0,1,5,2,2.619
153071532,3,15,2,11,1,3,3,2.4783
159122421,3,24,2,24,1,4,4,3.2814
1160814,3,3,1,2,1,4,3,2.9547
158122422,3,24,2,24,1,4,2,2.4556
150321111,3,11,4,0,1,5,4,2.2626
148154912,3,49,4,3,1,3,2,1.2312
150304928,3,49,4,0,1,5,4,1.5439
157082918,3,29,2,22,1,4,3,2.5803
1160802,3,3,1,2,1,4,3,3.2427
1400638011,3,38,3,-1,1,3,4,2.9376
148284811,3,48,4,0,1,5,2,1.8321
148134809,3,48,4,2,1,3,2,3.4149
148034332,3,43,4,1,1,1,2,1.3627
157062216,3,22,2,22,1,2,3,3.5599
1030508,2,5,1,-1,1,-1,3,4.6393
148234332,3,43,4,0,1,5,2,1.3605
1170085,3,5,1,1,1,2,4,3.0749
159072919,3,29,2,22,1,3,4,2.6814
158082809,3,28,2,22,1,4,2,3.0202
158192616,3,26,2,26,1,3,2,4.9182
150064528,3,45,4,1,1,2,4,2.2939
146264646,3,46,4,0,1,5,3,1.1541
148154901,3,49,4,3,1,3,2,2.1201
153161727,3,17,2,16,1,3,3,4.3332
154132130,3,21,2,12,1,4,2,3.222
1170059,3,2,1,1,1,3,4,2.9933
162083327,3,33,2,34,1,4,2,3.0701
154112129,3,21,2,11,1,3,2,2.0973
146154914,3,49,4,3,1,3,3,1.1995
148134845,3,48,4,2,1,3,2,2.4444
146215048,3,50,4,6,1,3,3,1.8276
148034341,3,43,4,1,1,1,2,1.4285
1400536035,3,36,3,-1,1,3,4,2.8939
1380942012,3,42,3,-1,1,1,3,3.6485
146134823,3,48,4,2,1,3,3,1.2448
1160785,3,4,1,2,1,3,3,3.5737
155191939,3,19,2,16,1,4,4,2.5398
148304929,3,49,4,0,1,5,2,1.4897
157062210,3,22,2,22,1,2,3,2.6665
158052333,3,23,2,22,1,1,2,3.9409
153112120,3,21,2,11,1,3,3,3.3536
154132135,3,21,2,12,1,4,2,3.1903
1030220,2,2,1,-1,1,-1,3,1.2742
150134840,3,48,4,2,1,4,4,1.7001
158062306,3,23,2,22,1,2,2,4.6869
154051441,3,14,2,11,1,1,2,4.5917
163033316,3,33,2,31,1,3,4,3.2814
155142102,3,21,2,12,1,4,4,4.0545
1160467,3,1,1,1,1,1,3,2.6191
154112120,3,21,2,11,1,3,2,3.3536
154181728,3,17,2,16,1,3,2,2.8003
148074513,3,45,4,1,1,2,2,1.3968
1380738016,3,38,3,-1,1,4,3,2.5192
157062326,3,23,2,22,1,2,3,3.2583
161043214,3,32,2,32,1,1,3,3.3649
157182729,3,27,2,26,1,3,3,2.6415
1380536009,3,36,3,-1,1,3,3,3.297
1160818,3,3,1,2,1,4,3,3.4626
1400536013,3,36,3,-1,1,3,4,3.8876
1050311,2,3,1,-1,1,-1,4,4.1939
146295017,3,50,4,0,1,5,3,2.9773
1050811,2,8,1,-1,1,-1,4,2.6564
1400638029,3,38,3,-1,1,3,4,2.6001
154171935,3,19,2,16,1,4,2,2.5191
1160507,3,1,1,1,1,3,3,2.6576
1401228031,3,28,3,-1,1,3,4,2.2126
1050806,2,8,1,-1,1,-1,4,3.6939
153112130,3,21,2,11,1,3,3,3.222
1160808,3,3,1,2,1,4,3,3.9773
150234401,3,44,4,0,1,5,4,2.8001
1400942044,3,42,3,-1,1,1,4,2.9189
157182626,3,26,2,26,1,3,3,3.7096
1400942019,3,42,3,-1,1,1,4,1.6689
157133110,3,31,2,24,1,4,3,3.7935
159122516,3,25,2,24,1,4,4,4.2751
157133034,3,30,2,24,1,4,3,1.0565
1030117,2,1,1,-1,1,-1,3,2.2334
161043229,3,32,2,32,1,1,3,3.2152
1380637005,3,37,3,-1,1,3,3,4.0498
1380738032,3,38,3,-1,1,4,3,2.8503
1050708,2,7,1,-1,1,-1,4,3.1814
1380738033,3,38,3,-1,1,4,3,2.4126
1401329008,3,29,3,-1,1,4,4,2.5626
1381228028,3,28,3,-1,1,3,3,2.1065
153122035,3,20,2,12,1,4,3,2.9046
1420638016,3,38,3,-1,1,3,2,2.5147
159122505,3,25,2,24,1,4,4,3.6064
1381228034,3,28,3,-1,1,3,3,2.7641
148164928,3,49,4,3,1,4,2,1.9364
1180318,3,3,1,2,1,3,2,2.4761
146144810,3,48,4,2,1,4,3,2.5623
155142024,3,20,2,12,1,4,4,2.347
1420535020,3,35,3,-1,1,3,2,7.4807
157062214,3,22,2,22,1,2,3,3.5531
1421328028,3,28,3,-1,1,4,2,1.8661
161043231,3,32,2,32,1,1,3,2.9114
150074529,3,45,4,1,1,4,4,2.3064
159122503,3,25,2,24,1,4,4,5.4564
157072926,3,29,2,22,1,3,3,2.6914
153071614,3,16,2,11,1,3,3,2.739
146234313,3,43,4,0,1,5,3,1.3129
150074523,3,45,4,1,1,4,4,1.4439
1421229029,3,29,3,-1,1,3,2,2.4081
1400941031,3,41,3,-1,1,1,4,2.1501
146134837,3,48,4,2,1,3,3,1.7981
1380638003,3,38,3,-1,1,3,3,3.6711
1050502,2,5,1,-1,1,-1,4,3.0689
146284827,3,48,4,0,1,5,3,1.7777
146084517,3,45,4,1,1,4,3,2.102
148284838,3,48,4,0,1,5,2,2.1949
1180331,3,4,1,2,1,3,2,2.7097
158192717,3,27,2,26,1,3,2,4.0089
159082913,3,29,2,22,1,4,4,2.8001
158082811,3,28,2,22,1,4,2,2.6461
148264608,3,46,4,0,1,5,2,1.6144
153161730,3,17,2,16,1,3,3,3.8864
148084543,3,45,4,1,1,4,2,2.3061
1160495,3,1,1,1,1,3,3,6.3651
1060319,2,3,1,-1,1,-1,2,2.6802
150044328,3,43,4,1,1,3,4,1.1939
159062341,3,23,2,22,1,2,4,3.3626
1060306,2,3,1,-1,1,-1,2,3.4081
150205017,3,50,4,6,1,3,4,2.7189
163043228,3,32,2,32,1,1,4,3.4501
153171918,3,19,2,16,1,4,3,4.4601
157062312,3,23,2,22,1,2,3,2.671
1420941021,3,41,3,-1,1,1,2,2.6235
1400638010,3,38,3,-1,1,3,4,3.3939
150264705,3,47,4,0,1,5,4,2.4876
1160800,3,3,1,2,1,4,3,2.7277
146304905,3,49,4,0,1,5,3,2.5441
1160517,3,2,1,1,1,3,3,2.5828
163033313,3,33,2,31,1,3,4,3.9439
1380536019,3,36,3,-1,1,3,3,2.4852
1400738029,3,38,3,-1,1,4,4,2.7939
157182705,3,27,2,26,1,3,3,2.9046
150034311,3,43,4,1,1,1,4,1.5939
155191706,3,17,2,16,1,4,4,6.6531
1420738022,3,38,3,-1,1,4,2,2.551
158133109,3,31,2,24,1,3,2,4.0542
1180334,3,4,1,2,1,3,2,3.2811
150295005,3,50,4,0,1,5,4,2.6001
1030707,2,7,1,-1,1,-1,3,1.6483
154181913,3,19,2,16,1,3,2,2.8796
155051435,3,14,2,11,1,1,4,2.6236
153122126,3,21,2,12,1,4,3,2.7889
150234409,3,44,4,0,1,5,4,1.5126
154071532,3,15,2,11,1,3,2,2.4783
1170324,3,3,1,2,1,3,4,2.4944
146164922,3,49,4,3,1,4,3,1.0634
1060812,2,8,1,-1,1,-1,2,1.56
150034326,3,43,4,1,1,1,4,2.1814
148044306,3,43,4,1,1,3,2,2.9002
1420536033,3,36,3,-1,1,3,2,3.3355
146084504,3,45,4,1,1,4,3,2.7505
1060417,2,4,1,-1,1,-1,2,3.9705
1050511,2,5,1,-1,1,-1,4,3.3064
1420942029,3,42,3,-1,1,1,2,5.746
1401229005,3,29,3,-1,1,3,4,3.2376
146164908,3,49,4,3,1,4,3,1.8049
146234303,3,43,4,0,1,5,3,3.0725
1400941021,3,41,3,-1,1,1,4,2.6376
1400737026,3,37,3,-1,1,4,4,3.6876
161083308,3,33,2,34,1,4,3,2.9318
158052315,3,23,2,22,1,1,2,2.6461
157123130,3,31,2,24,1,3,3,3.8592
1160824,3,4,1,2,1,4,3,2.7098
1381329012,3,29,3,-1,1,4,3,2.6417
158052206,3,22,2,22,1,1,2,4.5849
154132139,3,21,2,12,1,4,2,3.4171
1420737030,3,37,3,-1,1,4,2,2.9863
159052322,3,23,2,22,1,1,4,3.2814
1420738041,3,38,3,-1,1,4,2,2.4081
155122008,3,20,2,11,1,3,4,3.3924
155051433,3,14,2,11,1,1,4,3.1792
155181701,3,17,2,16,1,3,4,5.1293
1421228033,3,28,3,-1,1,3,2,2.4897
153112113,3,21,2,11,1,3,3,2.8411
1030310,2,3,1,-1,1,-1,3,2.578
1380637014,3,37,3,-1,1,3,3,3.3015
159062218,3,22,2,22,1,2,4,3.5126
1400942007,3,42,3,-1,1,1,4,2.0376
159082818,3,28,2,22,1,4,4,2.6251
146234308,3,43,4,0,1,5,3,1.0271
148134819,3,48,4,2,1,3,2,1.2335
1400738005,3,38,3,-1,1,4,4,0.9501
146134803,3,48,4,2,1,3,3,1.6553
150321103,3,11,4,0,1,5,4,1.5189
155122035,3,20,2,11,1,3,4,2.9864
1380738030,3,38,3,-1,1,4,3,2.7142
153051416,3,14,2,11,1,1,3,2.8411
157052309,3,23,2,22,1,1,3,3.6279
1050402,2,4,1,-1,1,-1,4,4.3064
148084531,3,45,4,1,1,4,2,1.5736
1420535014,3,35,3,-1,1,3,2,3.6462
157062324,3,23,2,22,1,2,3,5.0565
1421329036,3,29,3,-1,1,4,2,7.9319
146310118,3,1,4,0,1,5,3,1.2562
150154935,3,49,4,3,1,4,4,1.9564
157112405,3,24,2,24,1,4,3,4.018
1180074,3,2,1,1,1,3,2,2.5555
154071623,3,16,2,11,1,3,2,2.3468
1060402,2,4,1,-1,1,-1,2,4.1088
161043205,3,32,2,32,1,1,3,2.9477
153122137,3,21,2,12,1,4,3,2.2651
1170012,3,1,1,1,1,1,4,3.0523
158052309,3,23,2,22,1,1,2,3.6551
1421228034,3,28,3,-1,1,3,2,3.3469
154171720,3,17,2,16,1,4,2,2.9885
1380737006,3,37,3,-1,1,4,3,4.8185
154141523,3,15,2,13,1,4,2,2.4375
1050519,2,5,1,-1,1,-1,4,3.5001
155051401,3,14,2,11,1,1,4,4.6744
148034340,3,43,4,1,1,1,2,1.5237
154181906,3,19,2,16,1,3,2,3.8864
155051402,3,14,2,11,1,1,4,3.83
157133009,3,30,2,24,1,4,3,0.8366
1380638018,3,38,3,-1,1,3,3,2.9977
158062304,3,23,2,22,1,2,2,3.1767
159122526,3,25,2,24,1,4,4,2.9501
150234447,3,44,4,0,1,5,4,1.7876
1401329034,3,29,3,-1,1,4,4,3.4501
146264609,3,46,4,0,1,5,3,1.8321
153171901,3,19,2,16,1,4,3,3.8619
1380941003,3,41,3,-1,1,1,3,2.0657
148234321,3,43,4,0,1,5,2,1.0997
1380637019,3,37,3,-1,1,3,3,4.2403
1050115,2,1,1,-1,1,-1,4,2.4939
146284829,3,48,4,0,1,5,3,2.4602
150154908,3,49,4,3,1,4,4,1.8189
154141512,3,15,2,13,1,4,2,1.9341
1060612,2,6,1,-1,1,-1,2,1.9364
153071513,3,15,2,11,1,3,3,2.3966
155142132,3,21,2,12,1,4,4,2.4105
1401229030,3,29,3,-1,1,3,4,2.2876
157072903,3,29,2,22,1,3,3,2.8366
150284826,3,48,4,0,1,5,4,1.8126
155191709,3,17,2,16,1,4,4,3.5964
157052234,3,22,2,22,1,1,3,2.739
148295015,3,50,4,0,1,5,2,2.7596
158143003,3,30,2,24,1,4,2,4.6257
150224311,3,43,4,0,1,5,4,1.6064
161083312,3,33,2,34,1,4,3,3.4193
1170314,3,3,1,2,1,3,4,3.2427
154181710,3,17,2,16,1,3,2,3.3944
1400536004,3,36,3,-1,1,3,4,3.0439
146044341,3,43,4,1,1,3,3,1.4036
1381228016,3,28,3,-1,1,3,3,2.3378
150310104,3,1,4,0,1,5,4,1.2501
1380738015,3,38,3,-1,1,4,3,2.9909
155051426,3,14,2,11,1,1,4,2.7302
146234320,3,43,4,0,1,5,3,1.1428
1380638012,3,38,3,-1,1,3,3,3.2448
153071630,3,16,2,11,1,3,3,2.5146
155142015,3,20,2,12,1,4,4,3.1996
153051302,3,13,2,11,1,1,3,5.2719
155151504,3,15,2,13,1,4,4,3.9434
162053205,3,32,2,32,1,3,2,2.9454
150134802,3,48,4,2,1,4,4,2.3751
1401329017,3,29,3,-1,1,4,4,2.4314
150074501,3,45,4,1,1,4,4,3.0376
1381328019,3,28,3,-1,1,4,3,2.5124
146284812,3,48,4,0,1,5,3,1.5918
1401228012,3,28,3,-1,1,3,4,0.6751
1421329026,3,29,3,-1,1,4,2,2.7936
1060307,2,3,1,-1,1,-1,2,2.7913
157182631,3,26,2,26,1,3,3,3.9635
159052232,3,22,2,22,1,1,4,2.7501
163083314,3,33,2,34,1,4,4,1.9751
162083309,3,33,2,34,1,4,2,2.6279
153131502,3,15,2,13,1,4,3,3.3694
153161728,3,17,2,16,1,3,3,2.8003
1381228040,3,28,3,-1,1,3,3,2.8185
150074503,3,45,4,1,1,4,4,3.3001
161043208,3,32,2,32,1,1,3,3.2402
148304941,3,49,4,0,1,5,2,1.9568
154181709,3,17,2,16,1,3,2,3.5146
154071528,3,15,2,11,1,3,2,1.9227
155122104,3,21,2,11,1,3,4,2.5828
157182740,3,27,2,26,1,3,3,2.3445
159192604,3,26,2,26,1,3,4,2.7626
1060311,2,3,1,-1,1,-1,2,3.6212
158082823,3,28,2,22,1,4,2,2.7753
154171918,3,19,2,16,1,4,2,4.4601
159052235,3,22,2,22,1,1,4,2.7939
154112139,3,21,2,11,1,3,2,3.4171
155191927,3,19,2,16,1,4,4,1.8799
159072905,3,29,2,22,1,3,4,3.5189
1401228007,3,28,3,-1,1,3,4,3.4376
155142027,3,20,2,12,1,4,4,3.542
150205024,3,50,4,6,1,3,4,1.1064
1421328004,3,28,3,-1,1,4,2,2.7754
161043217,3,32,2,32,1,1,3,3.3309
148295010,3,50,4,0,1,5,2,1.7414
153112030,3,20,2,11,1,3,3,2.0951
148244442,3,44,4,0,1,5,2,2.4829
148234334,3,43,4,0,1,5,2,1.5986
1170372,3,4,1,2,1,4,4,2.7098
1420637032,3,37,3,-1,1,3,2,4.009
1421228001,3,28,3,-1,1,3,2,3.3695
158133110,3,31,2,24,1,3,2,4.7209
157133030,3,30,2,24,1,4,3,3.9227
146084542,3,45,4,1,1,4,3,2.009
148074514,3,45,4,1,1,2,2,1.3877
150254619,3,46,4,0,1,5,4,1.2626
1180352,3,3,1,2,1,4,2,2.4534
159192635,3,26,2,26,1,3,4,3.0751
146164902,3,49,4,3,1,4,3,2.721
146284805,3,48,4,0,1,5,3,2.5305
146134839,3,48,4,2,1,3,3,2.2811
150064514,3,45,4,1,1,2,4,1.3814
148215008,3,50,4,6,1,3,2,1.3015
1160570,3,5,1,1,1,4,3,2.5329
1381329014,3,29,3,-1,1,4,3,2.5782
148134832,3,48,4,2,1,3,2,1.78
1421329010,3,29,3,-1,1,4,2,4.2426
146074540,3,45,4,1,1,2,3,1.5101
158122413,3,24,2,24,1,4,2,3.1064
1380535008,3,35,3,-1,1,3,3,6.4013
146034301,3,43,4,1,1,1,3,1.8911
146264625,3,46,4,0,1,5,3,2.5419
146084540,3,45,4,1,1,4,3,1.6212
1401229025,3,29,3,-1,1,3,4,3.2689
1421329023,3,29,3,-1,1,4,2,2.5487
1050812,2,8,1,-1,1,-1,4,3.3251
158082907,3,29,2,22,1,4,2,2.7935
159143022,3,30,2,24,1,4,4,3.1189
1421228029,3,28,3,-1,1,3,2,1.8027
154112131,3,21,2,11,1,3,2,2.2243
1420942035,3,42,3,-1,1,1,2,6.3083
1381328009,3,28,3,-1,1,4,3,2.8593
148154911,3,49,4,3,1,3,2,1.56
159062334,3,23,2,22,1,2,4,3.7814
150124818,3,48,4,2,1,3,4,1.2189
153071611,3,16,2,11,1,3,3,3.222
155051317,3,13,2,11,1,1,4,3.6101
155051404,3,14,2,11,1,1,4,3.7801
154051337,3,13,2,11,1,1,2,3.6642
146244442,3,44,4,0,1,5,3,2.4671
1380536030,3,36,3,-1,1,3,3,3.1881
146295034,3,50,4,0,1,5,3,2.5578
1380738007,3,38,3,-1,1,4,3,3.4285
148234303,3,43,4,0,1,5,2,3.0612
150224319,3,43,4,0,1,5,4,1.0189
146154932,3,49,4,3,1,3,3,1.7142
1381329036,3,29,3,-1,1,4,3,7.9432
148154943,3,49,4,3,1,3,2,3.3287
146134802,3,48,4,2,1,3,3,2.1224
148234326,3,43,4,0,1,5,2,1.3333
1060301,2,3,1,-1,1,-1,2,2.6938
157182607,3,26,2,26,1,3,3,3.7549
158122503,3,25,2,24,1,4,2,5.4511
159062215,3,22,2,22,1,2,4,3.2189
148295002,3,50,4,0,1,5,2,3.1133
163083319,3,33,2,34,1,4,4,2.7814
154132102,3,21,2,12,1,4,2,3.9726
155122126,3,21,2,11,1,3,4,2.8708
159133009,3,30,2,24,1,3,4,3.6501
153161932,3,19,2,16,1,3,3,2.5395
155142012,3,20,2,12,1,4,4,2.3901
146044333,3,43,4,1,1,3,3,1.8729
157123026,3,30,2,24,1,3,3,3.5939
1030514,2,5,1,-1,1,-1,3,7.0542
1160806,3,3,1,2,1,4,3,2.5012
148295039,3,50,4,0,1,5,2,2.0339
146304929,3,49,4,0,1,5,3,1.4897
1401228002,3,28,3,-1,1,3,4,3.3189
158052215,3,22,2,22,1,1,2,3.222
155181703,3,17,2,16,1,3,4,3.1838
1420535026,3,35,3,-1,1,3,2,3.8639
154171738,3,17,2,16,1,4,2,3.0973
159052317,3,23,2,22,1,1,4,5.9376
1420738043,3,38,3,-1,1,4,2,2.2856
1420638024,3,38,3,-1,1,3,2,2.6303
1421328018,3,28,3,-1,1,4,2,2.5373
1400942036,3,42,3,-1,1,1,4,4.2376
146154904,3,49,4,3,1,3,3,2.6961
158072803,3,28,2,22,1,3,2,3.0338
154181928,3,19,2,16,1,3,2,2.3536
148234307,3,43,4,0,1,5,2,2.8956
162083336,3,33,2,34,1,4,2,3.7572
1401328010,3,28,3,-1,1,4,4,2.8564
153071526,3,15,2,11,1,3,3,2.925
146044340,3,43,4,1,1,3,3,1.551
1160528,3,2,1,1,1,3,3,2.068
154112022,3,20,2,11,1,3,2,2.7141
154141525,3,15,2,13,1,4,2,2.1359
1160532,3,5,1,1,1,2,3,4.1678
148264611,3,46,4,0,1,5,2,1.297
1050810,2,8,1,-1,1,-1,4,3.6126
159082809,3,28,2,22,1,4,4,2.5564
150304929,3,49,4,0,1,5,4,1.4876
150304923,3,49,4,0,1,5,4,1.1939
1420941032,3,41,3,-1,1,1,2,3.2584
157072936,3,29,2,22,1,3,3,2.9976
150064531,3,45,4,1,1,2,4,1.4626
154071631,3,16,2,11,1,3,2,2.5463
148284850,3,48,4,0,1,5,2,1.9614
150295006,3,50,4,0,1,5,4,3.0939
1060804,2,8,1,-1,1,-1,2,3.5011
1060508,2,5,1,-1,1,-1,2,2.9002
155142120,3,21,2,12,1,4,4,3.4354
150264721,3,47,4,0,1,5,4,1.6376
1170356,3,3,1,2,1,4,4,3.9774
146154906,3,49,4,3,1,3,3,2.7754
150234403,3,44,4,0,1,5,4,2.7689
150074537,3,45,4,1,1,4,4,1.4251
148044321,3,43,4,1,1,3,2,1.068
150144917,3,49,4,3,1,3,4,1.8939
159192740,3,27,2,26,1,3,4,2.3501
148084524,3,45,4,1,1,4,2,1.2539
1050201,2,2,1,-1,1,-1,4,2.2064
154171725,3,17,2,16,1,4,2,3.6098
162043209,3,32,2,32,1,1,2,2.3127
159143028,3,30,2,24,1,4,4,3.3251
158072911,3,29,2,22,1,3,2,4.3966
148074530,3,45,4,1,1,2,2,1.5782
146264620,3,46,4,0,1,5,3,1.0407
150304906,3,49,4,0,1,5,4,2.6501
153071531,3,15,2,11,1,3,3,3.1971
1401229026,3,29,3,-1,1,3,4,2.5376
157123021,3,30,2,24,1,3,3,3.3876
154181712,3,17,2,16,1,3,2,2.8275
1180017,3,1,1,1,1,1,2,2.6575
1380638017,3,38,3,-1,1,3,3,3.6031
1420738034,3,38,3,-1,1,4,2,2.7142
1180065,3,2,1,1,1,3,2,3.2652
150254637,3,46,4,0,1,5,4,1.3876
163043237,3,32,2,32,1,1,4,2.4189
1380637037,3,37,3,-1,1,3,3,5.1178
158082916,3,29,2,22,1,4,2,4.1268
153171725,3,17,2,16,1,4,3,3.6098
1420738016,3,38,3,-1,1,4,2,3.009
1420638008,3,38,3,-1,1,3,2,3.4194
148074518,3,45,4,1,1,2,2,1.6643
1160776,3,3,1,2,1,3,3,2.4944
1380637027,3,37,3,-1,1,3,3,2.95
150154934,3,49,4,3,1,4,4,1.7251
155122135,3,21,2,11,1,3,4,3.2722
1030412,2,4,1,-1,1,-1,3,4.3513
154051408,3,14,2,11,1,1,2,2.9023
157123115,3,31,2,24,1,3,3,3.3332
154141604,3,16,2,13,1,4,2,2.8003
1420737013,3,37,3,-1,1,4,2,0.8639
154181707,3,17,2,16,1,3,2,4.2266
148274712,3,47,4,0,1,5,2,1.6417
148274723,3,47,4,0,1,5,2,1.2993
148084512,3,45,4,1,1,4,2,1.4716
158072906,3,29,2,22,1,3,2,3.4057
1050418,2,4,1,-1,1,-1,4,3.7751
148154939,3,49,4,3,1,3,2,2.2993
158192608,3,26,2,26,1,3,2,3.603
150304924,3,49,4,0,1,5,4,1.0751
150124801,3,48,4,2,1,3,4,2.1126
162043212,3,32,2,32,1,1,2,3.5032
1381228025,3,28,3,-1,1,3,3,2.2176
154141628,3,16,2,13,1,4,2,4.0089
159192713,3,27,2,26,1,3,4,2.0189
150034341,3,43,4,1,1,1,4,1.5376
154132105,3,21,2,12,1,4,2,3.7572
155122023,3,20,2,11,1,3,4,3.7325
1420942026,3,42,3,-1,1,1,2,4.2267
146164926,3,49,4,3,1,4,3,1.5147
1421328020,3,28,3,-1,1,4,2,3.6553
1380638035,3,38,3,-1,1,3,3,3.1451
146144808,3,48,4,2,1,4,3,1.6961
150295032,3,50,4,0,1,5,4,2.5564
154181704,3,17,2,16,1,3,2,3.9068
1180079,3,5,1,1,1,2,2,2.6371
146284808,3,48,4,0,1,5,3,1.7142
157112426,3,24,2,24,1,4,3,3.0951
157182604,3,26,2,26,1,3,3,3.2629
157062325,3,23,2,22,1,2,3,2.7209
1170362,3,3,1,2,1,4,4,2.9547
146304950,3,49,4,0,1,5,3,2.0181
153171724,3,17,2,16,1,4,3,2.501
154071519,3,15,2,11,1,3,2,2.2946
1060514,2,5,1,-1,1,-1,2,2.8004
157112510,3,25,2,24,1,4,3,3.4987
1400941005,3,41,3,-1,1,1,4,2.2376
158052232,3,22,2,22,1,1,2,3.6189
150124813,3,48,4,2,1,3,4,1.5564
158133037,3,30,2,24,1,3,2,3.6053
153112016,3,20,2,11,1,3,3,7.179
158192622,3,26,2,26,1,3,2,3.5168
146044339,3,43,4,1,1,3,3,1.3559
150295011,3,50,4,0,1,5,4,1.6376
150124826,3,48,4,2,1,3,4,1.7126
1420738006,3,38,3,-1,1,4,2,2.2358
158192604,3,26,2,26,1,3,2,4.4125
148304928,3,49,4,0,1,5,2,1.5305
148304910,3,49,4,0,1,5,2,1.8231
159122437,3,24,2,24,1,4,4,2.1939
1400737029,3,37,3,-1,1,4,4,3.2439
146234343,3,43,4,0,1,5,3,2.1723
1160512,3,2,1,1,1,3,3,3.5352
154051324,3,13,2,11,1,1,2,3.4692
1420941012,3,41,3,-1,1,1,2,3.229
148034312,3,43,4,1,1,1,2,1.3854
158082813,3,28,2,22,1,4,2,3.2515
157112531,3,25,2,24,1,4,3,3.7141
148295029,3,50,4,0,1,5,2,2.2652
1400536009,3,36,3,-1,1,3,4,3.2439
1050411,2,4,1,-1,1,-1,4,4.5001
154112040,3,20,2,11,1,3,2,3.501
146044330,3,43,4,1,1,3,3,1.7324
157112508,3,25,2,24,1,4,3,2.9182
159062338,3,23,2,22,1,2,4,3.4814
1380638033,3,38,3,-1,1,3,3,2.4149
1180078,3,2,1,1,1,3,2,2.0634
150034333,3,43,4,1,1,1,4,1.4439
155051414,3,14,2,11,1,1,4,2.9026
158052317,3,23,2,22,1,1,2,5.9273
158052228,3,22,2,22,1,1,2,3.0225
146215019,3,50,4,6,1,3,3,1.6394
1160486,3,2,1,1,1,1,3,2.5556
146264622,3,46,4,0,1,5,3,0.9387
155151627,3,16,2,13,1,4,4,3.3289
158062218,3,22,2,22,1,2,2,3.0656
148264606,3,46,4,0,1,5,2,2.3582
146321116,3,11,4,0,1,5,3,2.0929
1381328005,3,28,3,-1,1,4,3,2.2834
158072811,3,28,2,22,1,3,2,2.6257
148264613,3,46,4,0,1,5,2,0.9999
153161915,3,19,2,16,1,3,3,2.1381
1420536007,3,36,3,-1,1,3,2,3.424
146284806,3,48,4,0,1,5,3,2.975
154132114,3,21,2,12,1,4,2,3.3309
159072819,3,28,2,22,1,3,4,2.4189
155142127,3,21,2,12,1,4,4,2.5193
146034346,3,43,4,1,1,1,3,0.6779
158122527,3,25,2,24,1,4,2,3.018
154071616,3,16,2,11,1,3,2,2.6166
148215009,3,50,4,6,1,3,2,1.8729
1421329035,3,29,3,-1,1,4,2,2.9024
148244421,3,44,4,0,1,5,2,1.5079
150254626,3,46,4,0,1,5,4,2.3376
153051303,3,13,2,11,1,1,3,3.7164
153171711,3,17,2,16,1,4,3,2.8434
154071524,3,15,2,11,1,3,2,2.4669
1400638003,3,38,3,-1,1,3,4,3.7689
157112518,3,25,2,24,1,4,3,3.5282
1420941001,3,41,3,-1,1,1,2,2.6417
153122130,3,21,2,12,1,4,3,3.222
154051415,3,14,2,11,1,1,2,2.4579
146154944,3,49,4,3,1,3,3,2.9342
157123002,3,30,2,24,1,3,3,3.0044
1170320,3,3,1,2,1,3,4,3.9774
158133001,3,30,2,24,1,3,2,3.0021
1050205,2,2,1,-1,1,-1,4,3.7314
1180037,3,2,1,1,1,1,2,2.5237
158072805,3,28,2,22,1,3,2,2.3989
153071506,3,15,2,11,1,3,3,3.0815
148244414,3,44,4,0,1,5,2,1.8072
1401329002,3,29,3,-1,1,4,4,2.6876
150224325,3,43,4,0,1,5,4,1.7189
153171722,3,17,2,16,1,4,3,4.6121
146084507,3,45,4,1,1,4,3,2.8752
150064520,3,45,4,1,1,2,4,1.6126
1400638022,3,38,3,-1,1,3,4,2.7876
157072927,3,29,2,22,1,3,3,2.9431
148274708,3,47,4,0,1,5,2,2.9818
146215005,3,50,4,6,1,3,3,2.4149
162053215,3,32,2,32,1,3,2,3.3377
159143015,3,30,2,24,1,4,4,3.8439
158072929,3,29,2,22,1,3,2,4.671
163033334,3,33,2,31,1,3,4,3.7001
153112031,3,20,2,11,1,3,3,2.5644
1381329002,3,29,3,-1,1,4,3,2.6779
157072929,3,29,2,22,1,3,3,2.4647
148295018,3,50,4,0,1,5,2,1.6349
155081617,3,16,2,11,1,3,4,3.1134
1060110,2,1,1,-1,1,-1,2,1.9977
148034307,3,43,4,1,1,1,2,2.9115
146264647,3,46,4,0,1,5,3,1.4716
157062208,3,22,2,22,1,2,3,2.6506
1420637037,3,37,3,-1,1,3,2,4.3763
155181924,3,19,2,16,1,3,4,3.9071
155191929,3,19,2,16,1,4,4,3.6327
146074508,3,45,4,1,1,2,3,1.9841
155181716,3,17,2,16,1,3,4,3.1792
1400638004,3,38,3,-1,1,3,4,2.2626
155051330,3,13,2,11,1,1,4,3.2722
1180119,3,5,1,1,1,4,2,3.2607
154141532,3,15,2,13,1,4,2,2.4783
153112136,3,21,2,11,1,3,3,2.3944
150144945,3,49,4,3,1,3,4,2.9314
1170311,3,3,1,2,1,3,4,5.5443
163083329,3,33,2,34,1,4,4,4.5689
157052218,3,22,2,22,1,1,3,3.2334
148321126,3,11,4,0,1,5,2,2.0906
150295043,3,50,4,0,1,5,4,2.4564
148144823,3,48,4,2,1,4,2,1.0725
1060103,2,1,1,-1,1,-1,2,1.5441
153131514,3,15,2,13,1,4,3,2.891
1400637030,3,37,3,-1,1,3,4,3.2376
153131533,3,15,2,13,1,4,3,2.7368
148154910,3,49,4,3,1,3,2,1.0022
1380942036,3,42,3,-1,1,1,3,3.8979
146144838,3,48,4,2,1,4,3,2.1904
155191919,3,19,2,16,1,4,4,2.3289
1401328007,3,28,3,-1,1,4,4,3.4064
157072837,3,28,2,22,1,3,3,3.2243
159072918,3,29,2,22,1,3,4,2.5814
155181918,3,19,2,16,1,3,4,4.542
157072822,3,28,2,22,1,3,3,2.832
150124842,3,48,4,2,1,3,4,2.5876
148274703,3,47,4,0,1,5,2,2.7868
150134847,3,48,4,2,1,4,4,2.3564
158143006,3,30,2,24,1,4,2,4.2742
159133003,3,30,2,24,1,3,4,5.1939
159082814,3,28,2,22,1,4,4,3.2876
1420942037,3,42,3,-1,1,1,2,3.4308
146034339,3,43,4,1,1,1,3,1.3378
162033309,3,33,2,31,1,3,2,2.9114
146034344,3,43,4,1,1,1,3,1.8049
148215030,3,50,4,6,1,3,2,2.5351
146084531,3,45,4,1,1,4,3,1.5578
157123103,3,31,2,24,1,3,3,4.0542
1381229010,3,29,3,-1,1,3,3,2.6394
161053224,3,32,2,32,1,3,3,2.891
146244438,3,44,4,0,1,5,3,1.8684
157062301,3,23,2,22,1,2,3,5.3973
148274721,3,47,4,0,1,5,2,1.619
155122134,3,21,2,11,1,3,4,2.2223
157112512,3,25,2,24,1,4,3,4.2402
158052320,3,23,2,22,1,1,2,3.2084
146284850,3,48,4,0,1,5,3,1.1995
1380737037,3,37,3,-1,1,4,3,4.433
150295023,3,50,4,0,1,5,4,1.2126
163043213,3,32,2,32,1,1,4,3.7314
1400942024,3,42,3,-1,1,1,4,2.0251
153161734,3,17,2,16,1,3,3,2.4352
148321143,3,11,4,0,1,5,2,4.0476
1381328033,3,28,3,-1,1,4,3,2.458
153122028,3,20,2,12,1,4,3,3.5236
161043225,3,32,2,32,1,1,3,2.8932
1160764,3,3,1,2,1,3,3,2.7277
155181738,3,17,2,16,1,3,4,3.1792
1380942015,3,42,3,-1,1,1,3,4.5623
146074519,3,45,4,1,1,2,3,2.102
159122412,3,24,2,24,1,4,4,3.8189
1180026,3,2,1,1,1,1,2,3.2426
157072830,3,28,2,22,1,3,3,2.3672
148154922,3,49,4,3,1,3,2,1.3786
150234420,3,44,4,0,1,5,4,1.3251
148304903,3,49,4,0,1,5,2,2.3491
161043213,3,32,2,32,1,1,3,3.4193
154171905,3,19,2,16,1,4,2,2.6075
154132039,3,20,2,12,1,4,2,2.8842
146074511,3,45,4,1,1,2,3,1.6485
1380738006,3,38,3,-1,1,4,3,2.6825
150134803,3,48,4,2,1,4,4,2.8626
1401228026,3,28,3,-1,1,3,4,2.0189
150295045,3,50,4,0,1,5,4,0.9189
163033332,3,33,2,31,1,3,4,2.8689
155081536,3,15,2,11,1,3,4,2.6009
155122038,3,20,2,11,1,3,4,2.2608
155191918,3,19,2,16,1,4,4,4.542
150074547,3,45,4,1,1,4,4,2.3626
146304927,3,49,4,0,1,5,3,1.6439
154141521,3,15,2,13,1,4,2,2.0951
1400535035,3,35,3,-1,1,3,4,3.9376
148234336,3,43,4,0,1,5,2,1.8798
1380638004,3,38,3,-1,1,3,3,2.3627
157123029,3,30,2,24,1,3,3,3.6688
1420536009,3,36,3,-1,1,3,2,3.3446
1060112,2,1,1,-1,1,-1,2,1.5714
157112532,3,25,2,24,1,4,3,3.6211
148084507,3,45,4,1,1,4,2,2.8571
153112134,3,21,2,11,1,3,3,2.1404
1170058,3,2,1,1,1,3,4,2.9343
159072828,3,28,2,22,1,3,4,2.4126
1421229028,3,29,3,-1,1,3,2,3.2222
146304912,3,49,4,0,1,5,3,1.6598
163083307,3,33,2,34,1,4,4,2.6126
158133035,3,30,2,24,1,3,2,3.7595
1060109,2,1,1,-1,1,-1,2,2.3083
146274728,3,47,4,0,1,5,3,1.9115
148154927,3,49,4,3,1,3,2,1.5396
1420637019,3,37,3,-1,1,3,2,4.3741
157062234,3,22,2,22,1,2,3,2.8229
155081632,3,16,2,11,1,3,4,2.6236
150321116,3,11,4,0,1,5,4,1.5939
155142003,3,20,2,12,1,4,4,2.8527
1400535037,3,35,3,-1,1,3,4,2.8126
1170002,3,1,1,1,1,1,4,2.8524
153071602,3,16,2,11,1,3,3,3.408
153112105,3,21,2,11,1,3,3,3.7572
150124844,3,48,4,2,1,3,4,2.4251
150144926,3,49,4,3,1,3,4,1.6439
1180095,3,5,1,1,1,2,2,4.3083
153131532,3,15,2,13,1,4,3,2.4783
1050520,2,5,1,-1,1,-1,4,4.6064
150321107,3,11,4,0,1,5,4,1.4626
155181737,3,17,2,16,1,3,4,3.1679
157052304,3,23,2,22,1,1,3,3.1404
159122539,3,25,2,24,1,4,4,2.5689
161033320,3,33,2,31,1,3,3,3.5259
1060107,2,1,1,-1,1,-1,2,2.2516
157062337,3,23,2,22,1,2,3,3.4737
1420941017,3,41,3,-1,1,1,2,2.6734
153112117,3,21,2,11,1,3,3,3.4443
162033303,3,33,2,31,1,3,2,3.4148
157123008,3,30,2,24,1,3,3,4.3581
150254648,3,46,4,0,1,5,4,1.4626
150064510,3,45,4,1,1,2,4,1.6314
158082833,3,28,2,22,1,4,2,2.4284
157062336,3,23,2,22,1,2,3,4.925
1060304,2,3,1,-1,1,-1,2,3.0271
158052326,3,23,2,22,1,1,2,3.2493
155142109,3,21,2,12,1,4,4,4.3334
150064535,3,45,4,1,1,2,4,1.6376
153131608,3,16,2,13,1,4,3,2.3286
158133126,3,31,2,24,1,3,2,4.0021
146144807,3,48,4,2,1,4,3,3.4172
1421228027,3,28,3,-1,1,3,2,1.8661
161043223,3,32,2,32,1,1,3,3.5236
157072825,3,28,2,22,1,3,3,2.349
154181903,3,19,2,16,1,3,2,2.4579
155151516,3,15,2,13,1,4,4,2.1883
159082932,3,29,2,22,1,4,4,2.8689
1160531,3,5,1,1,1,2,3,2.8433
150074502,3,45,4,1,1,4,4,2.9564
1380637013,3,37,3,-1,1,3,3,4.1949
155122121,3,21,2,11,1,3,4,3.3039
1060706,2,7,1,-1,1,-1,2,1.7686
150154916,3,49,4,3,1,4,4,1.9314
1420942021,3,42,3,-1,1,1,2,4.1972
150205009,3,50,4,6,1,3,4,1.7064
146215014,3,50,4,6,1,3,3,1.2267
148310111,3,1,4,0,1,5,2,1.4081
1170330,3,3,1,2,1,3,4,3.4627
1180038,3,2,1,1,1,1,2,3.8049
1050721,2,7,1,-1,1,-1,4,3.3626
159072805,3,28,2,22,1,3,4,2.4064
148084503,3,45,4,1,1,4,2,3.3061
154051321,3,13,2,11,1,1,2,3.0497
154171727,3,17,2,16,1,4,2,4.3332
1050313,2,3,1,-1,1,-1,4,2.6689
154171701,3,17,2,16,1,4,2,5.0474
148134839,3,48,4,2,1,3,2,1.6417
153171716,3,17,2,16,1,4,3,3.0973
146134825,3,48,4,2,1,3,3,0.7256
157123025,3,30,2,24,1,3,3,3.925
1421228030,3,28,3,-1,1,3,2,2.0657
146234306,3,43,4,0,1,5,3,2.6258
155151624,3,16,2,13,1,4,4,2.5466
154051336,3,13,2,11,1,1,2,3.4307
150224329,3,43,4,0,1,5,4,1.6314
1400638035,3,38,3,-1,1,3,4,3.1564
148034343,3,43,4,1,1,1,2,2.1927
150154936,3,49,4,3,1,4,4,1.8126
153051312,3,13,2,11,1,1,3,3.4624
155181916,3,19,2,16,1,3,4,2.8663
163043204,3,32,2,32,1,1,4,7.4439
154132034,3,20,2,12,1,4,2,3.0746
1030406,2,4,1,-1,1,-1,3,1.7595
1400738037,3,38,3,-1,1,4,4,3.1564
1380535002,3,35,3,-1,1,3,3,3.0476
1381229020,3,29,3,-1,1,3,3,2.7528
158062341,3,23,2,22,1,2,2,3.3672
159062210,3,22,2,22,1,2,4,2.6376
159133029,3,30,2,24,1,3,4,3.1439
150134807,3,48,4,2,1,4,4,3.4064
157072917,3,29,2,22,1,3,3,3.4533
146084519,3,45,4,1,1,4,3,1.6825
1050604,2,6,1,-1,1,-1,4,3.0939
155051336,3,13,2,11,1,1,4,3.5125
154181936,3,19,2,16,1,3,2,2.1608
1380637036,3,37,3,-1,1,3,3,4.3582
150234405,3,44,4,0,1,5,4,2.5501
155151612,3,16,2,13,1,4,4,3.4899
1420535003,3,35,3,-1,1,3,2,3.9614
148304940,3,49,4,0,1,5,2,2.2358
1420941024,3,41,3,-1,1,1,2,4.2607
150124816,3,48,4,2,1,3,4,2.2439
154051439,3,14,2,11,1,1,2,2.9477
155081619,3,16,2,11,1,3,4,2.6214
148284805,3,48,4,0,1,5,2,2.7029
157052220,3,22,2,22,1,1,3,3.0678
154051310,3,13,2,11,1,1,2,3.0248
1060323,2,3,1,-1,1,-1,2,4.1451
1050504,2,5,1,-1,1,-1,4,2.8314
1160770,3,3,1,2,1,3,3,2.5012
148074539,3,45,4,1,1,2,2,1.619
157112403,3,24,2,24,1,4,3,2.7685
155151609,3,16,2,13,1,4,4,3.1565
150205031,3,50,4,6,1,3,4,3.0876
153171727,3,17,2,16,1,4,3,4.3332
157082811,3,28,2,22,1,4,3,2.6234
157072829,3,28,2,22,1,3,3,2.9454
1050403,2,4,1,-1,1,-1,4,3.7751
1401229015,3,29,3,-1,1,3,4,2.5751
155181933,3,19,2,16,1,3,4,3.5488
146154934,3,49,4,3,1,3,3,1.95
148084544,3,45,4,1,1,4,2,1.8548
146295029,3,50,4,0,1,5,3,2.0249
146321112,3,11,4,0,1,5,3,1.492
155051305,3,13,2,11,1,1,4,3.5533
1401329036,3,29,3,-1,1,4,4,7.9376
158062316,3,23,2,22,1,2,2,3.5803
148084523,3,45,4,1,1,4,2,1.433
148284825,3,48,4,0,1,5,2,1.7324
1160817,3,3,1,2,1,4,3,2.9433
155051439,3,14,2,11,1,1,4,3.0296
155081622,3,16,2,11,1,3,4,2.2336
146164941,3,49,4,3,1,4,3,2.1972
146244446,3,44,4,0,1,5,3,1.5872
148134848,3,48,4,2,1,3,2,1.6961
159133005,3,30,2,24,1,3,4,3.5001
157072819,3,28,2,22,1,3,3,2.662
146034338,3,43,4,1,1,1,3,1.6144
1421329024,3,29,3,-1,1,4,2,3.2403
155051406,3,14,2,11,1,1,4,3.3221
155181713,3,17,2,16,1,3,4,3.6531
150284805,3,48,4,0,1,5,4,2.7064
150264722,3,47,4,0,1,5,4,1.4001
1180083,3,5,1,1,1,2,2,4.4625
1380942003,3,42,3,-1,1,1,3,5.4376
148295023,3,50,4,0,1,5,2,1.2403
155122139,3,21,2,11,1,3,4,3.4989
1160509,3,1,1,1,1,3,3,3.0136
1400535027,3,35,3,-1,1,3,4,4.4126
159192734,3,27,2,26,1,3,4,2.4064
155142112,3,21,2,12,1,4,4,2.796
1420942014,3,42,3,-1,1,1,2,4.9251
146074518,3,45,4,1,1,2,3,1.8661
148144808,3,48,4,2,1,4,2,1.6961
153161939,3,19,2,16,1,3,3,2.4579
163083334,3,33,2,34,1,4,4,1.9814
159133115,3,31,2,24,1,3,4,5.5939
157123036,3,30,2,24,1,3,3,3.8025
1381228024,3,28,3,-1,1,3,3,2.7709
146074501,3,45,4,1,1,2,3,2.5827
148274727,3,47,4,0,1,5,2,1.7573
158072902,3,29,2,22,1,3,2,3.535
154181915,3,19,2,16,1,3,2,2.1381
161033311,3,33,2,31,1,3,3,3.0746
157052226,3,22,2,22,1,1,3,2.9477
146084515,3,45,4,1,1,4,3,1.6961
157072907,3,29,2,22,1,3,3,2.9386
153161703,3,17,2,16,1,3,3,3.1019
1400737021,3,37,3,-1,1,4,4,4.2814
1180329,3,4,1,2,1,3,2,2.8095
155191908,3,19,2,16,1,4,4,2.1543
157072805,3,28,2,22,1,3,3,2.3944
155142016,3,20,2,12,1,4,4,7.2608
148244430,3,44,4,0,1,5,2,1.6983
1381328014,3,28,3,-1,1,4,3,2.56
158062309,3,23,2,22,1,2,2,3.6279
155181734,3,17,2,16,1,3,4,2.5171
148154942,3,49,4,3,1,3,2,1.3537
150144949,3,49,4,3,1,3,4,2.4189
148044318,3,43,4,1,1,3,2,1.009
1380638038,3,38,3,-1,1,3,3,2.365
159062318,3,23,2,22,1,2,4,6.9001
1380536031,3,36,3,-1,1,3,3,3.0748
157182634,3,26,2,26,1,3,3,2.5236
163083320,3,33,2,34,1,4,4,2.4439
162083337,3,33,2,34,1,4,2,3.4964
1421228025,3,28,3,-1,1,3,2,2.2471
153171713,3,17,2,16,1,4,3,3.5712
154051334,3,13,2,11,1,1,2,3.5395
1400941025,3,41,3,-1,1,1,4,1.2314
157072807,3,28,2,22,1,3,3,3.5849
1381229004,3,29,3,-1,1,3,3,3.3832
161083306,3,33,2,34,1,4,3,2.9114
150264712,3,47,4,0,1,5,4,1.4189
148284806,3,48,4,0,1,5,2,2.7528
158062313,3,23,2,22,1,2,2,2.959
1060620,2,6,1,-1,1,-1,2,7.9999
154132002,3,20,2,12,1,4,2,3.4737
159072902,3,29,2,22,1,3,4,3.5376
1170022,3,2,1,1,1,1,4,3.5352
153131601,3,16,2,13,1,4,3,3.4959
158052331,3,23,2,22,1,1,2,3.5191
1400941010,3,41,3,-1,1,1,4,2.7689
1170115,3,5,1,1,1,4,4,2.6393
1030815,2,8,1,-1,1,-1,3,2.696
154112124,3,21,2,11,1,3,2,3.2923
1030203,2,2,1,-1,1,-1,3,3.2175
1380941038,3,41,3,-1,1,1,3,2.5668
148044301,3,43,4,1,1,3,2,2.2154
148164907,3,49,4,3,1,4,2,1.3673
1180077,3,2,1,1,1,3,2,2.4807
158072816,3,28,2,22,1,3,2,2.4941
150284816,3,48,4,0,1,5,4,1.6689
158072836,3,28,2,22,1,3,2,3.671
150205023,3,50,4,6,1,3,4,0.7001
150034335,3,43,4,1,1,1,4,1.6126
1420637016,3,37,3,-1,1,3,2,3.814
153122022,3,20,2,12,1,4,3,2.7141
148074524,3,45,4,1,1,2,2,1.9024
1420536022,3,36,3,-1,1,3,2,3.399
158082815,3,28,2,22,1,4,2,3.0089
150284837,3,48,4,0,1,5,4,1.4001
153171729,3,17,2,16,1,4,3,3.0542
146044337,3,43,4,1,1,3,3,1.4376
146304921,3,49,4,0,1,5,3,1.687
146304942,3,49,4,0,1,5,3,1.7913
1060705,2,7,1,-1,1,-1,2,1.7006
153131530,3,15,2,13,1,4,3,2.3921
1170322,3,3,1,2,1,3,4,2.4513
157112406,3,24,2,24,1,4,3,3.0769
148164917,3,49,4,3,1,4,2,1.0997
146074527,3,45,4,1,1,2,3,2.077
154171702,3,17,2,16,1,4,2,3.4329
146144822,3,48,4,2,1,4,3,1.365
1401329011,3,29,3,-1,1,4,4,2.5064
150074524,3,45,4,1,1,4,4,1.2501
148304924,3,49,4,0,1,5,2,1.077
1380941007,3,41,3,-1,1,1,3,3.068
150044316,3,43,4,1,1,3,4,2.2126
1180041,3,1,1,1,1,3,2,2.526
1400941009,3,41,3,-1,1,1,4,2.5126
154181930,3,19,2,16,1,3,2,1.9409
1180044,3,1,1,1,1,3,2,2.4557
157062232,3,22,2,22,1,2,3,3.6075
153131528,3,15,2,13,1,4,3,1.9227
155081613,3,16,2,11,1,3,4,3.2722
146084510,3,45,4,1,1,4,3,1.6235
153131511,3,15,2,13,1,4,3,2.1722
158122406,3,24,2,24,1,4,2,3.0656
157182711,3,27,2,26,1,3,3,3.5803
159052216,3,22,2,22,1,1,4,3.5689
155051403,3,14,2,11,1,1,4,3.9003
150124839,3,48,4,2,1,3,4,2.1939
146244407,3,44,4,0,1,5,3,1.4217
1030515,2,5,1,-1,1,-1,3,3.9
150310105,3,1,4,0,1,5,4,1.3439
150134819,3,48,4,2,1,4,4,2.1064
158072923,3,29,2,22,1,3,2,2.6778
150134829,3,48,4,2,1,4,4,1.5001
1170062,3,2,1,1,1,3,4,3.1883
158122539,3,25,2,24,1,4,2,3.0633
148164930,3,49,4,3,1,4,2,1.5147
158192704,3,27,2,26,1,3,2,2.4692
155142023,3,20,2,12,1,4,4,3.7325
148215034,3,50,4,6,1,3,2,2.5419
150064532,3,45,4,1,1,2,4,1.7689
1380637020,3,37,3,-1,1,3,3,5.6779
157072902,3,29,2,22,1,3,3,3.501
148215039,3,50,4,6,1,3,2,1.8729
150034345,3,43,4,1,1,1,4,1.7939
1381329019,3,29,3,-1,1,4,3,3.009
155191938,3,19,2,16,1,4,4,2.6894
146044334,3,43,4,1,1,3,3,1.6122
148244426,3,44,4,0,1,5,2,1.6485
150074507,3,45,4,1,1,4,4,2.8751
1400536002,3,36,3,-1,1,3,4,5.5314
148244407,3,44,4,0,1,5,2,1.4489
1060604,2,6,1,-1,1,-1,2,3.1088
154171923,3,19,2,16,1,4,2,4.7232
159072917,3,29,2,22,1,3,4,3.4564
155122103,3,21,2,11,1,3,4,2.4536
157082924,3,29,2,22,1,4,3,3.4171
153122015,3,20,2,12,1,4,3,3.1177
146134820,3,48,4,2,1,3,3,2.0407
1380536027,3,36,3,-1,1,3,3,3.7959
153112135,3,21,2,11,1,3,3,3.1903
148264644,3,46,4,0,1,5,2,1.9591
1030106,2,1,1,-1,1,-1,3,3.1041
161043211,3,32,2,32,1,1,3,2.2084
1421329002,3,29,3,-1,1,4,2,2.6847
1380535025,3,35,3,-1,1,3,3,5.0476
154171939,3,19,2,16,1,4,2,2.4579
157123031,3,30,2,24,1,3,3,3.0905
1380737001,3,37,3,-1,1,4,3,6.7233
148234312,3,43,4,0,1,5,2,1.4104
158062228,3,22,2,22,1,2,2,3.9635
148034311,3,43,4,1,1,1,2,1.6099
1380638026,3,38,3,-1,1,3,3,3.4262
150284823,3,48,4,0,1,5,4,1.7564
1180354,3,3,1,2,1,4,2,2.492
146154933,3,49,4,3,1,3,3,1.8956
1400738031,3,38,3,-1,1,4,4,2.5939
157133003,3,30,2,24,1,4,3,2.9839
153051323,3,13,2,11,1,1,3,3.9477
1380536013,3,36,3,-1,1,3,3,3.8707
1400942052,3,42,3,-1,1,1,4,2.3939
1160769,3,3,1,2,1,3,3,3.1089
148164924,3,49,4,3,1,4,2,2.3401
150034303,3,43,4,1,1,1,4,3.0626
158082917,3,29,2,22,1,4,2,3.2039
146304926,3,49,4,0,1,5,3,2.3355
1381228009,3,28,3,-1,1,3,3,2.8503
1421229038,3,29,3,-1,1,3,2,2.4308
159122409,3,24,2,24,1,4,4,2.6814
155191937,3,19,2,16,1,4,4,3.1361
154132031,3,20,2,12,1,4,2,2.5644
158062311,3,23,2,22,1,2,2,3.9409
158192607,3,26,2,26,1,3,2,3.8978
153171931,3,19,2,16,1,4,3,2.0769
157133101,3,31,2,24,1,4,3,4.018
1060506,2,5,1,-1,1,-1,2,3.1519
158192716,3,27,2,26,1,3,2,3.2062
154132113,3,21,2,12,1,4,2,2.8411
158072825,3,28,2,22,1,3,2,2.3626
153112114,3,21,2,11,1,3,3,3.3309
146264613,3,46,4,0,1,5,3,1.0249
162043238,3,32,2,32,1,1,2,2.6415
154181927,3,19,2,16,1,3,2,1.798
159133015,3,30,2,24,1,3,4,3.3314
158072804,3,28,2,22,1,3,2,2.9522
150074525,3,45,4,1,1,4,4,1.9064
153161901,3,19,2,16,1,3,3,3.8619
153112039,3,20,2,11,1,3,3,2.8842
155081506,3,15,2,11,1,3,4,3.1633
158072839,3,28,2,22,1,3,2,2.4737
1400738032,3,38,3,-1,1,4,4,2.6689
158133038,3,30,2,24,1,3,2,4.6665
1420536016,3,36,3,-1,1,3,2,3.1473
1160523,3,2,1,1,1,3,3,2.3402
150304910,3,49,4,0,1,5,4,1.8814
153161735,3,17,2,16,1,3,3,6.9794
146234305,3,43,4,0,1,5,3,2.5033
1160499,3,1,1,1,1,3,3,2.7256
1381228003,3,28,3,-1,1,3,3,2.882
148310128,3,1,4,0,1,5,2,1.6008
155151536,3,15,2,13,1,4,4,2.6009
1421329028,3,29,3,-1,1,4,2,2.5192
159122425,3,24,2,24,1,4,4,3.2689
146295028,3,50,4,0,1,5,3,2.3945
163033309,3,33,2,31,1,3,4,2.9689
159072837,3,28,2,22,1,3,4,3.6064
1170344,3,4,1,2,1,3,4,3.508
159192620,3,26,2,26,1,3,4,2.9689
155081612,3,16,2,11,1,3,4,3.4899
158143125,3,31,2,24,1,4,2,4.0905
161083310,3,33,2,34,1,4,3,3.0406
159052217,3,22,2,22,1,1,4,3.0626
163083322,3,33,2,34,1,4,4,2.7689
153112128,3,21,2,11,1,3,3,2.7617
159133007,3,30,2,24,1,3,4,4.2876
148044307,3,43,4,1,1,3,2,1.0203
154132024,3,20,2,12,1,4,2,2.2651
1400737012,3,37,3,-1,1,4,4,4.9064
1180046,3,1,1,1,1,3,2,1.4625
157182625,3,26,2,26,1,3,3,3.6461
146244422,3,44,4,0,1,5,3,1.3537
157062209,3,22,2,22,1,2,3,3.8411
1400638034,3,38,3,-1,1,3,4,2.2501
162053210,3,32,2,32,1,3,2,3.3218
1060809,2,8,1,-1,1,-1,2,2.8503
148134813,3,48,4,2,1,3,2,1.8276
150304945,3,49,4,0,1,5,4,2.9251
146134843,3,48,4,2,1,3,3,1.8389
163033302,3,33,2,31,1,3,4,3.2814
153051409,3,14,2,11,1,1,3,3.8434
154181717,3,17,2,16,1,3,2,4.2697
148044337,3,43,4,1,1,3,2,1.585
153112126,3,21,2,11,1,3,3,2.7889
1420737037,3,37,3,-1,1,4,2,4.4126
158122534,3,25,2,24,1,4,2,4.8298
148144813,3,48,4,2,1,4,2,1.2834
154112024,3,20,2,11,1,3,2,2.2651
159072938,3,29,2,22,1,3,4,3.9939
154112135,3,21,2,11,1,3,2,3.1903
150264708,3,47,4,0,1,5,4,1.6939
146154924,3,49,4,3,1,3,3,1.0226
150064544,3,45,4,1,1,2,4,1.3189
150321104,3,11,4,0,1,5,4,1.4251
150124814,3,48,4,2,1,3,4,1.4626
163043235,3,32,2,32,1,1,4,4.0064
1380637034,3,37,3,-1,1,3,3,4.4444
159062340,3,23,2,22,1,2,4,3.5626
148244441,3,44,4,0,1,5,2,2.0612
148304938,3,49,4,0,1,5,2,1.8163
146264634,3,46,4,0,1,5,3,0.9977
150144915,3,49,4,3,1,3,4,1.7439
1381228027,3,28,3,-1,1,3,3,2.2652
148084546,3,45,4,1,1,4,2,0.9568
150254620,3,46,4,0,1,5,4,1.2001
148134822,3,48,4,2,1,3,2,1.7188
159072821,3,28,2,22,1,3,4,4.1876
1421228010,3,28,3,-1,1,3,2,2.424
154171717,3,17,2,16,1,4,2,4.2697
157072806,3,28,2,22,1,3,3,2.6982
148304939,3,49,4,0,1,5,2,1.7664
146284852,3,48,4,0,1,5,3,2.9251
155081513,3,15,2,11,1,3,4,2.4785
155051304,3,13,2,11,1,1,4,3.9139
157082838,3,28,2,22,1,4,3,2.4715
1180062,3,2,1,1,1,3,2,3.5373
158072919,3,29,2,22,1,3,2,2.6846
158122512,3,25,2,24,1,4,2,4.2402
153171734,3,17,2,16,1,4,3,2.4352
1050215,2,2,1,-1,1,-1,4,4.0751
150234425,3,44,4,0,1,5,4,1.7689
1380737032,3,37,3,-1,1,4,3,4.009
158082818,3,28,2,22,1,4,2,2.9431
157052238,3,22,2,22,1,1,3,2.8207
161033301,3,33,2,31,1,3,3,3.5576
158052227,3,22,2,22,1,1,2,3.179
159122513,3,25,2,24,1,4,4,3.2564
1380941032,3,41,3,-1,1,1,3,3.263
1050621,2,6,1,-1,1,-1,4,2.2626
157133118,3,31,2,24,1,4,3,3.9567
148321146,3,11,4,0,1,5,2,0.7754
150044319,3,43,4,1,1,3,4,1.0251
1401229040,3,29,3,-1,1,3,4,5.0689
157082922,3,29,2,22,1,4,3,4.086
154171715,3,17,2,16,1,4,2,3.6801
150044305,3,43,4,1,1,3,4,2.5376
1400942006,3,42,3,-1,1,1,4,3.8564
148044314,3,43,4,1,1,3,2,2.2993
146215016,3,50,4,6,1,3,3,2.7528
1060111,2,1,1,-1,1,-1,2,1.4534
1170083,3,5,1,1,1,2,4,3.2631
146034318,3,43,4,1,1,1,3,1.0702
146310112,3,1,4,0,1,5,3,1.4807
159082834,3,28,2,22,1,4,4,2.6001
153122033,3,20,2,12,1,4,3,3.6302
1060211,2,2,1,-1,1,-1,2,3.2856
146264611,3,46,4,0,1,5,3,1.3015
146295015,3,50,4,0,1,5,3,1.1904
155151623,3,16,2,13,1,4,4,2.4286
154071625,3,16,2,11,1,3,2,2.9023
146144847,3,48,4,2,1,4,3,2.3491
150134816,3,48,4,2,1,4,4,2.1939
159062236,3,22,2,22,1,2,4,3.3814
1400738015,3,38,3,-1,1,4,4,3.2314
159192716,3,27,2,26,1,3,4,2.7064
1420535031,3,35,3,-1,1,3,2,4.4716
148044311,3,43,4,1,1,3,2,1.4036
1170347,3,3,1,2,1,4,4,5.5443
153131524,3,15,2,13,1,4,3,2.4669
158143111,3,31,2,24,1,4,2,3.7731
148321127,3,11,4,0,1,5,2,1.2085
155081511,3,15,2,11,1,3,4,2.254
1380942022,3,42,3,-1,1,1,3,4.2403
1030719,2,7,1,-1,1,-1,3,2.0905
155051324,3,13,2,11,1,1,4,3.5511
1420942040,3,42,3,-1,1,1,2,4.6734
1170032,3,2,1,1,1,1,4,3.8028
155051428,3,14,2,11,1,1,4,2.3062
148034306,3,43,4,1,1,1,2,2.6008
153131505,3,15,2,13,1,4,3,2.8411
146274736,3,47,4,0,1,5,3,1.9909
155081611,3,16,2,11,1,3,4,3.3039
157182735,3,27,2,26,1,3,3,2.8547
154051306,3,13,2,11,1,1,2,2.3694
146044317,3,43,4,1,1,3,3,1.78
157182624,3,26,2,26,1,3,3,3.086
153051402,3,14,2,11,1,1,3,3.7481
1030223,2,2,1,-1,1,-1,3,4.5622
1401329010,3,29,3,-1,1,4,4,4.2439
1400737037,3,37,3,-1,1,4,4,5.1189
158052330,3,23,2,22,1,1,2,3.5622
146244408,3,44,4,0,1,5,3,1.4761
159143121,3,31,2,24,1,4,4,3.6126
157133119,3,31,2,24,1,4,3,4.1427
148215017,3,50,4,6,1,3,2,0.7482
1421229030,3,29,3,-1,1,3,2,2.7641
1030403,2,4,1,-1,1,-1,3,1.3921
158133121,3,31,2,24,1,3,2,2.8388
1060409,2,4,1,-1,1,-1,2,2.7482
1380737016,3,37,3,-1,1,4,3,3.6349
154071632,3,16,2,11,1,3,2,2.5418
150295016,3,50,4,0,1,5,4,2.4001
159062211,3,22,2,22,1,2,4,2.6751
146234311,3,43,4,0,1,5,3,1.6099
158143014,3,30,2,24,1,4,2,3.8411
146084518,3,45,4,1,1,4,3,1.3378
153171905,3,19,2,16,1,4,3,2.6075
157112526,3,25,2,24,1,4,3,2.9182
148284819,3,48,4,0,1,5,2,2.1088
148264615,3,46,4,0,1,5,2,1.2993
159143025,3,30,2,24,1,4,4,3.9439
148134823,3,48,4,2,1,3,2,1.6734
159192722,3,27,2,26,1,3,4,3.0564
157182612,3,26,2,26,1,3,3,3.1041
157182737,3,27,2,26,1,3,3,2.9839
146284841,3,48,4,0,1,5,3,1.2108
148034316,3,43,4,1,1,1,2,1.7777
146074542,3,45,4,1,1,2,3,1.6167
1380637033,3,37,3,-1,1,3,3,4.0045
158062325,3,23,2,22,1,2,2,2.7232
155142116,3,21,2,12,1,4,4,3.4989
148310123,3,1,4,0,1,5,2,1.0884
150134820,3,48,4,2,1,4,4,1.6689
158062215,3,22,2,22,1,2,2,3.5622
1170315,3,3,1,2,1,3,4,2.4286
1400637029,3,37,3,-1,1,3,4,3.3814
1380738004,3,38,3,-1,1,4,3,2.3491
159133134,3,31,2,24,1,3,4,3.3814
1050714,2,7,1,-1,1,-1,4,3.6376
1050703,2,7,1,-1,1,-1,4,2.5376
159082906,3,29,2,22,1,4,4,3.3751
161043232,3,32,2,32,1,1,3,2.7413
1381329001,3,29,3,-1,1,4,3,3.399
150284841,3,48,4,0,1,5,4,1.1814
1421328026,3,28,3,-1,1,4,2,2.2584
150254607,3,46,4,0,1,5,4,2.4751
158062330,3,23,2,22,1,2,2,3.5531
148295019,3,50,4,0,1,5,2,1.721
153161726,3,17,2,16,1,3,3,3.247
146295031,3,50,4,0,1,5,3,2.7006
1060209,2,2,1,-1,1,-1,2,2.7505
146144814,3,48,4,2,1,4,3,1.9659
155191907,3,19,2,16,1,4,4,5.3356
1050705,2,7,1,-1,1,-1,4,2.9876
153051406,3,14,2,11,1,1,3,3.2402
159133129,3,31,2,24,1,3,4,3.8126
150264713,3,47,4,0,1,5,4,4.2501
1420638022,3,38,3,-1,1,3,2,2.7596
1401329027,3,29,3,-1,1,4,4,2.3064
158072818,3,28,2,22,1,3,2,2.9182
155051427,3,14,2,11,1,1,4,3.8618
1050412,2,4,1,-1,1,-1,4,4.1126
158192606,3,26,2,26,1,3,2,3.7549
146154921,3,49,4,3,1,3,3,1.3446
161083305,3,33,2,34,1,4,3,2.5917
1421229008,3,29,3,-1,1,3,2,2.5464
1381328013,3,28,3,-1,1,4,3,3.1451
150064534,3,45,4,1,1,2,4,1.3189
155151615,3,16,2,13,1,4,4,3.1361
150134806,3,48,4,2,1,4,4,2.7751
155191702,3,17,2,16,1,4,4,3.5148
155181905,3,19,2,16,1,3,4,2.6894
157112506,3,25,2,24,1,4,3,3.1404
146074537,3,45,4,1,1,2,3,1.3174
154132009,3,20,2,12,1,4,2,4.3966
1180367,3,4,1,2,1,4,2,2.619
150284840,3,48,4,0,1,5,4,2.0064
154181918,3,19,2,16,1,3,2,4.4601
1420638006,3,38,3,-1,1,3,2,2.6802
148044333,3,43,4,1,1,3,2,1.6167
157072809,3,28,2,22,1,3,3,2.9885
1381228033,3,28,3,-1,1,3,3,2.492
146034335,3,43,4,1,1,1,3,1.2403
1420942011,3,42,3,-1,1,1,2,3.7505
158052201,3,22,2,22,1,1,2,2.9771
1060707,2,7,1,-1,1,-1,2,3.1995
157052324,3,23,2,22,1,1,3,5.0474
159062305,3,23,2,22,1,2,4,3.7001
148134841,3,48,4,2,1,3,2,2.1156
157112401,3,24,2,24,1,4,3,3.1744
159082922,3,29,2,22,1,4,4,4.2126
154071530,3,15,2,11,1,3,2,2.3921
150304922,3,49,4,0,1,5,4,1.3376
1380941014,3,41,3,-1,1,1,3,2.5373
1030408,2,4,1,-1,1,-1,3,1.2991
1380535004,3,35,3,-1,1,3,3,3.0906
153071618,3,16,2,11,1,3,3,2.2447
150144912,3,49,4,3,1,3,4,1.2564
159143105,3,31,2,24,1,4,4,3.0314
146144843,3,48,4,2,1,4,3,2.4444
146264631,3,46,4,0,1,5,3,1.1451
150154947,3,49,4,3,1,4,4,2.4376
158082822,3,28,2,22,1,4,2,2.9205
1381328022,3,28,3,-1,1,4,3,2.6779
146284809,3,48,4,0,1,5,3,1.941
158122513,3,25,2,24,1,4,2,3.7776
1050610,2,6,1,-1,1,-1,4,2.4189
155151603,3,16,2,13,1,4,4,2.4082
157123105,3,31,2,24,1,3,3,3.9726
1420536032,3,36,3,-1,1,3,2,2.687
1420738038,3,38,3,-1,1,4,2,3.1519
159122511,3,25,2,24,1,4,4,3.2439
1421229003,3,29,3,-1,1,3,2,2.746
1401328036,3,28,3,-1,1,4,4,3.4751
150134837,3,48,4,2,1,4,4,1.6564
154112011,3,20,2,11,1,3,2,2.501
1170382,3,4,1,2,1,4,4,6.8708
148044324,3,43,4,1,1,3,2,2.17
1420941011,3,41,3,-1,1,1,2,2.0226
154112033,3,20,2,11,1,3,2,3.6302
163083316,3,33,2,34,1,4,4,3.4439
1050614,2,6,1,-1,1,-1,4,2.7376
158122424,3,24,2,24,1,4,2,3.1835
1400637003,3,37,3,-1,1,3,4,2.8814
146295050,3,50,4,0,1,5,3,1.8616
159143030,3,30,2,24,1,4,4,3.7189
146310133,3,1,4,0,1,5,3,1.3673
1421328030,3,28,3,-1,1,4,2,2.2085
1381328023,3,28,3,-1,1,4,3,2.6893
146321105,3,11,4,0,1,5,3,2.3378
157112533,3,25,2,24,1,4,3,3.0406
154132104,3,21,2,12,1,4,2,2.501
153051438,3,14,2,11,1,1,3,2.6914
146234321,3,43,4,0,1,5,3,1.0952
150284803,3,48,4,0,1,5,4,2.8626
1160816,3,3,1,2,1,4,3,2.3991
155151530,3,15,2,13,1,4,4,2.474
150034348,3,43,4,1,1,1,4,1.3189
158122510,3,25,2,24,1,4,2,3.4737
146234340,3,43,4,0,1,5,3,1.5351
159082810,3,28,2,22,1,4,4,2.5126
153171707,3,17,2,16,1,4,3,4.2266
155051335,3,13,2,11,1,1,4,3.2881
148295021,3,50,4,0,1,5,2,1.1473
155191736,3,17,2,16,1,4,4,2.8051
1050818,2,8,1,-1,1,-1,4,2.6689
163043229,3,32,2,32,1,1,4,3.4126
159192711,3,27,2,26,1,3,4,3.0564
148134811,3,48,4,2,1,3,2,1.9387
150124812,3,48,4,2,1,3,4,1.8251
157182739,3,27,2,26,1,3,3,2.9635
154051318,3,13,2,11,1,1,2,2.6551
150134808,3,48,4,2,1,4,4,1.7064
148284803,3,48,4,0,1,5,2,2.8752
161053212,3,32,2,32,1,3,3,3.4352
150284829,3,48,4,0,1,5,4,2.2064
1420738012,3,38,3,-1,1,4,2,2.9274
1400738036,3,38,3,-1,1,4,4,2.2564
154181722,3,17,2,16,1,3,2,4.6121
1420637030,3,37,3,-1,1,3,2,3.238
150064513,3,45,4,1,1,2,4,1.4001
153112127,3,21,2,11,1,3,3,2.4375
1180322,3,3,1,2,1,3,2,2.3242
1400941038,3,41,3,-1,1,1,4,6.6501
1400942022,3,42,3,-1,1,1,4,0.6689
153071622,3,16,2,11,1,3,3,2.1517
158192724,3,27,2,26,1,3,2,2.6506
1401229007,3,29,3,-1,1,3,4,3.0626
1050706,2,7,1,-1,1,-1,4,2.7939
150064546,3,45,4,1,1,2,4,2.3626
155151528,3,15,2,13,1,4,4,2.0046
1380536021,3,36,3,-1,1,3,3,4.5714
157062309,3,23,2,22,1,2,3,3.6302
1050615,2,6,1,-1,1,-1,4,2.6814
146164933,3,49,4,3,1,4,3,1.9523
146295016,3,50,4,0,1,5,3,2.1587
1420637024,3,37,3,-1,1,3,2,5.5419
162043233,3,32,2,32,1,1,2,2.8139
146244440,3,44,4,0,1,5,3,1.7256
150234422,3,44,4,0,1,5,4,1.3126
158052312,3,23,2,22,1,1,2,2.662
159143029,3,30,2,24,1,4,4,3.6626
159062216,3,22,2,22,1,2,4,3.5626
148264641,3,46,4,0,1,5,2,1.1904
1380535024,3,35,3,-1,1,3,3,3.2766
153051413,3,14,2,11,1,1,3,3.1404
1400942047,3,42,3,-1,1,1,4,3.8814
148304920,3,49,4,0,1,5,2,1.5464
1160798,3,4,1,2,1,3,3,6.8708
159072916,3,29,2,22,1,3,4,3.1501
159143026,3,30,2,24,1,4,4,3.5751
159062214,3,22,2,22,1,2,4,3.5626
153071504,3,15,2,11,1,3,3,3.8615
155051418,3,14,2,11,1,1,4,3.7348
1421328021,3,28,3,-1,1,4,2,2.6825
157072913,3,29,2,22,1,3,3,2.7935
1180033,3,2,1,1,1,1,2,3.8004
148304937,3,49,4,0,1,5,2,1.8117
1401228033,3,28,3,-1,1,3,4,2.4501
150144924,3,49,4,3,1,3,4,1.0126
1380536023,3,36,3,-1,1,3,3,3.6099
1421329029,3,29,3,-1,1,4,2,2.0498
148310108,3,1,4,0,1,5,2,2.492
157182628,3,26,2,26,1,3,3,3.4329
159052213,3,22,2,22,1,1,4,2.8751
159133004,3,30,2,24,1,3,4,4.6189
1420637002,3,37,3,-1,1,3,2,3.0952
157182728,3,27,2,26,1,3,3,2.7277
1420737023,3,37,3,-1,1,4,2,5.6825
146244414,3,44,4,0,1,5,3,1.8163
1030107,2,1,1,-1,1,-1,3,2.8388
159062227,3,22,2,22,1,2,4,3.9689
158062302,3,23,2,22,1,2,2,3.925
148295001,3,50,4,0,1,5,2,2.3015
1400637013,3,37,3,-1,1,3,4,4.9376
158192712,3,27,2,26,1,3,2,2.3649
154181937,3,19,2,16,1,3,2,3.0542
1421228014,3,28,3,-1,1,3,2,2.3514
1160801,3,3,1,2,1,4,3,2.7413
150154926,3,49,4,3,1,4,4,1.5314
153161716,3,17,2,16,1,3,3,3.0973
158052322,3,23,2,22,1,1,2,2.8161
1180114,3,5,1,1,1,4,2,2.6371
146321144,3,11,4,0,1,5,3,2.8072
153171911,3,19,2,16,1,4,3,3.5236
146154937,3,49,4,3,1,3,3,1.9682
154132020,3,20,2,12,1,4,2,2.7209
158122434,3,24,2,24,1,4,2,4.1971
163043219,3,32,2,32,1,1,4,4.4814
1170321,3,3,1,2,1,3,4,2.9094
1420738025,3,38,3,-1,1,4,2,3.0544
1380638022,3,38,3,-1,1,3,3,2.7686
148274730,3,47,4,0,1,5,2,2.5124
1400942038,3,42,3,-1,1,1,4,3.9876
150205033,3,50,4,6,1,3,4,1.4814
153171736,3,17,2,16,1,4,3,2.7232
1170004,3,1,1,1,1,1,4,3.0477
146134836,3,48,4,2,1,3,3,2.4693
159072816,3,28,2,22,1,3,4,2.4564
158122402,3,24,2,24,1,4,2,3.2606
159052337,3,23,2,22,1,1,4,3.3939
1180376,3,4,1,2,1,4,2,6.8616
1170049,3,1,1,1,1,3,4,2.7914
148134826,3,48,4,2,1,3,2,2.0634
154141619,3,16,2,13,1,4,2,2.5395
159143033,3,30,2,24,1,4,4,3.7376
1180117,3,5,1,1,1,4,2,2.5328
146164907,3,49,4,3,1,4,3,1.365
159062333,3,23,2,22,1,2,4,3.8564
150034323,3,43,4,1,1,1,4,1.0814
1420738007,3,38,3,-1,1,4,2,2.6825
161083317,3,33,2,34,1,4,3,3.9431
1050203,2,2,1,-1,1,-1,4,3.3814
154071614,3,16,2,11,1,3,2,2.739
1160804,3,3,1,2,1,4,3,3.3665
1420637021,3,37,3,-1,1,3,2,5.6961
150310124,3,1,4,0,1,5,4,3.6439
159133038,3,30,2,24,1,3,4,3.0939
148295007,3,50,4,0,1,5,2,1.2902
1421329030,3,29,3,-1,1,4,2,3.229
148244411,3,44,4,0,1,5,2,1.6689
1401329007,3,29,3,-1,1,4,4,3.0689
157182718,3,27,2,26,1,3,3,3.0044
1050410,2,4,1,-1,1,-1,4,3.5814
154141509,3,15,2,13,1,4,2,2.2198
161043206,3,32,2,32,1,1,3,3.3853
154171929,3,19,2,16,1,4,2,3.5508
159192627,3,26,2,26,1,3,4,3.0626
163043234,3,32,2,32,1,1,4,3.0439
154181716,3,17,2,16,1,3,2,3.0973
148284835,3,48,4,0,1,5,2,2.0793
1401328020,3,28,3,-1,1,4,4,4.5626
146074515,3,45,4,1,1,2,3,1.3968
148274719,3,47,4,0,1,5,2,1.3968
1060119,2,1,1,-1,1,-1,2,2.941
161083314,3,33,2,34,1,4,3,2.2991
1400941027,3,41,3,-1,1,1,4,0.5001
159192735,3,27,2,26,1,3,4,2.7814
1421328023,3,28,3,-1,1,4,2,2.755
159052314,3,23,2,22,1,1,4,3.5876
155122004,3,20,2,11,1,3,4,3.1361
1170373,3,4,1,2,1,4,4,2.6191
1050319,2,3,1,-1,1,-1,4,2.6689
153071505,3,15,2,11,1,3,3,2.8411
153122008,3,20,2,12,1,4,3,3.3105
1180012,3,1,1,1,1,1,2,3.0544
1380536038,3,36,3,-1,1,3,3,2.9092
1170015,3,1,1,1,1,1,4,2.6191
1030110,2,1,1,-1,1,-1,3,2.4034
1380941029,3,41,3,-1,1,1,3,2.1519
157052339,3,23,2,22,1,1,3,4.1041
157123131,3,31,2,24,1,3,3,3.4193
148215040,3,50,4,6,1,3,2,2.1723
1420637007,3,37,3,-1,1,3,2,4.9432
153161934,3,19,2,16,1,3,3,2.1971
146264624,3,46,4,0,1,5,3,0.8503
153112102,3,21,2,11,1,3,3,3.9726
154051329,3,13,2,11,1,1,2,2.5962
158143035,3,30,2,24,1,4,2,3.7481
1180127,3,5,1,1,1,4,2,3.1995
150064501,3,45,4,1,1,2,4,2.9126
146164937,3,49,4,3,1,4,3,1.7573
148321105,3,11,4,0,1,5,2,2.3265
148044330,3,43,4,1,1,3,2,1.3197
146034307,3,43,4,1,1,1,3,2.8956
159133108,3,31,2,24,1,3,4,3.4126
148074531,3,45,4,1,1,2,2,1.4625
154051425,3,14,2,11,1,1,2,1.7527
1401329014,3,29,3,-1,1,4,4,2.5814
1380535039,3,35,3,-1,1,3,3,2.848
154181921,3,19,2,16,1,3,2,2.2651
150044339,3,43,4,1,1,3,4,1.3376
1060709,2,7,1,-1,1,-1,2,2.6643
1420738023,3,38,3,-1,1,4,2,3.0612
1160813,3,3,1,2,1,4,3,3.2222
146084535,3,45,4,1,1,4,3,1.3378
148044340,3,43,4,1,1,3,2,1.424
148215048,3,50,4,6,1,3,2,1.6394
154112007,3,20,2,11,1,3,2,4.1654
146215027,3,50,4,6,1,3,3,2.4126
150144939,3,49,4,3,1,3,4,1.1814
1400737010,3,37,3,-1,1,4,4,4.5376
154171904,3,19,2,16,1,4,2,2.4783
148310129,3,1,4,0,1,5,2,1.4512
1400637040,3,37,3,-1,1,3,4,3.8126
1420638018,3,38,3,-1,1,3,2,2.9999
148034337,3,43,4,1,1,1,2,1.4058
154141602,3,16,2,13,1,4,2,3.408
163043230,3,32,2,32,1,1,4,2.6189
154171909,3,19,2,16,1,4,2,2.1427
1401329004,3,29,3,-1,1,4,4,3.3689
146295030,3,50,4,0,1,5,3,2.5736
150284822,3,48,4,0,1,5,4,1.6001
1180125,3,5,1,1,1,4,2,3.8185
159122433,3,24,2,24,1,4,4,4.1126
159192723,3,27,2,26,1,3,4,2.8876
1170312,3,3,1,2,1,3,4,2.7278
146284847,3,48,4,0,1,5,3,1.4807
159192606,3,26,2,26,1,3,4,3.5126
154112101,3,21,2,11,1,3,2,4.2873
1380536015,3,36,3,-1,1,3,3,3.5283
162083312,3,33,2,34,1,4,2,3.3808
146264638,3,46,4,0,1,5,3,1.2335
1400536029,3,36,3,-1,1,3,4,2.6814
154071501,3,15,2,11,1,3,2,3.1812
153071626,3,16,2,11,1,3,3,2.3513
150144948,3,49,4,3,1,3,4,2.0376
1400637005,3,37,3,-1,1,3,4,3.4189
1160791,3,4,1,2,1,3,3,3.2789
162033326,3,33,2,31,1,3,2,2.6892
1030805,2,8,1,-1,1,-1,3,2.6642
158133118,3,31,2,24,1,3,2,3.3354
150284802,3,48,4,0,1,5,4,2.3751
150264716,3,47,4,0,1,5,4,1.9314
157062236,3,22,2,22,1,2,3,4.2266
1030807,2,8,1,-1,1,-1,3,1.8932
150205018,3,50,4,6,1,3,4,1.9064
150205007,3,50,4,6,1,3,4,2.7689
148234305,3,43,4,0,1,5,2,2.5351
146284859,3,48,4,0,1,5,3,2.1836
155181914,3,19,2,16,1,3,4,3.415
1030510,2,5,1,-1,1,-1,3,3.1926
146264601,3,46,4,0,1,5,3,1.8253
155142005,3,20,2,12,1,4,4,3.8277
148284844,3,48,4,0,1,5,2,1.9251
162053201,3,32,2,32,1,3,2,3.8479
157082927,3,29,2,22,1,4,3,2.3853
162043224,3,32,2,32,1,1,2,2.8864
154171711,3,17,2,16,1,4,2,2.8434
1170046,3,1,1,1,1,3,4,2.0863
159143103,3,31,2,24,1,4,4,4.4314
153161908,3,19,2,16,1,3,3,2.0724
154141514,3,15,2,13,1,4,2,2.891
1400535006,3,35,3,-1,1,3,4,3.0939
163043222,3,32,2,32,1,1,4,2.5689
158082901,3,29,2,22,1,4,2,2.9341
146164930,3,49,4,3,1,4,3,1.5079
1401228021,3,28,3,-1,1,3,4,3.6626
150144913,3,49,4,3,1,3,4,1.2501
150034313,3,43,4,1,1,1,4,1.3001
150154937,3,49,4,3,1,4,4,1.7814
155191724,3,17,2,16,1,4,4,2.5828
146321146,3,11,4,0,1,5,3,0.7777
1030319,2,3,1,-1,1,-1,3,0.9454
153051429,3,14,2,11,1,1,3,4.0134
1030808,2,8,1,-1,1,-1,3,3.5554
157052207,3,22,2,22,1,1,3,2.4533
148154929,3,49,4,3,1,3,2,1.9319
148074529,3,45,4,1,1,2,2,1.9138
146044304,3,43,4,1,1,3,3,2.6575
159122522,3,25,2,24,1,4,4,4.0939
1170122,3,5,1,1,1,4,4,3.0749
157072832,3,28,2,22,1,3,3,2.3332
148164906,3,49,4,3,1,4,2,2.8548
150124820,3,48,4,2,1,3,4,2.1314
159143128,3,31,2,24,1,4,4,3.6314
148264617,3,46,4,0,1,5,2,1.6779
1420536027,3,36,3,-1,1,3,2,3.7868
146244401,3,44,4,0,1,5,3,2.7641
1421329022,3,29,3,-1,1,4,2,2.789
155122030,3,20,2,11,1,3,4,2.1769
1421329039,3,29,3,-1,1,4,2,3.6303
159122430,3,24,2,24,1,4,4,2.6376
153171906,3,19,2,16,1,4,3,3.8864
155191714,3,17,2,16,1,4,4,4.1747
150064509,3,45,4,1,1,2,4,1.4876
146144809,3,48,4,2,1,4,3,1.9274
158052230,3,22,2,22,1,1,2,2.6189
1060414,2,4,1,-1,1,-1,2,3.9682
159052208,3,22,2,22,1,1,4,2.6376
155051337,3,13,2,11,1,1,4,3.7461
150034343,3,43,4,1,1,1,4,1.5939
158143016,3,30,2,24,1,4,2,7.705
1030718,2,7,1,-1,1,-1,3,1.9341
146284814,3,48,4,0,1,5,3,2.0952
153051320,3,13,2,11,1,1,3,3.1381
1160819,3,4,1,2,1,4,3,4.0023
1400942050,3,42,3,-1,1,1,4,4.5001
1400535008,3,35,3,-1,1,3,4,3.1376
150134833,3,48,4,2,1,4,4,2.2751
155191904,3,19,2,16,1,4,4,2.5601
146264618,3,46,4,0,1,5,3,1.4739
1400738013,3,38,3,-1,1,4,4,3.2439
153051317,3,13,2,11,1,1,3,3.5282
1401328016,3,28,3,-1,1,4,4,2.3251
1160783,3,4,1,2,1,3,3,4.0023
1400942008,3,42,3,-1,1,1,4,1.2189
146044303,3,43,4,1,1,3,3,3.0725
1180348,3,3,1,2,1,4,2,2.4988
150284814,3,48,4,0,1,5,4,7.4001
153171733,3,17,2,16,1,4,3,3.2493
1170094,3,5,1,1,1,2,4,4.3084
158133128,3,31,2,24,1,3,2,3.4057
158143011,3,30,2,24,1,4,2,3.052
158133124,3,31,2,24,1,3,2,4.2062
1401328006,3,28,3,-1,1,4,4,2.5814
1060421,2,4,1,-1,1,-1,2,2.9591
159082937,3,29,2,22,1,4,4,3.8939
157072817,3,28,2,22,1,3,3,2.6075
159133130,3,31,2,24,1,3,4,4.2126
146144805,3,48,4,2,1,4,3,2.7097
1180122,3,5,1,1,1,4,2,2.6825
1060515,2,5,1,-1,1,-1,2,7.9183
158133106,3,31,2,24,1,3,2,2.6438
1401329033,3,29,3,-1,1,4,4,4.5564
1060710,2,7,1,-1,1,-1,2,2.9818
1060415,2,4,1,-1,1,-1,2,5.0226
158133016,3,30,2,24,1,3,2,7.7141
146304915,3,49,4,0,1,5,3,1.204
1380737020,3,37,3,-1,1,4,3,4.3174
146304939,3,49,4,0,1,5,3,1.7913
159133106,3,31,2,24,1,3,4,4.2001
148284831,3,48,4,0,1,5,2,2.0748
154181706,3,17,2,16,1,3,2,6.5712
155181712,3,17,2,16,1,3,4,2.9094
146304933,3,49,4,0,1,5,3,1.7233
1401229035,3,29,3,-1,1,3,4,0.9314
150044308,3,43,4,1,1,3,4,1.0251
1400942037,3,42,3,-1,1,1,4,3.8564
1170054,3,1,1,1,1,3,4,2.4399
157072918,3,29,2,22,1,3,3,2.5803
159122501,3,25,2,24,1,4,4,4.9019
158133114,3,31,2,24,1,3,2,5.5849
1420941013,3,41,3,-1,1,1,2,2.4671
153171935,3,19,2,16,1,4,3,2.5191
150234412,3,44,4,0,1,5,4,1.4251
148215036,3,50,4,6,1,3,2,1.4104
157082912,3,29,2,22,1,4,3,2.6642
146074510,3,45,4,1,1,2,3,1.5056
150224338,3,43,4,0,1,5,4,2.1689
157052232,3,22,2,22,1,1,3,4.3626
1420638003,3,38,3,-1,1,3,2,3.6938
153122001,3,20,2,12,1,4,3,4.6347
153171930,3,19,2,16,1,4,3,1.9409
150295021,3,50,4,0,1,5,4,1.1439
150295046,3,50,4,0,1,5,4,1.6376
157052241,3,22,2,22,1,1,3,3.4284
1401228029,3,28,3,-1,1,3,4,1.8501
1421228020,3,28,3,-1,1,3,2,2.6802
150074519,3,45,4,1,1,4,4,1.6876
1420738032,3,38,3,-1,1,4,2,1.3763
1421229020,3,29,3,-1,1,3,2,3.8866
1401228008,3,28,3,-1,1,3,4,2.8876
159072926,3,29,2,22,1,3,4,2.7126
148264628,3,46,4,0,1,5,2,1.3968
155151501,3,15,2,13,1,4,4,3.2631
1170050,3,1,1,1,1,3,4,3.0523
150154901,3,49,4,3,1,4,4,2.4001
1050804,2,8,1,-1,1,-1,4,2.7314
159192616,3,26,2,26,1,3,4,3.5939
150284818,3,48,4,0,1,5,4,1.4189
1180084,3,5,1,1,1,2,2,3.263
1380942019,3,42,3,-1,1,1,3,5.7573
1400535020,3,35,3,-1,1,3,4,7.1126
159082813,3,28,2,22,1,4,4,0.8814
1380737031,3,37,3,-1,1,4,3,4.1995
1050104,2,1,1,-1,1,-1,4,2.7564
162083326,3,33,2,34,1,4,2,2.6778
158072915,3,29,2,22,1,3,2,2.7232
1030610,2,6,1,-1,1,-1,3,2.2515
1060207,2,2,1,-1,1,-1,2,3.5691
157062304,3,23,2,22,1,2,3,3.1744
159052304,3,23,2,22,1,1,4,3.1314
1170075,3,2,1,1,1,3,4,2.4831
146310122,3,1,4,0,1,5,3,1.1088
1060504,2,5,1,-1,1,-1,2,3.3605
1420637023,3,37,3,-1,1,3,2,3.238
153131628,3,16,2,13,1,4,3,4.0089
1400638019,3,38,3,-1,1,3,4,3.1564
155142031,3,20,2,12,1,4,4,2.6463
1420942012,3,42,3,-1,1,1,2,3.6666
153051407,3,14,2,11,1,1,3,3.6347
1380535003,3,35,3,-1,1,3,3,3.9659
158072908,3,29,2,22,1,3,2,3.2175
1420737027,3,37,3,-1,1,4,2,3.3197
157062306,3,23,2,22,1,2,3,4.6869
1170026,3,2,1,1,1,1,4,3.2404
158062339,3,23,2,22,1,2,2,4.0905
146134841,3,48,4,2,1,3,3,1.3673
155191738,3,17,2,16,1,4,4,3.1792
1180129,3,5,1,1,1,4,2,3.3333
154051340,3,13,2,11,1,1,2,3.4692
153161733,3,17,2,16,1,3,3,3.2493
154171926,3,19,2,16,1,4,2,2.4397
159192626,3,26,2,26,1,3,4,3.2001
155181911,3,19,2,16,1,3,4,3.6055
157112504,3,25,2,24,1,4,3,3.5168
154141526,3,15,2,13,1,4,2,2.925
155191727,3,17,2,16,1,4,4,4.415
1380737022,3,37,3,-1,1,4,3,5.5419
157112430,3,24,2,24,1,4,3,3.1608
159052302,3,23,2,22,1,1,4,3.9189
1170055,3,1,1,1,1,3,4,2.6577
1381229029,3,29,3,-1,1,3,3,2.4081
1060102,2,1,1,-1,1,-1,2,1.8888
155142103,3,21,2,12,1,4,4,2.4536
161033313,3,33,2,31,1,3,3,4.8615
148144838,3,48,4,2,1,4,2,2.1995
163083321,3,33,2,34,1,4,4,7.0564
162033306,3,33,2,31,1,3,2,2.8683
1401328030,3,28,3,-1,1,4,4,2.7876
1420638025,3,38,3,-1,1,3,2,3.1881
153112015,3,20,2,11,1,3,3,3.1177
148244444,3,44,4,0,1,5,2,1.5079
155142039,3,20,2,12,1,4,4,2.9661
146244443,3,44,4,0,1,5,3,2.1496
158062322,3,23,2,22,1,2,2,3.7685
153071515,3,15,2,11,1,3,3,2.3173
1400737023,3,37,3,-1,1,4,4,5.6314
154141515,3,15,2,13,1,4,2,2.3173
1050612,2,6,1,-1,1,-1,4,3.3251
1400535011,3,35,3,-1,1,3,4,5.2251
150044346,3,43,4,1,1,3,4,0.6814
148164941,3,49,4,3,1,4,2,2.1881
146244437,3,44,4,0,1,5,3,1.5283
1400637010,3,37,3,-1,1,3,4,4.6001
1180075,3,2,1,1,1,3,2,3.1768
150254638,3,46,4,0,1,5,4,1.1626
150234408,3,44,4,0,1,5,4,1.4439
1421329003,3,29,3,-1,1,4,2,2.746
1180051,3,1,1,1,1,3,2,2.2335
159133105,3,31,2,24,1,3,4,3.0689
1421329031,3,29,3,-1,1,4,2,2.4149
153051305,3,13,2,11,1,1,3,3.4715
153112023,3,20,2,11,1,3,3,3.6506
1030209,2,2,1,-1,1,-1,3,2.603
158133033,3,30,2,24,1,3,2,4.3037
146244423,3,44,4,0,1,5,3,1.3695
153131614,3,16,2,13,1,4,3,2.739
157082908,3,29,2,22,1,4,3,3.2175
146044328,3,43,4,1,1,3,3,1.1949
155051309,3,13,2,11,1,1,4,3.5284
154141620,3,16,2,13,1,4,2,4.2356
158072813,3,28,2,22,1,3,2,3.2833
150154932,3,49,4,3,1,4,4,1.8814
1420738039,3,38,3,-1,1,4,2,3.4081
154132032,3,20,2,12,1,4,2,3.4397
146310139,3,1,4,0,1,5,3,1.3968
1400535028,3,35,3,-1,1,3,4,3.3501
150234437,3,44,4,0,1,5,4,1.5189
153112029,3,20,2,11,1,3,3,4.4624
146144835,3,48,4,2,1,4,3,2.102
1400637019,3,37,3,-1,1,3,4,4.3626
1170338,3,4,1,2,1,3,4,3.4309
150234442,3,44,4,0,1,5,4,2.4564
1380737026,3,37,3,-1,1,4,3,3.0498
153051334,3,13,2,11,1,1,3,3.5395
146084543,3,45,4,1,1,4,3,2.2947
163083317,3,33,2,34,1,4,4,3.5939
148134821,3,48,4,2,1,3,2,2.102
150205014,3,50,4,6,1,3,4,2.6376
154071615,3,16,2,11,1,3,2,3.0542
154171931,3,19,2,16,1,4,2,2.0769
157062205,3,22,2,22,1,2,3,2.4465
146154915,3,49,4,3,1,3,3,1.7051
153071508,3,15,2,11,1,3,3,2.7572
150295040,3,50,4,0,1,5,4,2.1439
159192621,3,26,2,26,1,3,4,2.6876
158122521,3,25,2,24,1,4,2,3.2991
158072838,3,28,2,22,1,3,2,3.213
154171728,3,17,2,16,1,4,2,2.8003
146034340,3,43,4,1,1,1,3,1.56
148144803,3,48,4,2,1,4,2,2.9024
150144943,3,49,4,3,1,3,4,2.1564
1420738020,3,38,3,-1,1,4,2,0.5691
161053222,3,32,2,32,1,3,3,3.6279
157112429,3,24,2,24,1,4,3,4.0089
1401228036,3,28,3,-1,1,3,4,3.5126
1400535019,3,35,3,-1,1,3,4,4.4001
159122520,3,25,2,24,1,4,4,3.4001
1180356,3,3,1,2,1,4,2,2.9546
153071521,3,15,2,11,1,3,3,2.0951
1030623,2,6,1,-1,1,-1,3,6.2198
1420536018,3,36,3,-1,1,3,2,3.2516
1180032,3,2,1,1,1,1,2,1.1836
1050605,2,6,1,-1,1,-1,4,3.3064
1180351,3,3,1,2,1,4,2,2.9319
162053203,3,32,2,32,1,3,2,7.2674
1401229042,3,29,3,-1,1,3,4,2.4689
153122109,3,21,2,12,1,4,3,4.2515
1050509,2,5,1,-1,1,-1,4,3.4501
155122001,3,20,2,11,1,3,4,4.7166
157133001,3,30,2,24,1,4,3,1.6756
161043239,3,32,2,32,1,1,3,2.6665
155151515,3,15,2,13,1,4,4,2.3991
1180003,3,1,1,1,1,1,2,2.526
1401329012,3,29,3,-1,1,4,4,2.6439
153122102,3,21,2,12,1,4,3,3.9726
148164920,3,49,4,3,1,4,2,1.3401
155181931,3,19,2,16,1,3,4,2.1588
1030814,2,8,1,-1,1,-1,3,3.3105
1420535032,3,35,3,-1,1,3,2,4.9909
158062230,3,22,2,22,1,2,2,3.0474
148134837,3,48,4,2,1,3,2,2.0997
154051411,3,14,2,11,1,1,2,2.5644
150284804,3,48,4,0,1,5,4,2.6501
1160501,3,1,1,1,1,3,3,2.7914
148295047,3,50,4,0,1,5,2,1.8457
1420637005,3,37,3,-1,1,3,2,2.0612
154112109,3,21,2,11,1,3,2,4.2515
157123038,3,30,2,24,1,3,3,3.6098
1180045,3,1,1,1,1,3,2,2.4466
1420638001,3,38,3,-1,1,3,2,2.5918
148044305,3,43,4,1,1,3,2,2.619
1421228004,3,28,3,-1,1,3,2,2.2879
157082916,3,29,2,22,1,4,3,3.154
1380737014,3,37,3,-1,1,4,3,3.7959
153051315,3,13,2,11,1,1,3,3.7186
153161929,3,19,2,16,1,3,3,3.5508
154132136,3,21,2,12,1,4,2,2.3944
155122129,3,21,2,11,1,3,4,2.1792
148134824,3,48,4,2,1,3,2,1.3763
146154929,3,49,4,3,1,3,3,1.9138
1400738023,3,38,3,-1,1,4,4,3.0751
158122410,3,24,2,24,1,4,2,3.2039
146144828,3,48,4,2,1,4,3,2.1269
155051326,3,13,2,11,1,1,4,2.8051
159133016,3,30,2,24,1,3,4,4.0251
150234439,3,44,4,0,1,5,4,1.8064
150074514,3,45,4,1,1,4,4,1.3876
159062226,3,22,2,22,1,2,4,3.5814
158133014,3,30,2,24,1,3,2,3.8093
158122516,3,25,2,24,1,4,2,4.3082
146295036,3,50,4,0,1,5,3,1.4104
1180325,3,3,1,2,1,3,2,3.4376
1160496,3,1,1,1,1,3,3,2.4526
1050510,2,5,1,-1,1,-1,4,3.3439
146284823,3,48,4,0,1,5,3,1.0884
154051433,3,14,2,11,1,1,2,3.0973
155122138,3,21,2,11,1,3,4,2.932
1160463,3,1,1,1,1,1,3,2.7914
148295004,3,50,4,0,1,5,2,2.8367
1421328016,3,28,3,-1,1,4,2,2.4671
157052209,3,22,2,22,1,1,3,3.5418
157112522,3,25,2,24,1,4,3,4.0928
1381329013,3,29,3,-1,1,4,3,2.7709
146164917,3,49,4,3,1,4,3,1.1315
1060717,2,7,1,-1,1,-1,2,3.458
153122110,3,21,2,12,1,4,3,2.7322
1380536035,3,36,3,-1,1,3,3,2.8072
1381229036,3,29,3,-1,1,3,3,5.043
158062225,3,22,2,22,1,2,2,2.9499
157182619,3,26,2,26,1,3,3,3.0044
153161723,3,17,2,16,1,3,3,2.1994
158072806,3,28,2,22,1,3,2,2.7141
158052303,3,23,2,22,1,1,2,3.2629
1170121,3,5,1,1,1,4,4,3.0454
153161936,3,19,2,16,1,3,3,2.1608
148034346,3,43,4,1,1,1,2,0.6779
1380737017,3,37,3,-1,1,4,3,4.3695
1381329004,3,29,3,-1,1,4,3,3.3763
155151604,3,16,2,13,1,4,4,2.8821
157182710,3,27,2,26,1,3,3,2.7481
154132022,3,20,2,12,1,4,2,2.7141
146215034,3,50,4,6,1,3,3,2.6553
148084515,3,45,4,1,1,4,2,1.7051
153051319,3,13,2,11,1,1,3,2.7368
146144844,3,48,4,2,1,4,3,1.5441
1170358,3,3,1,2,1,4,4,2.4513
1060104,2,1,1,-1,1,-1,2,3.1088
150295037,3,50,4,0,1,5,4,1.8814
159052341,3,23,2,22,1,1,4,3.3626
158062208,3,22,2,22,1,2,2,2.7549
1381229035,3,29,3,-1,1,3,3,3.8934
146164921,3,49,4,3,1,4,3,1.2017
155191717,3,17,2,16,1,4,4,4.3515
159122523,3,25,2,24,1,4,4,2.4939
146215032,3,50,4,6,1,3,3,2.1315
154051423,3,14,2,11,1,1,2,3.5667
1050817,2,8,1,-1,1,-1,4,2.9439
155151617,3,16,2,13,1,4,4,3.1134
158143025,3,30,2,24,1,4,2,3.5917
159082914,3,29,2,22,1,4,4,2.9189
158122419,3,24,2,24,1,4,2,3.6551
155181923,3,19,2,16,1,3,4,4.8051
1400737002,3,37,3,-1,1,4,4,2.8689
1160494,3,1,1,1,1,3,3,3.0476
1401328025,3,28,3,-1,1,4,4,2.2189
150304908,3,49,4,0,1,5,4,2.8376
153122135,3,21,2,12,1,4,3,3.1903
154051323,3,13,2,11,1,1,2,3.9477
159133021,3,30,2,24,1,3,4,2.8814
157072814,3,28,2,22,1,3,3,2.7073
155142124,3,21,2,12,1,4,4,3.3742
1401228013,3,28,3,-1,1,3,4,3.1439
153071539,3,15,2,11,1,3,3,2.5486
157072935,3,29,2,22,1,3,3,3.6688
157112537,3,25,2,24,1,4,3,3.8139
1420638037,3,38,3,-1,1,3,2,2.9319
1420637034,3,37,3,-1,1,3,2,4.009
1401329030,3,29,3,-1,1,4,4,3.2439
162033335,3,33,2,31,1,3,2,2.6642
155151503,3,15,2,13,1,4,4,2.1112
148134805,3,48,4,2,1,3,2,2.6167
154132103,3,21,2,12,1,4,2,2.3717
155122003,3,20,2,11,1,3,4,2.8527
148304918,3,49,4,0,1,5,2,1.8934
155081502,3,15,2,11,1,3,4,3.4513
1420638005,3,38,3,-1,1,3,2,2.2335
158143028,3,30,2,24,1,4,2,3.6393
148044304,3,43,4,1,1,3,2,2.5215
148084505,3,45,4,1,1,4,2,2.7822
146304934,3,49,4,0,1,5,3,1.8435
153171928,3,19,2,16,1,4,3,2.3536
155181937,3,19,2,16,1,3,4,3.1361
153071530,3,15,2,11,1,3,3,2.3921
148164922,3,49,4,3,1,4,2,1.0906
150310122,3,1,4,0,1,5,4,3.3314
159072809,3,28,2,22,1,3,4,2.5876
1400942014,3,42,3,-1,1,1,4,0.5439
148164923,3,49,4,3,1,4,2,0.9977
153122037,3,20,2,12,1,4,3,2.2674
158082819,3,28,2,22,1,4,2,2.6665
1160520,3,2,1,1,1,3,3,3.0749
1170328,3,3,1,2,1,3,4,2.3992
158082921,3,29,2,22,1,4,2,2.9409
1421228008,3,28,3,-1,1,3,2,2.8593
1030803,2,8,1,-1,1,-1,3,3.5576
159062307,3,23,2,22,1,2,4,4.6314
153122017,3,20,2,12,1,4,3,2.247
155122012,3,20,2,11,1,3,4,2.3901
159122515,3,25,2,24,1,4,4,5.2689
1401229002,3,29,3,-1,1,3,4,2.6876
157062223,3,22,2,22,1,2,3,2.9227
154141537,3,15,2,13,1,4,2,2.7595
150304930,3,49,4,0,1,5,4,1.9314
157123114,3,31,2,24,1,3,3,3.6007
148295034,3,50,4,0,1,5,2,1.3809
148274734,3,47,4,0,1,5,2,1.6802
148074505,3,45,4,1,1,2,2,2.7822
155051438,3,14,2,11,1,1,4,2.7733
1060807,2,8,1,-1,1,-1,2,3.7074
146215036,3,50,4,6,1,3,3,2.551
1380536029,3,36,3,-1,1,3,3,2.7051
1380638009,3,38,3,-1,1,3,3,2.5623
1400536008,3,36,3,-1,1,3,4,4.8876
146084539,3,45,4,1,1,4,3,1.6144
154171924,3,19,2,16,1,4,2,3.8252
148310112,3,1,4,0,1,5,2,1.4534
1381229022,3,29,3,-1,1,3,3,3.3038
150154940,3,49,4,3,1,4,4,1.8001
150144903,3,49,4,3,1,3,4,2.7064
150205027,3,50,4,6,1,3,4,2.1626
159062310,3,23,2,22,1,2,4,3.9376
1380941033,3,41,3,-1,1,1,3,3.0725
159192737,3,27,2,26,1,3,4,3.0126
154071535,3,15,2,11,1,3,2,2.9794
148264630,3,46,4,0,1,5,2,1.9183
157072941,3,29,2,22,1,3,3,2.51
1160809,3,3,1,2,1,4,3,2.9093
1400941014,3,41,3,-1,1,1,4,2.5376
1420738040,3,38,3,-1,1,4,2,2.9251
1400941029,3,41,3,-1,1,1,4,2.4064
1380941037,3,41,3,-1,1,1,3,3.2516
150321114,3,11,4,0,1,5,4,4.1814
163053216,3,32,2,32,1,3,4,3.5376
153051316,3,13,2,11,1,1,3,3.5849
148264647,3,46,4,0,1,5,2,1.1496
1381329011,3,29,3,-1,1,4,3,2.5147
146284813,3,48,4,0,1,5,3,1.424
1170030,3,2,1,1,1,1,4,3.0749
146074528,3,45,4,1,1,2,3,1.5986
153131516,3,15,2,13,1,4,3,2.1064
153071534,3,15,2,11,1,3,3,2.4919
155122111,3,21,2,11,1,3,4,4.0114
1421328024,3,28,3,-1,1,4,2,2.2131
150044331,3,43,4,1,1,3,4,1.3189
154071529,3,15,2,11,1,3,2,2.1132
1400941013,3,41,3,-1,1,1,4,2.4689
150284830,3,48,4,0,1,5,4,1.3376
153051322,3,13,2,11,1,1,3,6.9091
153122031,3,20,2,12,1,4,3,2.5644
1060202,2,2,1,-1,1,-1,2,3.0589
148234311,3,43,4,0,1,5,2,1.5963
150264703,3,47,4,0,1,5,4,3.2314
154071511,3,15,2,11,1,3,2,2.1722
146144831,3,48,4,2,1,4,3,2.068
1400941007,3,41,3,-1,1,1,4,3.0689
148215015,3,50,4,6,1,3,2,2.1246
1380737030,3,37,3,-1,1,4,3,4.009
157082837,3,28,2,22,1,4,3,3.2152
1420638038,3,38,3,-1,1,3,2,2.4013
1420942022,3,42,3,-1,1,1,2,4.2426
154051405,3,14,2,11,1,1,2,3.5486
159133026,3,30,2,24,1,3,4,3.0501
1401229028,3,29,3,-1,1,3,4,2.2501
1380942005,3,42,3,-1,1,1,3,2.7936
155151510,3,15,2,13,1,4,4,3.1066
159122419,3,24,2,24,1,4,4,3.1626
1380942025,3,42,3,-1,1,1,3,3.3423
157082819,3,28,2,22,1,4,3,2.6642
158192637,3,26,2,26,1,3,2,2.9318
146264642,3,46,4,0,1,5,3,3.3786
1400638002,3,38,3,-1,1,3,4,3.3314
162043231,3,32,2,32,1,1,2,2.6937
150154905,3,49,4,3,1,4,4,2.8001
1421229018,3,29,3,-1,1,3,2,2.5668
146284821,3,48,4,0,1,5,3,1.7142
148264619,3,46,4,0,1,5,2,1.2358
146044332,3,43,4,1,1,3,3,1.3854
1420942015,3,42,3,-1,1,1,2,4.56
1180015,3,1,1,1,1,1,2,2.6212
155191914,3,19,2,16,1,4,4,3.415
1380535006,3,35,3,-1,1,3,3,3.1292
1420738021,3,38,3,-1,1,4,2,3.1088
146034309,3,43,4,1,1,1,3,1.3786
158062326,3,23,2,22,1,2,2,3.2606
150044330,3,43,4,1,1,3,4,1.7251
1050809,2,8,1,-1,1,-1,4,2.8814
146074539,3,45,4,1,1,2,3,0.6621
162043211,3,32,2,32,1,1,2,2.9953
163083333,3,33,2,34,1,4,4,2.9939
1420942006,3,42,3,-1,1,1,2,3.8571
153131619,3,16,2,13,1,4,3,2.5395
159143139,3,31,2,24,1,4,4,4.0876
159062304,3,23,2,22,1,2,4,3.2189
159192617,3,26,2,26,1,3,4,4.4251
159052305,3,23,2,22,1,1,4,3.6876
154112019,3,20,2,11,1,3,2,2.6506
1420536031,3,36,3,-1,1,3,2,3.0725
148284837,3,48,4,0,1,5,2,1.6212
158072924,3,29,2,22,1,3,2,2.959
159133111,3,31,2,24,1,3,4,4.7064
153171903,3,19,2,16,1,4,3,2.4579
148234329,3,43,4,0,1,5,2,1.619
148244437,3,44,4,0,1,5,2,1.5668
157072823,3,28,2,22,1,3,3,2.8434
157123013,3,30,2,24,1,3,3,3.9658
155191734,3,17,2,16,1,4,4,2.5171
148295030,3,50,4,0,1,5,2,1.9274
153051340,3,13,2,11,1,1,3,3.4692
154071531,3,15,2,11,1,3,2,3.1971
157112428,3,24,2,24,1,4,3,3.8955
146044329,3,43,4,1,1,3,3,1.5872
148154937,3,49,4,3,1,3,2,1.95
146244411,3,44,4,0,1,5,3,1.7709
158072932,3,29,2,22,1,3,2,5.2175
150044335,3,43,4,1,1,3,4,1.2564
154141539,3,15,2,13,1,4,2,2.5486
158052223,3,22,2,22,1,1,2,2.9273
155181920,3,19,2,16,1,3,4,2.2223
155081504,3,15,2,11,1,3,4,3.9434
148044326,3,43,4,1,1,3,2,1.1927
153171924,3,19,2,16,1,4,3,3.8252
153131508,3,15,2,13,1,4,3,2.7572
1030405,2,4,1,-1,1,-1,3,3.6211
1420637031,3,37,3,-1,1,3,2,3.492
161043233,3,32,2,32,1,1,3,2.8728
158082925,3,29,2,22,1,4,2,3.3785
148215029,3,50,4,6,1,3,2,2.0453
1380737012,3,37,3,-1,1,4,3,4.204
159082812,3,28,2,22,1,4,4,2.6001
159062217,3,22,2,22,1,2,4,3.0626
148244438,3,44,4,0,1,5,2,1.8707
148234343,3,43,4,0,1,5,2,2.1881
154051430,3,14,2,11,1,1,2,3.1835
1160513,3,2,1,1,1,3,3,3.5374
1421328035,3,28,3,-1,1,4,2,3.3809
153112112,3,21,2,11,1,3,3,2.7141
1420536035,3,36,3,-1,1,3,2,2.8367
1060613,2,6,1,-1,1,-1,2,2.009
150034312,3,43,4,1,1,1,4,1.4064
163083318,3,33,2,34,1,4,4,1.9626
1380536010,3,36,3,-1,1,3,3,3.365
1400638024,3,38,3,-1,1,3,4,2.6314
158072808,3,28,2,22,1,3,2,3.0633
150310102,3,1,4,0,1,5,4,2.4001
150034301,3,43,4,1,1,1,4,1.8751
157133026,3,30,2,24,1,4,3,3.2969
159143123,3,31,2,24,1,4,4,3.0689
157062317,3,23,2,22,1,2,3,5.9273
1060817,2,8,1,-1,1,-1,2,2.8548
158052337,3,23,2,22,1,1,2,3.4715
155051312,3,13,2,11,1,1,4,3.5443
1180311,3,3,1,2,1,3,2,3.3673
1170035,3,2,1,1,1,1,4,3.1838
150234419,3,44,4,0,1,5,4,1.6251
154171927,3,19,2,16,1,4,2,1.798
1380942035,3,42,3,-1,1,1,3,6.2924
146084529,3,45,4,1,1,4,3,2.2993
153131602,3,16,2,13,1,4,3,3.408
157112424,3,24,2,24,1,4,3,3.6733
146304924,3,49,4,0,1,5,3,1.0702
157052302,3,23,2,22,1,1,3,3.925
150205025,3,50,4,6,1,3,4,1.9814
150304915,3,49,4,0,1,5,4,1.1939
150264706,3,47,4,0,1,5,4,2.1689
1050404,2,4,1,-1,1,-1,4,3.8814
154141529,3,15,2,13,1,4,2,2.1132
159082935,3,29,2,22,1,4,4,3.0064
1380737028,3,37,3,-1,1,4,3,3.2403
146234336,3,43,4,0,1,5,3,1.8571
1420941002,3,41,3,-1,1,1,2,2.2562
1400738022,3,38,3,-1,1,4,4,2.5376
155191723,3,17,2,16,1,4,4,2.2813
1180324,3,3,1,2,1,3,2,2.941
1381228035,3,28,3,-1,1,3,3,2.4693
163033303,3,33,2,31,1,3,4,3.6126
150295018,3,50,4,0,1,5,4,1.6314
1400738018,3,38,3,-1,1,4,4,3.5939
1160504,3,1,1,1,1,3,3,2.2744
161053235,3,32,2,32,1,3,3,2.6053
1030214,2,2,1,-1,1,-1,3,1.4012
158122431,3,24,2,24,1,4,2,3.73
1160581,3,5,1,1,1,4,3,3.6735
1380536017,3,36,3,-1,1,3,3,2.3605
159192741,3,27,2,26,1,3,4,2.4001
153122020,3,20,2,12,1,4,3,2.7209
155142022,3,20,2,12,1,4,4,2.796
158122430,3,24,2,24,1,4,2,2.6529
159072932,3,29,2,22,1,3,4,2.5751
1050802,2,8,1,-1,1,-1,4,4.3876
1060605,2,6,1,-1,1,-1,2,3.2879
146274711,3,47,4,0,1,5,3,1.5736
155151538,3,15,2,13,1,4,4,2.4513
159122506,3,25,2,24,1,4,4,3.1314
155081626,3,16,2,11,1,3,4,2.4332
150284843,3,48,4,0,1,5,4,2.7939
146215035,3,50,4,6,1,3,3,1.39
158072931,3,29,2,22,1,3,2,2.9726
1380738009,3,38,3,-1,1,4,3,2.5782
154171731,3,17,2,16,1,4,2,2.501
148215003,3,50,4,6,1,3,2,3.0997
159082819,3,28,2,22,1,4,4,2.9189
155122110,3,21,2,11,1,3,4,2.8141
154051327,3,13,2,11,1,1,2,3.222
158192627,3,26,2,26,1,3,2,3.4102
1421328007,3,28,3,-1,1,4,2,3.3809
1380638027,3,38,3,-1,1,3,3,2.7936
163033317,3,33,2,31,1,3,4,2.9376
1400738021,3,38,3,-1,1,4,4,1.0314
159122422,3,24,2,24,1,4,4,2.4439
155151534,3,15,2,13,1,4,4,2.5738
1420638040,3,38,3,-1,1,3,2,2.2902
154132110,3,21,2,12,1,4,2,2.7322
1420942023,3,42,3,-1,1,1,2,4.1337
1050210,2,2,1,-1,1,-1,4,3.7064
148244419,3,44,4,0,1,5,2,1.6258
146295012,3,50,4,0,1,5,3,1.7074
150064511,3,45,4,1,1,2,4,1.6689
146215008,3,50,4,6,1,3,3,1.297
159133027,3,30,2,24,1,3,4,3.6126
146034336,3,43,4,1,1,1,3,1.848
157082913,3,29,2,22,1,4,3,2.7912
154141501,3,15,2,13,1,4,2,3.1812
155191703,3,17,2,16,1,4,4,3.1838
1170129,3,5,1,1,1,4,4,3.6736
1400535024,3,35,3,-1,1,3,4,3.2939
1380637016,3,37,3,-1,1,3,3,3.1519
158192725,3,27,2,26,1,3,2,2.9091
157062212,3,22,2,22,1,2,3,3.1676
1160505,3,1,1,1,1,3,3,2.6191
150310106,3,1,4,0,1,5,4,1.3876
1420942038,3,42,3,-1,1,1,2,3.5169
1160546,3,5,1,1,1,2,3,4.3084
154051302,3,13,2,11,1,1,2,5.2719
159192712,3,27,2,26,1,3,4,1.8626
1170078,3,5,1,1,1,2,4,2.6393
155191925,3,19,2,16,1,4,4,2.796
146244435,3,44,4,0,1,5,3,1.5804
155122102,3,21,2,11,1,3,4,4.0545
161043207,3,32,2,32,1,1,3,2.4851
159133018,3,30,2,24,1,3,4,4.1251
155081535,3,15,2,11,1,3,4,3.0612
1380941010,3,41,3,-1,1,1,3,2.7709
1420737015,3,37,3,-1,1,4,2,4.9002
150034307,3,43,4,1,1,1,4,2.9001
153051440,3,14,2,11,1,1,3,2.4556
159143111,3,31,2,24,1,4,4,4.7126
1380738029,3,38,3,-1,1,4,3,2.5736
1160832,3,4,1,2,1,4,3,3.508
1180315,3,3,1,2,1,3,2,3.9773
158192738,3,27,2,26,1,3,2,2.6824
148134802,3,48,4,2,1,3,2,3.9773
153112122,3,21,2,11,1,3,3,3.8161
153051326,3,13,2,11,1,1,3,2.7232
148284822,3,48,4,0,1,5,2,1.3287
150154903,3,49,4,3,1,4,4,2.5126
157062308,3,23,2,22,1,2,3,3.7141
1060408,2,4,1,-1,1,-1,2,2.9841
154132115,3,21,2,12,1,4,2,3.1835
146134834,3,48,4,2,1,3,3,1.7754
157052219,3,22,2,22,1,1,3,3.5418
146084526,3,45,4,1,1,4,3,1.5895
157082911,3,29,2,22,1,4,3,4.3944
150295036,3,50,4,0,1,5,4,1.9689
1160536,3,5,1,1,1,2,3,3.0454
158192611,3,26,2,26,1,3,2,3.086
1420535017,3,35,3,-1,1,3,2,4.3514
154071510,3,15,2,11,1,3,2,3.0248
1060819,2,8,1,-1,1,-1,2,2.6666
148134808,3,48,4,2,1,3,2,2.7641
1180082,3,5,1,1,1,2,2,2.5283
1160772,3,3,1,2,1,3,3,3.9773
150295033,3,50,4,0,1,5,4,2.6501
1401329022,3,29,3,-1,1,4,4,2.7439
150310127,3,1,4,0,1,5,4,4.1939
153051414,3,14,2,11,1,1,3,2.8207
150064545,3,45,4,1,1,2,4,0.9564
146310142,3,1,4,0,1,5,3,1.8231
155142006,3,20,2,12,1,4,4,3.8594
153112007,3,20,2,11,1,3,3,4.1654
1050413,2,4,1,-1,1,-1,4,3.9689
1420637008,3,37,3,-1,1,3,2,4.7981
1400638015,3,38,3,-1,1,3,4,2.9689
146154938,3,49,4,3,1,3,3,1.7482
1400536030,3,36,3,-1,1,3,4,3.1751
159192637,3,26,2,26,1,3,4,2.7626
159052234,3,22,2,22,1,1,4,3.5251
157182703,3,27,2,26,1,3,3,3.12
1421229014,3,29,3,-1,1,3,2,2.5827
158072830,3,28,2,22,1,3,2,2.9386
1060524,2,5,1,-1,1,-1,2,2.6462
146321133,3,11,4,0,1,5,3,3.3741
154051326,3,13,2,11,1,1,2,2.7232
148234327,3,43,4,0,1,5,2,1.1927
154141630,3,16,2,13,1,4,2,2.5146
146044336,3,43,4,1,1,3,3,1.8503
158062331,3,23,2,22,1,2,2,3.5168
154132137,3,21,2,12,1,4,2,2.2651
150224328,3,43,4,0,1,5,4,1.8939
159052207,3,22,2,22,1,1,4,3.5189
150124841,3,48,4,2,1,3,4,1.7064
148295044,3,50,4,0,1,5,2,1.4897
161083309,3,33,2,34,1,4,3,2.6143
153131627,3,16,2,13,1,4,3,3.247
153122131,3,21,2,12,1,4,3,2.2243
146215038,3,50,4,6,1,3,3,1.8752
155191726,3,17,2,16,1,4,4,3.3289
1160461,3,1,1,1,1,1,3,2.7256
1170020,3,2,1,1,1,1,4,2.9343
1420738002,3,38,3,-1,1,4,2,2.5895
155081624,3,16,2,11,1,3,4,2.5466
1420536036,3,36,3,-1,1,3,2,3.6167
159122438,3,24,2,24,1,4,4,5.3689
146321127,3,11,4,0,1,5,3,1.2358
1381328012,3,28,3,-1,1,4,3,0.7256
153161917,3,19,2,16,1,3,3,2.5327
1380941020,3,41,3,-1,1,1,3,4.4875
153161724,3,17,2,16,1,3,3,2.501
146304925,3,49,4,0,1,5,3,1.0294
159072803,3,28,2,22,1,3,4,2.9626
157123118,3,31,2,24,1,3,3,3.3966
158062318,3,23,2,22,1,2,2,6.9046
1421229019,3,29,3,-1,1,3,2,2.9727
163033325,3,33,2,31,1,3,4,2.6876
1381329031,3,29,3,-1,1,4,3,2.4217
1381328029,3,28,3,-1,1,4,3,1.8321
153161717,3,17,2,16,1,3,3,4.2697
1160458,3,1,1,1,1,1,3,2.4526
158122511,3,25,2,24,1,4,2,3.2402
1381328011,3,28,3,-1,1,4,3,2.4353
1421229006,3,29,3,-1,1,3,2,3.0748
1420942025,3,42,3,-1,1,1,2,3.3423
154112107,3,21,2,11,1,3,2,2.5849
158082817,3,28,2,22,1,4,2,2.5917
1401228039,3,28,3,-1,1,3,4,2.3439
159192631,3,26,2,26,1,3,4,3.9689
1170086,3,5,1,1,1,2,4,2.6803
159082908,3,29,2,22,1,4,4,3.2251
150034325,3,43,4,1,1,1,4,0.9189
161083337,3,33,2,34,1,4,3,3.4873
159133011,3,30,2,24,1,3,4,3.8439
146295049,3,50,4,0,1,5,3,1.6689
150154918,3,49,4,3,1,4,4,1.5314
155142133,3,21,2,12,1,4,4,2.6259
1401328002,3,28,3,-1,1,4,4,3.3251
146234322,3,43,4,0,1,5,3,0.7097
148034318,3,43,4,1,1,1,2,1.0884
150124810,3,48,4,2,1,3,4,2.0939
157182606,3,26,2,26,1,3,3,3.5168
146044324,3,43,4,1,1,3,3,0.8866
1030504,2,5,1,-1,1,-1,3,2.6982
155142026,3,20,2,12,1,4,4,3.1792
153051310,3,13,2,11,1,1,3,3.0248
162053208,3,32,2,32,1,3,2,3.2356
148134830,3,48,4,2,1,3,2,2.2063
1180008,3,1,1,1,1,1,2,2.0838
155142114,3,21,2,12,1,4,4,3.4128
158062319,3,23,2,22,1,2,2,4.6665
159082902,3,29,2,22,1,4,4,3.5376
1180373,3,4,1,2,1,4,2,4.4557
1160508,3,1,1,1,1,3,3,2.3946
153051331,3,13,2,11,1,1,3,2.9295
1180019,3,1,1,1,1,1,2,3.0135
1050214,2,2,1,-1,1,-1,4,2.4689
158192602,3,26,2,26,1,3,2,3.3059
159143019,3,30,2,24,1,4,4,3.9501
1400941018,3,41,3,-1,1,1,4,1.7689
148034336,3,43,4,1,1,1,2,1.8321
153071538,3,15,2,11,1,3,3,2.3694
148295013,3,50,4,0,1,5,2,1.2199
159062312,3,23,2,22,1,2,4,2.6564
148144839,3,48,4,2,1,4,2,2.1088
154181703,3,17,2,16,1,3,2,3.1019
148310132,3,1,4,0,1,5,2,1.492
146074506,3,45,4,1,1,2,3,2.78
158192609,3,26,2,26,1,3,2,3.9
1400738009,3,38,3,-1,1,4,4,3.4314
150310112,3,1,4,0,1,5,4,1.6751
157082812,3,28,2,22,1,4,3,0.857
148144817,3,48,4,2,1,4,2,1.229
153131538,3,15,2,13,1,4,3,2.3694
153171717,3,17,2,16,1,4,3,4.2697
146084536,3,45,4,1,1,4,3,1.6212
148234318,3,43,4,0,1,5,2,1.068
154051436,3,14,2,11,1,1,2,4.9318
1400637020,3,37,3,-1,1,3,4,4.2189
148295003,3,50,4,0,1,5,2,2.5373
1180035,3,2,1,1,1,1,2,2.5578
159192726,3,27,2,26,1,3,4,2.7314
159062324,3,23,2,22,1,2,4,5.0689
162043235,3,32,2,32,1,1,2,2.6211
150304919,3,49,4,0,1,5,4,1.0876
157082824,3,28,2,22,1,4,3,2.925
1420737002,3,37,3,-1,1,4,2,2.8593
1180054,3,1,1,1,1,3,2,2.4398
146310106,3,1,4,0,1,5,3,2.39
158082920,3,29,2,22,1,4,2,2.6801
159072820,3,28,2,22,1,3,4,2.1564
155151618,3,16,2,13,1,4,4,2.3266
148164944,3,49,4,3,1,4,2,1.5328
1060714,2,7,1,-1,1,-1,2,3.1315
1380941027,3,41,3,-1,1,1,3,2.4081
158143119,3,31,2,24,1,4,2,4.1971
163033330,3,33,2,31,1,3,4,3.4876
155051431,3,14,2,11,1,1,4,2.4309
1401228015,3,28,3,-1,1,3,4,2.8189
155081522,3,15,2,11,1,3,4,2.0069
158122526,3,25,2,24,1,4,2,2.9817
1401328009,3,28,3,-1,1,4,4,2.8689
154141538,3,15,2,13,1,4,2,2.3694
155122022,3,20,2,11,1,3,4,2.796
146084538,3,45,4,1,1,4,3,1.5147
158052302,3,23,2,22,1,1,2,3.9227
1400536016,3,36,3,-1,1,3,4,3.1564
150224312,3,43,4,0,1,5,4,1.4001
154132118,3,21,2,12,1,4,2,2.544
157133008,3,30,2,24,1,4,3,4.2493
146295021,3,50,4,0,1,5,3,1.7437
146284817,3,48,4,0,1,5,3,1.4217
146321141,3,11,4,0,1,5,3,1.5396
158052235,3,22,2,22,1,1,2,3.3876
157123127,3,31,2,24,1,3,3,1.9658
154051435,3,14,2,11,1,1,2,2.5418
157133004,3,30,2,24,1,4,3,4.1041
148144826,3,48,4,2,1,4,2,1.5714
153112034,3,20,2,11,1,3,3,3.0746
148144835,3,48,4,2,1,4,2,2.111
1421229002,3,29,3,-1,1,3,2,2.5441
1421328025,3,28,3,-1,1,4,2,2.0271
158072821,3,28,2,22,1,3,2,3.8093
150254640,3,46,4,0,1,5,4,1.4314
148034330,3,43,4,1,1,1,2,1.7233
1420738013,3,38,3,-1,1,4,2,3.2154
150321120,3,11,4,0,1,5,4,3.9751
163033327,3,33,2,31,1,3,4,3.6314
154112008,3,20,2,11,1,3,2,3.3105
1030502,2,5,1,-1,1,-1,3,2.9114
1160767,3,3,1,2,1,3,3,2.4286
157052215,3,22,2,22,1,1,3,2.8796
157112432,3,24,2,24,1,4,3,4.2402
159133114,3,31,2,24,1,3,4,3.8564
150254606,3,46,4,0,1,5,4,2.3689
158122524,3,25,2,24,1,4,2,2.8456
150044342,3,43,4,1,1,3,4,1.5939
157182635,3,26,2,26,1,3,3,3.0588
148284839,3,48,4,0,1,5,2,2.7596
159072807,3,28,2,22,1,3,4,2.2064
146044343,3,43,4,1,1,3,3,2.1677
157082931,3,29,2,22,1,4,3,2.6121
153071604,3,16,2,11,1,3,3,2.8003
1050108,2,1,1,-1,1,-1,4,2.6439
150044320,3,43,4,1,1,3,4,1.1439
148304947,3,49,4,0,1,5,2,1.5759
146284828,3,48,4,0,1,5,3,2.2154
1420638023,3,38,3,-1,1,3,2,3.0544
150134809,3,48,4,2,1,4,4,1.9314
146144826,3,48,4,2,1,4,3,1.6258
1380738024,3,38,3,-1,1,4,3,2.6371
1400536032,3,36,3,-1,1,3,4,2.6751
148234337,3,43,4,0,1,5,2,1.4081
155081606,3,16,2,11,1,3,4,2.7983
154171716,3,17,2,16,1,4,2,3.0973
154071525,3,15,2,11,1,3,2,2.1359
155051306,3,13,2,11,1,1,4,2.4513
146264630,3,46,4,0,1,5,3,3.975
154171706,3,17,2,16,1,4,2,6.5712
1060519,2,5,1,-1,1,-1,2,4.0045
150074536,3,45,4,1,1,4,4,1.6439
148034328,3,43,4,1,1,1,2,1.1881
163043211,3,32,2,32,1,1,4,3.5376
155081630,3,16,2,11,1,3,4,2.5964
1380536026,3,36,3,-1,1,3,3,3.4489
159052335,3,23,2,22,1,1,4,3.2626
153171714,3,17,2,16,1,4,3,4.0928
1030812,2,8,1,-1,1,-1,3,6.5644
155051429,3,14,2,11,1,1,4,4.0953
155181917,3,19,2,16,1,3,4,2.6146
148154944,3,49,4,3,1,3,2,2.9024
146310105,3,1,4,0,1,5,3,2.7437
154051409,3,14,2,11,1,1,2,3.8434
150295013,3,50,4,0,1,5,4,1.2689
150254617,3,46,4,0,1,5,4,1.6689
1030306,2,3,1,-1,1,-1,3,2.6483
1381229037,3,29,3,-1,1,3,3,3.5986
157082909,3,29,2,22,1,4,3,2.7073
158062233,3,22,2,22,1,2,2,2.7096
1170126,3,5,1,1,1,4,4,3.8187
146284826,3,48,4,0,1,5,3,1.619
146134815,3,48,4,2,1,3,3,1.9115
146084502,3,45,4,1,1,4,3,3.1224
150074540,3,45,4,1,1,4,4,1.6189
1401229003,3,29,3,-1,1,3,4,2.7439
154132121,3,21,2,12,1,4,2,3.222
154051335,3,13,2,11,1,1,2,3.2062
159072824,3,28,2,22,1,3,4,2.3564
161033321,3,33,2,31,1,3,3,3.5236
157082902,3,29,2,22,1,4,3,3.4919
157052230,3,22,2,22,1,1,3,3.2356
159122429,3,24,2,24,1,4,4,3.4314
161083316,3,33,2,34,1,4,3,3.7209
1050307,2,3,1,-1,1,-1,4,3.5876
157082907,3,29,2,22,1,4,3,2.9409
153122019,3,20,2,12,1,4,3,2.6506
153131612,3,16,2,13,1,4,3,3.408
153171912,3,19,2,16,1,4,3,2.1676
158192618,3,26,2,26,1,3,2,3.0066
157112415,3,24,2,24,1,4,3,2.8978
148154935,3,49,4,3,1,3,2,0.6983
155122039,3,20,2,11,1,3,4,2.9661
154141519,3,15,2,13,1,4,2,2.2946
159072818,3,28,2,22,1,3,4,2.1001
154132003,3,20,2,12,1,4,2,2.7708
1030402,2,4,1,-1,1,-1,3,2.1699
158082804,3,28,2,22,1,4,2,2.9114
146310144,3,1,4,0,1,5,3,1.0407
148144812,3,48,4,2,1,4,2,1.7596
1050709,2,7,1,-1,1,-1,4,2.5376
154132008,3,20,2,12,1,4,2,3.3105
154112111,3,21,2,11,1,3,2,3.9295
155081537,3,15,2,11,1,3,4,2.8413
1170366,3,3,1,2,1,4,4,3.4627
159072924,3,29,2,22,1,3,4,2.5814
155151518,3,15,2,13,1,4,4,4.3583
157062314,3,23,2,22,1,2,3,3.5803
146034302,3,43,4,1,1,1,3,2.2131
148244443,3,44,4,0,1,5,2,2.1587
146134816,3,48,4,2,1,3,3,2.5578
1180335,3,4,1,2,1,3,2,4.2471
148321119,3,11,4,0,1,5,2,2.1632
148284826,3,48,4,0,1,5,2,1.6099
146144812,3,48,4,2,1,4,3,1.653
146321143,3,11,4,0,1,5,3,4.0612
153131521,3,15,2,13,1,4,3,2.0951
148244415,3,44,4,0,1,5,2,2.238
1170037,3,2,1,1,1,1,4,2.4831
1421328002,3,28,3,-1,1,4,2,3.3514
148084510,3,45,4,1,1,4,2,1.6417
146264617,3,46,4,0,1,5,3,1.6553
157123003,3,30,2,24,1,3,3,5.1835
1030604,2,6,1,-1,1,-1,3,2.5259
159052224,3,22,2,22,1,1,4,2.9439
1421328034,3,28,3,-1,1,4,2,2.4693
157072906,3,29,2,22,1,3,3,3.3966
150074541,3,45,4,1,1,4,4,1.5064
148084540,3,45,4,1,1,4,2,1.619
154112038,3,20,2,11,1,3,2,2.179
146084532,3,45,4,1,1,4,3,1.4671
154171917,3,19,2,16,1,4,2,2.5327
157133102,3,31,2,24,1,4,3,4.1223
163033315,3,33,2,31,1,3,4,2.4564
150034319,3,43,4,1,1,1,4,1.0751
1180313,3,3,1,2,1,3,2,2.4988
146154935,3,49,4,3,1,3,3,1.7165
148164905,3,49,4,3,1,4,2,2.7959
150074509,3,45,4,1,1,4,4,1.4876
159192724,3,27,2,26,1,3,4,2.1439
1050102,2,1,1,-1,1,-1,4,3.3251
146164906,3,49,4,3,1,4,3,2.8548
1030212,2,2,1,-1,1,-1,3,3.1381
154141623,3,16,2,13,1,4,2,2.3468
153171929,3,19,2,16,1,4,3,3.5508
159082903,3,29,2,22,1,4,4,2.8314
153112129,3,21,2,11,1,3,3,2.0973
155142017,3,20,2,12,1,4,4,2.3289
150074505,3,45,4,1,1,4,4,2.7751
155122028,3,20,2,11,1,3,4,3.6055
148264614,3,46,4,0,1,5,2,0.9319
158062327,3,23,2,22,1,2,2,3.0044
150034330,3,43,4,1,1,1,4,1.6001
1400737014,3,37,3,-1,1,4,4,3.2501
1380737033,3,37,3,-1,1,4,3,4.4172
148321134,3,11,4,0,1,5,2,2.1723
1381229014,3,29,3,-1,1,3,3,3.2993
162033331,3,33,2,31,1,3,2,3.5871
155081501,3,15,2,11,1,3,4,3.2631
163083312,3,33,2,34,1,4,4,3.1001
148264642,3,46,4,0,1,5,2,1.56
158062211,3,22,2,22,1,2,2,2.637
1401328005,3,28,3,-1,1,4,4,2.2689
1421328011,3,28,3,-1,1,4,2,2.4534
162083301,3,33,2,34,1,4,2,2.0973
155191732,3,17,2,16,1,4,4,3.2427
150124823,3,48,4,2,1,3,4,1.3251
157112530,3,25,2,24,1,4,3,2.6007
153171921,3,19,2,16,1,4,3,2.2651
148044319,3,43,4,1,1,3,2,1.1496
1421328031,3,28,3,-1,1,4,2,2.1201
158082824,3,28,2,22,1,4,2,2.9137
1180094,3,5,1,1,1,2,2,3.331
1170116,3,5,1,1,1,4,4,2.8434
153131618,3,16,2,13,1,4,3,2.2447
154171932,3,19,2,16,1,4,2,2.5395
161043202,3,32,2,32,1,1,3,3.6121
150134812,3,48,4,2,1,4,4,1.5501
153112123,3,21,2,11,1,3,3,3.12
150264714,3,47,4,0,1,5,4,1.5689
153122007,3,20,2,12,1,4,3,4.1654
162043210,3,32,2,32,1,1,2,3.3445
148134838,3,48,4,2,1,3,2,1.8389
159062315,3,23,2,22,1,2,4,3.3064
157082937,3,29,2,22,1,4,3,4.018
150224309,3,43,4,0,1,5,4,1.3939
146134805,3,48,4,2,1,3,3,1.8072
161033315,3,33,2,31,1,3,3,3.5531
154181912,3,19,2,16,1,3,2,2.1676
157052316,3,23,2,22,1,1,3,1.6279
1160535,3,5,1,1,1,2,3,3.2631
157123109,3,31,2,24,1,3,3,2.9771
1380941021,3,41,3,-1,1,1,3,2.6417
153131615,3,16,2,13,1,4,3,3.0542
148244410,3,44,4,0,1,5,2,1.7482
155081615,3,16,2,11,1,3,4,3.1361
148154906,3,49,4,3,1,3,2,2.789
146154940,3,49,4,3,1,3,3,1.9568
150254634,3,46,4,0,1,5,4,1.1689
1170361,3,3,1,2,1,4,4,3.2223
148234316,3,43,4,0,1,5,2,2.2108
148074504,3,45,4,1,1,2,2,2.7437
146074522,3,45,4,1,1,2,3,1.6167
161053216,3,32,2,32,1,3,3,3.3332
159192702,3,27,2,26,1,3,4,2.5501
1060305,2,3,1,-1,1,-1,2,3.1405
159192738,3,27,2,26,1,3,4,2.6939
1421329005,3,29,3,-1,1,4,2,3.2154
1030721,2,7,1,-1,1,-1,3,2.3468
148284808,3,48,4,0,1,5,2,1.7029
1400536015,3,36,3,-1,1,3,4,3.5126
1400941011,3,41,3,-1,1,1,4,2.0251
1030712,2,7,1,-1,1,-1,3,2.8864
158192726,3,27,2,26,1,3,2,3.2288
155142108,3,21,2,12,1,4,4,3.4354
1421328013,3,28,3,-1,1,4,2,2.5714
1420738017,3,38,3,-1,1,4,2,2.5192
146164946,3,49,4,3,1,4,3,1.9931
1050211,2,2,1,-1,1,-1,4,3.3001
153051431,3,14,2,11,1,1,3,2.349
1170045,3,1,1,1,1,3,4,2.4468
162083303,3,33,2,34,1,4,2,3.4193
157062231,3,22,2,22,1,2,3,2.7254
154051413,3,14,2,11,1,1,2,3.1404
1380536039,3,36,3,-1,1,3,3,3.263
162083331,3,33,2,34,1,4,2,3.5531
150234416,3,44,4,0,1,5,4,2.1314
153171715,3,17,2,16,1,4,3,3.6801
161043203,3,32,2,32,1,1,3,7.2787
1060617,2,6,1,-1,1,-1,2,2.6507
1050314,2,3,1,-1,1,-1,4,2.7251
146134813,3,48,4,2,1,3,3,3.4081
1420941038,3,41,3,-1,1,1,2,2.5668
155191931,3,19,2,16,1,4,4,2.1588
1380941008,3,41,3,-1,1,1,3,1.6961
1400536039,3,36,3,-1,1,3,4,3.2564
155181903,3,19,2,16,1,3,4,2.5398
1400941019,3,41,3,-1,1,1,4,2.7689
1160571,3,5,1,1,1,4,3,4.464
157123012,3,30,2,24,1,3,3,3.0588
161053232,3,32,2,32,1,3,3,2.8706
150304944,3,49,4,0,1,5,4,3.3126
1421329037,3,29,3,-1,1,4,2,3.8979
1420637039,3,37,3,-1,1,3,2,4.4512
1381328030,3,28,3,-1,1,4,3,2.7913
1381228008,3,28,3,-1,1,3,3,2.9228
1380738014,3,38,3,-1,1,4,3,3.229
157123010,3,30,2,24,1,3,3,4.3468
157133019,3,30,2,24,1,4,3,6.4193
148084536,3,45,4,1,1,4,2,1.6394
153131515,3,15,2,13,1,4,3,2.3173
1381229009,3,29,3,-1,1,3,3,2.5079
150310115,3,1,4,0,1,5,4,1.4251
159192613,3,26,2,26,1,3,4,3.4689
157082932,3,29,2,22,1,4,3,2.8615
150264724,3,47,4,0,1,5,4,2.0501
1421228009,3,28,3,-1,1,3,2,2.8843
158082914,3,29,2,22,1,4,2,3.1835
154132124,3,21,2,12,1,4,2,3.2923
150074543,3,45,4,1,1,4,4,2.3189
148215033,3,50,4,6,1,3,2,2.1337
157052212,3,22,2,22,1,1,3,2.637
154132029,3,20,2,12,1,4,2,4.4624
148234309,3,43,4,0,1,5,2,1.3832
148034326,3,43,4,1,1,1,2,1.3605
153171737,3,17,2,16,1,4,3,3.086
1400738007,3,38,3,-1,1,4,4,2.6814
146044306,3,43,4,1,1,3,3,2.6144
146295010,3,50,4,0,1,5,3,1.814
148134804,3,48,4,2,1,3,2,1.8321
150310101,3,1,4,0,1,5,4,2.6501
161053203,3,32,2,32,1,3,3,7.2651
150034320,3,43,4,1,1,1,4,1.0189
154141627,3,16,2,13,1,4,2,3.247
155122127,3,21,2,11,1,3,4,2.5193
148134806,3,48,4,2,1,3,2,1.6621
157123005,3,30,2,24,1,3,3,3.9817
159062213,3,22,2,22,1,2,4,2.8751
155081512,3,15,2,11,1,3,4,2.0159
1420637017,3,37,3,-1,1,3,2,3.1269
1421329006,3,29,3,-1,1,4,2,2.7913
146234319,3,43,4,0,1,5,3,1.0249
150254629,3,46,4,0,1,5,4,2.0126
153112101,3,21,2,11,1,3,3,4.2873
158143024,3,30,2,24,1,4,2,3.9341
158122411,3,24,2,24,1,4,2,5.0089
1400637002,3,37,3,-1,1,3,4,3.0876
150144934,3,49,4,3,1,3,4,1.9439
158122423,3,24,2,24,1,4,2,2.3127
158192615,3,26,2,26,1,3,2,4.0996
155122128,3,21,2,11,1,3,4,2.8436
154181907,3,19,2,16,1,3,2,5.2538
1380638036,3,38,3,-1,1,3,3,3.4126
146304936,3,49,4,0,1,5,3,1.687
154132112,3,21,2,12,1,4,2,2.7141
155181922,3,19,2,16,1,3,4,2.8572
155142123,3,21,2,12,1,4,4,3.2019
158052212,3,22,2,22,1,1,2,3.1744
1380737029,3,37,3,-1,1,4,3,3.4988
159062332,3,23,2,22,1,2,4,3.1876
1380737025,3,37,3,-1,1,4,3,3.7029
154181725,3,17,2,16,1,3,2,3.6098
155081509,3,15,2,11,1,3,4,2.3016
157112515,3,25,2,24,1,4,3,5.2583
148244403,3,44,4,0,1,5,2,2.7596
153161927,3,19,2,16,1,3,3,1.798
1421229005,3,29,3,-1,1,3,2,3.2154
150074516,3,45,4,1,1,4,4,1.8564
157182732,3,27,2,26,1,3,3,2.569
154132035,3,20,2,12,1,4,2,2.9046
155122006,3,20,2,11,1,3,4,3.8594
146321130,3,11,4,0,1,5,3,2.2675
1160576,3,5,1,1,1,4,3,3.1179
157052204,3,22,2,22,1,1,3,0.7277
158062212,3,22,2,22,1,2,2,3.1948
155181910,3,19,2,16,1,3,4,2.703
154051437,3,14,2,11,1,1,2,2.7572
148304909,3,49,4,0,1,5,2,1.3809
1170007,3,1,1,1,1,1,4,2.4468
155181912,3,19,2,16,1,3,4,2.2495
148295045,3,50,4,0,1,5,2,1.0203
157133002,3,30,2,24,1,4,3,4.6053
155081531,3,15,2,11,1,3,4,3.2789
157133114,3,31,2,24,1,4,3,3.8025
159133121,3,31,2,24,1,3,4,3.6189
155181913,3,19,2,16,1,3,4,2.9615
158143107,3,31,2,24,1,4,2,3.5486
146034303,3,43,4,1,1,1,3,3.0816
161053209,3,32,2,32,1,3,3,2.3263
1380941035,3,41,3,-1,1,1,3,3.0181
1060512,2,5,1,-1,1,-1,2,2.6349
150134838,3,48,4,2,1,4,4,2.1939
150144916,3,49,4,3,1,3,4,2.0251
150074522,3,45,4,1,1,4,4,1.2376
159082841,3,28,2,22,1,4,4,2.9376
159052308,3,23,2,22,1,1,4,3.7064
159133127,3,31,2,24,1,3,4,2.8751
148084508,3,45,4,1,1,4,2,1.5305
1400638030,3,38,3,-1,1,3,4,2.6626
154051434,3,14,2,11,1,1,2,3.3536
157082807,3,28,2,22,1,4,3,3.5304
150044311,3,43,4,1,1,3,4,1.6001
1400637015,3,37,3,-1,1,3,4,3.2814
146084545,3,45,4,1,1,4,3,1.331
146134822,3,48,4,2,1,3,3,2.1859
159133119,3,31,2,24,1,3,4,3.3314
146084521,3,45,4,1,1,4,3,1.5827
1400536020,3,36,3,-1,1,3,4,3.1564
148264626,3,46,4,0,1,5,2,2.4036
148164945,3,49,4,3,1,4,2,1.5759
1160453,3,1,1,1,1,1,3,3.4195
153071608,3,16,2,11,1,3,3,2.3286
1160545,3,5,1,1,1,2,3,3.3334
148084513,3,45,4,1,1,4,2,1.399
148154923,3,49,4,3,1,3,2,1.1949
154112020,3,20,2,11,1,3,2,2.7209
153161914,3,19,2,16,1,3,3,3.3332
1381229019,3,29,3,-1,1,3,3,3.9342
1050702,2,7,1,-1,1,-1,4,3.2564
154112116,3,21,2,11,1,3,2,3.4171
153161910,3,19,2,16,1,3,3,2.6211
1420738024,3,38,3,-1,1,4,2,2.78
153161737,3,17,2,16,1,3,3,3.086
158062216,3,22,2,22,1,2,2,3.2152
1380738027,3,38,3,-1,1,4,3,2.7959
154051320,3,13,2,11,1,1,2,3.1381
159052315,3,23,2,22,1,1,4,3.5314
148274731,3,47,4,0,1,5,2,1.8571
157072931,3,29,2,22,1,3,3,3.3921
161083301,3,33,2,34,1,4,3,2.0837
148304934,3,49,4,0,1,5,2,1.8752
146310147,3,1,4,0,1,5,3,1.6779
157182617,3,26,2,26,1,3,3,4.9227
1381328002,3,28,3,-1,1,4,3,3.3265
148084545,3,45,4,1,1,4,2,1.3151
1380535018,3,35,3,-1,1,3,3,7.1224
159143012,3,30,2,24,1,4,4,3.0564
150224306,3,43,4,0,1,5,4,2.6314
146284849,3,48,4,0,1,5,3,2.1405
150284811,3,48,4,0,1,5,4,1.5501
146310129,3,1,4,0,1,5,3,1.8934
153071525,3,15,2,11,1,3,3,2.1359
154171707,3,17,2,16,1,4,2,4.2266
159072933,3,29,2,22,1,3,4,2.9064
146244419,3,44,4,0,1,5,3,1.6439
1380737013,3,37,3,-1,1,4,3,3.272
1160792,3,4,1,2,1,3,3,4.2472
154171735,3,17,2,16,1,4,2,6.9794
155051425,3,14,2,11,1,1,4,1.8345
1030108,2,1,1,-1,1,-1,3,3.1019
148074502,3,45,4,1,1,2,2,3.1178
1420638034,3,38,3,-1,1,3,2,2.263
1420638007,3,38,3,-1,1,3,2,3.4534
146134807,3,48,4,2,1,3,3,5.0612
154051420,3,14,2,11,1,1,2,2.569
1401329026,3,29,3,-1,1,4,4,2.7126
148144810,3,48,4,2,1,4,2,2.5578
159122408,3,24,2,24,1,4,4,3.1126
163033322,3,33,2,31,1,3,4,2.5564
1381228006,3,28,3,-1,1,3,3,2.5441
153131607,3,16,2,13,1,4,3,2.1767
148295037,3,50,4,0,1,5,2,1.365
1421229036,3,29,3,-1,1,3,2,5.0612
1381229002,3,29,3,-1,1,3,3,2.6847
161083335,3,33,2,34,1,4,3,2.7232
159122514,3,25,2,24,1,4,4,3.0126
150234443,3,44,4,0,1,5,4,2.1189
1160789,3,4,1,2,1,3,3,2.6191
1170033,3,2,1,1,1,1,4,2.3402
157052332,3,23,2,22,1,1,3,3.0883
1050216,2,2,1,-1,1,-1,4,2.7501
1381328004,3,28,3,-1,1,4,3,2.7981
159143036,3,30,2,24,1,4,4,3.7064
153161713,3,17,2,16,1,3,3,3.5712
150044336,3,43,4,1,1,3,4,1.8501
158143033,3,30,2,24,1,4,2,4.3195
150295019,3,50,4,0,1,5,4,1.8314
1381328020,3,28,3,-1,1,4,3,4.5419
146234339,3,43,4,0,1,5,3,1.3401
162033337,3,33,2,31,1,3,2,3.4896
1400535023,3,35,3,-1,1,3,4,3.0939
146215009,3,50,4,6,1,3,3,1.8503
148044316,3,43,4,1,1,3,2,1.78
1180053,3,1,1,1,1,3,2,2.619
1401329015,3,29,3,-1,1,4,4,3.0001
148144840,3,48,4,2,1,4,2,1.6983
153071605,3,16,2,11,1,3,3,2.6053
148044334,3,43,4,1,1,3,2,1.2562
148154936,3,49,4,3,1,3,2,1.8004
153112014,3,20,2,11,1,3,3,3.3966
148304944,3,49,4,0,1,5,2,3.3015
158062232,3,22,2,22,1,2,2,2.6415
1160572,3,5,1,1,1,4,3,3.2631
155181729,3,17,2,16,1,3,4,3.1361
163083331,3,33,2,34,1,4,4,3.2314
157133013,3,30,2,24,1,4,3,3.8252
1170349,3,3,1,2,1,4,4,2.7413
150295041,3,50,4,0,1,5,4,2.6564
155081608,3,16,2,11,1,3,4,2.4105
158072913,3,29,2,22,1,3,2,2.8025
1050208,2,2,1,-1,1,-1,4,3.5064
157123035,3,30,2,24,1,3,3,3.0883
157062201,3,22,2,22,1,2,3,2.9726
1420536002,3,36,3,-1,1,3,2,5.653
155081610,3,16,2,11,1,3,4,2.6781
154071507,3,15,2,11,1,3,2,2.7957
1401229022,3,29,3,-1,1,3,4,3.9376
1381328016,3,28,3,-1,1,4,3,2.3446
1400638005,3,38,3,-1,1,3,4,2.2126
1401328023,3,28,3,-1,1,4,4,2.6814
157072839,3,28,2,22,1,3,3,2.959
1050815,2,8,1,-1,1,-1,4,3.8376
1400535010,3,35,3,-1,1,3,4,6.4314
148284827,3,48,4,0,1,5,2,1.7664
157082926,3,29,2,22,1,4,3,2.9454
155051424,3,14,2,11,1,1,4,1.3651
1380942008,3,42,3,-1,1,1,3,5.1156
1180081,3,5,1,1,1,2,2,4.1677
150304943,3,49,4,0,1,5,4,2.2001
154071518,3,15,2,11,1,3,2,4.2765
157133121,3,31,2,24,1,4,3,3.5236
158072837,3,28,2,22,1,3,2,3.4443
150304938,3,49,4,0,1,5,4,1.7814
154051412,3,14,2,11,1,1,2,2.9273
148134835,3,48,4,2,1,3,2,2.2017
148034303,3,43,4,1,1,1,2,3.0702
1381228007,3,28,3,-1,1,3,3,3.39
146154912,3,49,4,3,1,3,3,1.2267
1420737019,3,37,3,-1,1,4,2,3.1473
1400941035,3,41,3,-1,1,1,4,3.0376
153051424,3,14,2,11,1,1,3,1.2833
1170060,3,2,1,1,1,3,4,3.5352
159122404,3,24,2,24,1,4,4,2.9564
158072907,3,29,2,22,1,3,2,2.9227
155081539,3,15,2,11,1,3,4,2.6304
161033303,3,33,2,31,1,3,3,3.0497
1380941036,3,41,3,-1,1,1,3,6.8707
150044348,3,43,4,1,1,3,4,1.4876
161033308,3,33,2,31,1,3,3,2.6189
153051411,3,14,2,11,1,1,3,2.5644
157123022,3,30,2,24,1,3,3,3.6257
154112015,3,20,2,11,1,3,2,3.1177
1381329029,3,29,3,-1,1,4,3,2.111
153171926,3,19,2,16,1,4,3,2.4397
158133003,3,30,2,24,1,3,2,4.6234
157062340,3,23,2,22,1,2,3,3.5803
1400637006,3,37,3,-1,1,3,4,4.0439
146244416,3,44,4,0,1,5,3,2.1292
1380737003,3,37,3,-1,1,4,3,3.3718
159072838,3,28,2,22,1,3,4,3.5064
1160506,3,1,1,1,1,3,3,2.4399
157123011,3,30,2,24,1,3,3,3.8502
154141534,3,15,2,13,1,4,2,2.4919
1030111,2,1,1,-1,1,-1,3,2.408
1380941009,3,41,3,-1,1,1,3,2.5215
1420737009,3,37,3,-1,1,4,2,4.8049
157112413,3,24,2,24,1,4,3,3.1041
159133010,3,30,2,24,1,3,4,4.3439
158062202,3,22,2,22,1,2,2,3.0701
150064538,3,45,4,1,1,2,4,1.6126
158133028,3,30,2,24,1,3,2,3.6665
158192714,3,27,2,26,1,3,2,2.6211
146044308,3,43,4,1,1,3,3,1.0158
148044331,3,43,4,1,1,3,2,1.3605
1170044,3,1,1,1,1,3,4,2.4526
154071536,3,15,2,11,1,3,2,2.5191
150034310,3,43,4,1,1,1,4,1.6439
155081508,3,15,2,11,1,3,4,2.8391
148284818,3,48,4,0,1,5,2,2.424
159192634,3,26,2,26,1,3,4,2.5126
146074550,3,45,4,1,1,2,3,1.6167
1401328037,3,28,3,-1,1,4,4,3.3439
148044328,3,43,4,1,1,3,2,1.6462
146044318,3,43,4,1,1,3,3,1.0748
153071629,3,16,2,11,1,3,3,2.9545
150124808,3,48,4,2,1,3,4,3.4001
148274732,3,47,4,0,1,5,2,1.619
157123119,3,31,2,24,1,3,3,4.5259
1180359,3,3,1,2,1,4,2,2.941
146044320,3,43,4,1,1,3,3,1.0113
1180128,3,5,1,1,1,4,2,3.6711
148164916,3,49,4,3,1,4,2,1.9024
150044322,3,43,4,1,1,3,4,1.0876
159082928,3,29,2,22,1,4,4,2.4376
1421228032,3,28,3,-1,1,3,2,1.1246
146044316,3,43,4,1,1,3,3,2.3423
148034320,3,43,4,1,1,1,2,1.1632
148134812,3,48,4,2,1,3,2,2.5646
159192628,3,26,2,26,1,3,4,3.4314
150205005,3,50,4,6,1,3,4,1.2126
154132036,3,20,2,12,1,4,2,3.2243
153112012,3,20,2,11,1,3,3,2.3082
159082907,3,29,2,22,1,4,4,2.9439
1400942005,3,42,3,-1,1,1,4,2.8064
146244403,3,44,4,0,1,5,3,2.7777
150134831,3,48,4,2,1,4,4,1.7626
1170048,3,1,1,1,1,3,4,2.3243
154112134,3,21,2,11,1,3,2,2.1404
146304928,3,49,4,0,1,5,3,1.5305
158192632,3,26,2,26,1,3,2,3.6438
148284814,3,48,4,0,1,5,2,2.0203
158082832,3,28,2,22,1,4,2,2.2991
158062229,3,22,2,22,1,2,2,3.1517
155191924,3,19,2,16,1,4,4,3.9071
146044348,3,43,4,1,1,3,3,1.4897
1180343,3,3,1,2,1,4,2,2.7414
148304933,3,49,4,0,1,5,2,1.6893
1160567,3,5,1,1,1,4,3,2.6393
158192719,3,27,2,26,1,3,2,4.2084
148234338,3,43,4,0,1,5,2,1.6144
150284809,3,48,4,0,1,5,4,2.1814
1421228037,3,28,3,-1,1,3,2,2.3491
1050805,2,8,1,-1,1,-1,4,3.7251
159122435,3,24,2,24,1,4,4,3.3939
1400535013,3,35,3,-1,1,3,4,4.0689
148244447,3,44,4,0,1,5,2,1.7686
153071517,3,15,2,11,1,3,3,2.1245
155181935,3,19,2,16,1,3,4,2.6009
148044309,3,43,4,1,1,3,2,1.6575
158052332,3,23,2,22,1,1,2,3.0928
154181724,3,17,2,16,1,3,2,2.501
1050601,2,6,1,-1,1,-1,4,2.1314
146295005,3,50,4,0,1,5,3,2.5646
146084547,3,45,4,1,1,4,3,2.365
158082814,3,28,2,22,1,4,2,2.7277
150304949,3,49,4,0,1,5,4,2.5689
158072925,3,29,2,22,1,3,2,5.6892
159052307,3,23,2,22,1,1,4,4.6376
148134834,3,48,4,2,1,3,2,2.2743
1400737013,3,37,3,-1,1,4,4,4.2126
153071616,3,16,2,11,1,3,3,2.6166
146295019,3,50,4,0,1,5,3,1.1791
155142008,3,20,2,12,1,4,4,3.3924
1400536018,3,36,3,-1,1,3,4,3.2564
154132132,3,21,2,12,1,4,2,2.3286
159082915,3,29,2,22,1,4,4,2.7251
150304933,3,49,4,0,1,5,4,1.7001
1180346,3,3,1,2,1,4,2,3.3922
157072828,3,28,2,22,1,3,3,4.6166
148321111,3,11,4,0,1,5,2,1.4965
1030811,2,8,1,-1,1,-1,3,2.1381
148134810,3,48,4,2,1,3,2,1.6938
148074508,3,45,4,1,1,2,2,1.5305
1060712,2,7,1,-1,1,-1,2,2.9115
154051429,3,14,2,11,1,1,2,4.0134
155191903,3,19,2,16,1,4,4,2.5398
155191716,3,17,2,16,1,4,4,3.1792
158122429,3,24,2,24,1,4,2,4.0089
150044309,3,43,4,1,1,3,4,1.3814
1380638002,3,38,3,-1,1,3,3,3.3514
1170082,3,5,1,1,1,2,4,4.464
1420737029,3,37,3,-1,1,4,2,3.7256
157072811,3,28,2,22,1,3,3,2.6189
146310127,3,1,4,0,1,5,3,1.4466
150254627,3,46,4,0,1,5,4,1.1939
1380738003,3,38,3,-1,1,4,3,3.6779
146215006,3,50,4,6,1,3,3,2.3673
1060505,2,5,1,-1,1,-1,2,2.848
155191728,3,17,2,16,1,4,4,2.8821
150234440,3,44,4,0,1,5,4,1.6626
157062332,3,23,2,22,1,2,3,3.0928
159052323,3,23,2,22,1,1,4,3.5439
1420637015,3,37,3,-1,1,3,2,3.3061
146154922,3,49,4,3,1,3,3,1.1881
1381329027,3,29,3,-1,1,4,3,2.2607
155122002,3,20,2,11,1,3,4,3.5556
148154909,3,49,4,3,1,3,2,1.8049
1401329003,3,29,3,-1,1,4,4,2.7439
154051416,3,14,2,11,1,1,2,2.8411
150044312,3,43,4,1,1,3,4,1.4001
154171704,3,17,2,16,1,4,2,3.9068
150074532,3,45,4,1,1,4,4,1.4689
153131624,3,16,2,13,1,4,3,2.4647
158082805,3,28,2,22,1,4,2,2.3944
150224337,3,43,4,0,1,5,4,1.6064
155081524,3,15,2,11,1,3,4,2.5488
153131626,3,16,2,13,1,4,3,2.3513
146074516,3,45,4,1,1,2,3,1.39
148074546,3,45,4,1,1,2,2,2.3605
1400738016,3,38,3,-1,1,4,4,3.0126
158122507,3,25,2,24,1,4,2,3.0701
1400535007,3,35,3,-1,1,3,4,3.2251
1381228031,3,28,3,-1,1,3,3,2.2199
1380536033,3,36,3,-1,1,3,3,3.3355
155081528,3,15,2,11,1,3,4,2.0046
148134833,3,48,4,2,1,3,2,2.0612
154071604,3,16,2,11,1,3,2,2.8003
159133034,3,30,2,24,1,3,4,4.2939
1380535037,3,35,3,-1,1,3,3,2.814
146154910,3,49,4,3,1,3,3,1.9773
158133018,3,30,2,24,1,3,2,3.9862
155051310,3,13,2,11,1,1,4,3.1066
157182610,3,26,2,26,1,3,3,3.3989
146284832,3,48,4,0,1,5,3,2.2766
146321134,3,11,4,0,1,5,3,2.1723
158192736,3,27,2,26,1,3,2,2.154
155142107,3,21,2,12,1,4,4,2.6668
150154943,3,49,4,3,1,4,4,2.9376
157072908,3,29,2,22,1,3,3,3.2175
150074545,3,45,4,1,1,4,4,1.3189
148144831,3,48,4,2,1,4,2,2.0657
159192615,3,26,2,26,1,3,4,2.4439
154071505,3,15,2,11,1,3,2,2.8411
148044344,3,43,4,1,1,3,2,0.9954
157072834,3,28,2,22,1,3,3,2.6189
150064506,3,45,4,1,1,2,4,2.6689
155081534,3,15,2,11,1,3,4,2.5738
1421229026,3,29,3,-1,1,3,2,3.9364
146164939,3,49,4,3,1,4,3,1.9115
157182734,3,27,2,26,1,3,3,2.3445
153071617,3,16,2,11,1,3,3,3.0316
1400637004,3,37,3,-1,1,3,4,3.6626
157062339,3,23,2,22,1,2,3,4.0928
159133117,3,31,2,24,1,3,4,3.7689
1060420,2,4,1,-1,1,-1,2,3.7732
163033319,3,33,2,31,1,3,4,2.7751
148044310,3,43,4,1,1,3,2,1.5782
155051409,3,14,2,11,1,1,4,3.9253
1160831,3,4,1,2,1,4,3,4.4558
155081515,3,15,2,11,1,3,4,2.3991
1400941022,3,41,3,-1,1,1,4,2.6189
146274731,3,47,4,0,1,5,3,1.9274
159062335,3,23,2,22,1,2,4,3.3439
1160530,3,5,1,1,1,2,3,2.6393
1060703,2,7,1,-1,1,-1,2,2.5351
146034345,3,43,4,1,1,1,3,0.975
158052321,3,23,2,22,1,1,2,6.5871
153071535,3,15,2,11,1,3,3,2.9794
155142138,3,21,2,12,1,4,4,2.932
150064537,3,45,4,1,1,2,4,1.5126
150064519,3,45,4,1,1,2,4,1.6876
1050712,2,7,1,-1,1,-1,4,3.0439
150224304,3,43,4,0,1,5,4,2.6876
161043238,3,32,2,32,1,1,3,3.1291
155151628,3,16,2,13,1,4,4,4.0908
1420536015,3,36,3,-1,1,3,2,3.5328
158062217,3,22,2,22,1,2,2,3.5622
1400942016,3,42,3,-1,1,1,4,2.3314
158133010,3,30,2,24,1,3,2,3.8524
157052321,3,23,2,22,1,1,3,7.3263
1420535037,3,35,3,-1,1,3,2,2.814
1380737019,3,37,3,-1,1,4,3,5.6711
158062221,3,22,2,22,1,2,2,5.1245
155142010,3,20,2,12,1,4,4,3.5851
150154928,3,49,4,3,1,4,4,1.9376
150264720,3,47,4,0,1,5,4,2.1064
148034301,3,43,4,1,1,1,2,1.8843
1420536011,3,36,3,-1,1,3,2,2.8775
158143005,3,30,2,24,1,4,2,3.7549
1421228024,3,28,3,-1,1,3,2,2.0612
1381328028,3,28,3,-1,1,4,3,2.1246
1380536022,3,36,3,-1,1,3,3,3.4013
148044341,3,43,4,1,1,3,2,1.6031
1050620,2,6,1,-1,1,-1,4,3.5564
162033323,3,33,2,31,1,3,2,2.0066
146134824,3,48,4,2,1,3,3,2.4058
158122518,3,25,2,24,1,4,2,3.5803
1400737017,3,37,3,-1,1,4,4,3.6564
158072927,3,29,2,22,1,3,2,3.3921
1420738026,3,38,3,-1,1,4,2,2.6212
161053230,3,32,2,32,1,3,3,2.8298
1160487,3,2,1,1,1,1,3,3.1837
157182721,3,27,2,26,1,3,3,7.6415
1400942046,3,42,3,-1,1,1,4,2.3626
155081525,3,15,2,11,1,3,4,2.2178
1420637033,3,37,3,-1,1,3,2,4.1995
148074527,3,45,4,1,1,2,2,0.9999
148295020,3,50,4,0,1,5,2,1.3673
154071517,3,15,2,11,1,3,2,2.1245
1421328037,3,28,3,-1,1,4,2,3.0657
146264629,3,46,4,0,1,5,3,2.0226
1420535025,3,35,3,-1,1,3,2,5.0339
1380536024,3,36,3,-1,1,3,3,3.2403
158122432,3,24,2,24,1,4,2,4.2243
148264631,3,46,4,0,1,5,2,1.3174
146164923,3,49,4,3,1,4,3,1.0022
1160578,3,5,1,1,1,4,3,3.8186
146034306,3,43,4,1,1,1,3,2.6235
150044334,3,43,4,1,1,3,4,1.6126
154141617,3,16,2,13,1,4,2,3.0316
146234324,3,43,4,0,1,5,3,0.9138
146304910,3,49,4,0,1,5,3,1.7936
159062323,3,23,2,22,1,2,4,3.0064
1400638025,3,38,3,-1,1,3,4,3.1939
150034337,3,43,4,1,1,1,4,1.8501
1160805,3,3,1,2,1,4,3,3.1089
159072839,3,28,2,22,1,3,4,3.2126
150224332,3,43,4,0,1,5,4,1.4001
163053227,3,32,2,32,1,3,4,3.4626
157182621,3,26,2,26,1,3,3,3.1699
155051328,3,13,2,11,1,1,4,2.6713
158062231,3,22,2,22,1,2,2,4.3694
1381328018,3,28,3,-1,1,4,3,2.7505
150295020,3,50,4,0,1,5,4,1.2626
1400737022,3,37,3,-1,1,4,4,3.2439
155081523,3,15,2,11,1,3,4,2.5193
150254610,3,46,4,0,1,5,4,1.6001
146244439,3,44,4,0,1,5,3,1.746
1401228035,3,28,3,-1,1,3,4,2.4564
155122017,3,20,2,11,1,3,4,2.3289
146310115,3,1,4,0,1,5,3,1.4126
146154942,3,49,4,3,1,3,3,2.1836
153171706,3,17,2,16,1,4,3,6.5712
1400536027,3,36,3,-1,1,3,4,3.8626
148154913,3,49,4,3,1,3,2,1.2652
154171730,3,17,2,16,1,4,2,3.8864
1180022,3,2,1,1,1,1,2,3.5351
1421229024,3,29,3,-1,1,3,2,2.5011
150234444,3,44,4,0,1,5,4,1.5001
148244427,3,44,4,0,1,5,2,1.882
158052306,3,23,2,22,1,1,2,4.7096
155191932,3,19,2,16,1,4,4,2.6214
1180006,3,1,1,1,1,1,2,2.4534
146244436,3,44,4,0,1,5,3,1.7097
148084529,3,45,4,1,1,4,2,2.3015
148144844,3,48,4,2,1,4,2,1.5532
153161920,3,19,2,16,1,3,3,2.1404
1180328,3,4,1,2,1,3,2,3.5736
153122003,3,20,2,12,1,4,3,2.7708
154112133,3,21,2,11,1,3,2,2.544
157123017,3,30,2,24,1,3,3,7.7141
148321121,3,11,4,0,1,5,2,2.2108
1050103,2,1,1,-1,1,-1,4,3.1314
155051339,3,13,2,11,1,1,4,3.1769
154112031,3,20,2,11,1,3,2,2.5644
146234323,3,43,4,0,1,5,3,1.2448
158062223,3,22,2,22,1,2,2,4.2175
154171718,3,17,2,16,1,4,2,2.7912
146034343,3,43,4,1,1,1,3,2.1677
148274741,3,47,4,0,1,5,2,1.687
148234314,3,43,4,0,1,5,2,1.2335
1160492,3,1,1,1,1,3,3,2.8524
159062314,3,23,2,22,1,2,4,3.5814
1050609,2,6,1,-1,1,-1,4,2.5126
161043204,3,32,2,32,1,1,3,3.7096
158192626,3,26,2,26,1,3,2,3.0883
155191913,3,19,2,16,1,4,4,2.9615
153161909,3,19,2,16,1,3,3,2.1427
146321131,3,11,4,0,1,5,3,1.2856
146274712,3,47,4,0,1,5,3,1.9228
155181706,3,17,2,16,1,3,4,6.6531
148074536,3,45,4,1,1,2,2,1.4262
146144818,3,48,4,2,1,4,3,2.3877
146310131,3,1,4,0,1,5,3,1.1315
150264719,3,47,4,0,1,5,4,2.4814
148284847,3,48,4,0,1,5,2,3.1383
153131609,3,16,2,13,1,4,3,3.0746
1180096,3,5,1,1,1,2,2,3.0838
158052210,3,22,2,22,1,1,2,2.5486
161083325,3,33,2,34,1,4,3,2.3558
1380536002,3,36,3,-1,1,3,3,5.6643
148164947,3,49,4,3,1,4,2,2.4512
148234317,3,43,4,0,1,5,2,1.7868
146284860,3,48,4,0,1,5,3,1.8072
146234337,3,43,4,0,1,5,3,1.4058
158192603,3,26,2,26,1,3,2,3.2606
158192614,3,26,2,26,1,3,2,2.9409
1400942040,3,42,3,-1,1,1,4,3.3189
1160511,3,2,1,1,1,3,3,2.9932
148164921,3,49,4,3,1,4,2,1.1927
1401328038,3,28,3,-1,1,4,4,3.0564
1160475,3,2,1,1,1,1,3,3.5374
1400738026,3,38,3,-1,1,4,4,2.6314
1170114,3,5,1,1,1,4,4,6.9343
146274709,3,47,4,0,1,5,3,1.7686
1380941001,3,41,3,-1,1,1,3,2.6235
157133116,3,31,2,24,1,4,3,3.5168
159143135,3,31,2,24,1,4,4,3.8501
1400535014,3,35,3,-1,1,3,4,7.9314
155051302,3,13,2,11,1,1,4,5.3538
155142032,3,20,2,12,1,4,4,3.5216
1421229010,3,29,3,-1,1,3,2,4.1881
155191730,3,17,2,16,1,4,4,3.9683
158143009,3,30,2,24,1,4,2,4.3354
150304936,3,49,4,0,1,5,4,1.6751
157133005,3,30,2,24,1,4,3,3.6506
146044311,3,43,4,1,1,3,3,1.6076
146304907,3,49,4,0,1,5,3,2.8049
159052206,3,22,2,22,1,1,4,4.5876
1401229029,3,29,3,-1,1,3,4,2.2876
146295007,3,50,4,0,1,5,3,2.6417
154112138,3,21,2,11,1,3,2,2.8502
157082802,3,28,2,22,1,4,3,3.4647
148284815,3,48,4,0,1,5,2,2.2358
148234313,3,43,4,0,1,5,2,1.2947
1400738028,3,38,3,-1,1,4,4,3.3814
1421229034,3,29,3,-1,1,3,2,7.9319
153122005,3,20,2,12,1,4,3,3.7459
155051417,3,14,2,11,1,1,4,3.5012
157182738,3,27,2,26,1,3,3,2.6869
159072822,3,28,2,22,1,3,4,3.8251
158133025,3,30,2,24,1,3,2,3.5985
1380535001,3,35,3,-1,1,3,3,7.2335
159072941,3,29,2,22,1,3,4,2.4626
1060523,2,5,1,-1,1,-1,2,3.5714
161043212,3,32,2,32,1,1,3,3.1313
148264639,3,46,4,0,1,5,2,1.229
155151614,3,16,2,13,1,4,4,2.8209
150284801,3,48,4,0,1,5,4,2.0939
1170028,3,2,1,1,1,1,4,3.4196
158122520,3,25,2,24,1,4,2,3.3853
148164909,3,49,4,3,1,4,2,1.9387
148044339,3,43,4,1,1,3,2,1.5328
1160773,3,3,1,2,1,3,3,2.9093
157182725,3,27,2,26,1,3,3,2.9114
1170031,3,2,1,1,1,1,4,3.7688
146144806,3,48,4,2,1,4,3,2.7346
1160471,3,1,1,1,1,1,3,3.0136
159122407,3,24,2,24,1,4,4,2.8376
148284813,3,48,4,0,1,5,2,1.4943
148234324,3,43,4,0,1,5,2,0.9206
1170118,3,5,1,1,1,4,4,2.5329
1420637029,3,37,3,-1,1,3,2,3.4965
162043202,3,32,2,32,1,1,2,3.6778
146084513,3,45,4,1,1,4,3,1.4013
148134831,3,48,4,2,1,3,2,2.4671
148264638,3,46,4,0,1,5,2,1.1723
150254642,3,46,4,0,1,5,4,1.5314
1400941012,3,41,3,-1,1,1,4,3.2376
1380536018,3,36,3,-1,1,3,3,3.2607
159082836,3,28,2,22,1,4,4,2.6126
1060814,2,8,1,-1,1,-1,2,3.4512
159122529,3,25,2,24,1,4,4,3.7376
159072808,3,28,2,22,1,3,4,3.0126
153051328,3,13,2,11,1,1,3,2.5894
1170350,3,3,1,2,1,4,4,3.2427
146134840,3,48,4,2,1,3,3,2.1949
154181727,3,17,2,16,1,3,2,4.3332
154112106,3,21,2,11,1,3,2,2.6279
159082929,3,29,2,22,1,4,4,2.4189
146164901,3,49,4,3,1,4,3,2.3491
1160529,3,5,1,1,1,2,3,6.9342
155151625,3,16,2,13,1,4,4,2.9842
154071533,3,15,2,11,1,3,2,2.7368
153161916,3,19,2,16,1,3,3,2.7844
158143030,3,30,2,24,1,4,2,3.0837
1380942007,3,42,3,-1,1,1,3,6.2698
155051410,3,14,2,11,1,1,4,2.4966
1400738027,3,38,3,-1,1,4,4,3.2064
158082927,3,29,2,22,1,4,2,2.8683
154051427,3,14,2,11,1,1,2,3.7799
1400536012,3,36,3,-1,1,3,4,4.8314
150074548,3,45,4,1,1,4,4,1.6251
159192638,3,26,2,26,1,3,4,2.4064
157182717,3,27,2,26,1,3,3,4.0066
1401228006,3,28,3,-1,1,3,4,2.5564
1380638011,3,38,3,-1,1,3,3,2.9251
148154904,3,49,4,3,1,3,2,2.5578
1401228010,3,28,3,-1,1,3,4,2.8564
154132106,3,21,2,12,1,4,2,2.6279
146244417,3,44,4,0,1,5,3,1.4285
148215012,3,50,4,6,1,3,2,1.6099
153071516,3,15,2,11,1,3,3,2.1064
154181701,3,17,2,16,1,3,2,5.0474
1050304,2,3,1,-1,1,-1,4,3.1376
158062206,3,22,2,22,1,2,2,4.5803
157072930,3,29,2,22,1,3,3,2.3921
148164931,3,49,4,3,1,4,2,1.6983
148074547,3,45,4,1,1,2,2,1.6212
154071520,3,15,2,11,1,3,2,1.9907
150124829,3,48,4,2,1,3,4,2.2126
157182712,3,27,2,26,1,3,3,2.3649
159062339,3,23,2,22,1,2,4,4.0001
1380536012,3,36,3,-1,1,3,3,4.848
158052340,3,23,2,22,1,1,2,3.5826
157052306,3,23,2,22,1,1,3,4.6846
1380941005,3,41,3,-1,1,1,3,2.2471
153131606,3,16,2,13,1,4,3,2.7164
150154907,3,49,4,3,1,4,4,1.3626
1050603,2,6,1,-1,1,-1,4,3.0439
153161904,3,19,2,16,1,3,3,2.4783
161083319,3,33,2,34,1,4,3,3.0746
1170343,3,4,1,2,1,3,4,4.4559
157052319,3,23,2,22,1,1,3,6.9091
150310120,3,1,4,0,1,5,4,3.9626
146144837,3,48,4,2,1,4,3,1.6258
1180010,3,1,1,1,1,1,2,2.3242
150124809,3,48,4,2,1,3,4,1.7501
154141612,3,16,2,13,1,4,2,3.408
163053232,3,32,2,32,1,3,4,3.0814
153161704,3,17,2,16,1,3,3,3.9068
159052227,3,22,2,22,1,1,4,3.9751
1400738012,3,38,3,-1,1,4,4,2.9189
157182706,3,27,2,26,1,3,3,3.6234
150264718,3,47,4,0,1,5,4,1.6189
158192720,3,27,2,26,1,3,2,2.7164
159192636,3,26,2,26,1,3,4,2.7501
1060811,2,8,1,-1,1,-1,2,3.7414
159192603,3,26,2,26,1,3,4,2.8064
146284853,3,48,4,0,1,5,3,2.3106
1170068,3,2,1,1,1,3,4,3.0749
148144814,3,48,4,2,1,4,2,2.0339
1421329007,3,29,3,-1,1,4,2,3.068
158143036,3,30,2,24,1,4,2,3.535
1420535036,3,35,3,-1,1,3,2,3.1632
1381328032,3,28,3,-1,1,4,3,2.1042
146215029,3,50,4,6,1,3,3,2.5578
1381228011,3,28,3,-1,1,3,3,2.4875
157062206,3,22,2,22,1,2,3,4.5849
154071537,3,15,2,11,1,3,2,2.7595
159062223,3,22,2,22,1,2,4,3.0814
161043224,3,32,2,32,1,1,3,3.1654
146284844,3,48,4,0,1,5,3,2.2426
1180353,3,3,1,2,1,4,2,2.4761
159133118,3,31,2,24,1,3,4,3.9001
148164935,3,49,4,3,1,4,2,1.9591
1381228029,3,28,3,-1,1,3,3,1.8435
157062338,3,23,2,22,1,2,3,3.3649
1420737034,3,37,3,-1,1,4,2,4.0067
1420536028,3,36,3,-1,1,3,2,2.6598
155081538,3,15,2,11,1,3,4,2.4513
148304907,3,49,4,0,1,5,2,2.7913
150304925,3,49,4,0,1,5,4,1.0126
153122112,3,21,2,12,1,4,3,2.7141
158122525,3,25,2,24,1,4,2,2.9522
146274703,3,47,4,0,1,5,3,7.0634
162043222,3,32,2,32,1,1,2,3.5327
157072803,3,28,2,22,1,3,3,3.0565
1420941022,3,41,3,-1,1,1,2,2.6212
157052305,3,23,2,22,1,1,3,3.6892
154141517,3,15,2,13,1,4,2,2.1245
158122435,3,24,2,24,1,4,2,4.0021
1380637004,3,37,3,-1,1,3,3,3.4036
150304916,3,49,4,0,1,5,4,1.7376
146274729,3,47,4,0,1,5,3,1.5555
1180030,3,2,1,1,1,1,2,3.0725
1420737040,3,37,3,-1,1,4,2,5.1156
155122119,3,21,2,11,1,3,4,7.2473
150304905,3,49,4,0,1,5,4,2.5439
155051321,3,13,2,11,1,1,4,3.1316
162043203,3,32,2,32,1,1,2,7.2062
157112417,3,24,2,24,1,4,3,3.3286
1420536038,3,36,3,-1,1,3,2,2.9228
146284831,3,48,4,0,1,5,3,2.077
158122427,3,24,2,24,1,4,2,2.4329
1421228006,3,28,3,-1,1,3,2,3.399
158062210,3,22,2,22,1,2,2,3.8592
159143013,3,30,2,24,1,4,4,3.9751
1381329018,3,29,3,-1,1,4,3,2.5351
159143112,3,31,2,24,1,4,4,3.9626
158192727,3,27,2,26,1,3,2,3.2629
150224305,3,43,4,0,1,5,4,2.5376
1380737011,3,37,3,-1,1,4,3,4.907
154141508,3,15,2,13,1,4,2,2.7572
155151622,3,16,2,13,1,4,4,2.2336
1180355,3,3,1,2,1,4,2,3.2222
1421328033,3,28,3,-1,1,4,2,2.7822
1420637006,3,37,3,-1,1,3,2,4.0498
1420942004,3,42,3,-1,1,1,2,2.7482
150295030,3,50,4,0,1,5,4,1.7876
155191733,3,17,2,16,1,4,4,3.3311
146310130,3,1,4,0,1,5,3,1.4875
153051432,3,14,2,11,1,1,3,2.501
155122131,3,21,2,11,1,3,4,2.3062
148310126,3,1,4,0,1,5,2,1.7868
158122439,3,24,2,24,1,4,2,3.4307
159052211,3,22,2,22,1,1,4,3.1876
1180341,3,4,1,2,1,3,2,6.8616
159122538,3,25,2,24,1,4,4,3.3876
1160799,3,3,1,2,1,4,3,5.5442
157052340,3,23,2,22,1,1,3,3.569
158192619,3,26,2,26,1,3,2,3.4465
150124827,3,48,4,2,1,3,4,1.6376
153112025,3,20,2,11,1,3,3,2.5644
1401328026,3,28,3,-1,1,4,4,2.0126
1030602,2,6,1,-1,1,-1,3,2.1926
158062303,3,23,2,22,1,2,2,3.2311
157182730,3,27,2,26,1,3,3,3.1676
148034338,3,43,4,1,1,1,2,1.6099
1420535007,3,35,3,-1,1,3,2,3.8571
148304915,3,49,4,0,1,5,2,1.1949
146304940,3,49,4,0,1,5,3,2.3446
148310127,3,1,4,0,1,5,2,1.5782
146295047,3,50,4,0,1,5,3,1.4784
1030322,2,3,1,-1,1,-1,3,3.5418
148034344,3,43,4,1,1,1,2,1.3559
163083335,3,33,2,34,1,4,4,2.8564
161053227,3,32,2,32,1,3,3,3.2538
146244413,3,44,4,0,1,5,3,1.3423
157062305,3,23,2,22,1,2,3,3.6892
159072906,3,29,2,22,1,3,4,3.4001
1400637039,3,37,3,-1,1,3,4,4.4376
159052327,3,23,2,22,1,1,4,3.0314
158082825,3,28,2,22,1,4,2,2.3513
148034305,3,43,4,1,1,1,2,2.365
1170011,3,1,1,1,1,1,4,2.7914
1401329016,3,29,3,-1,1,4,4,3.3064
159052306,3,23,2,22,1,1,4,4.6939
150205016,3,50,4,6,1,3,4,2.5314
146074523,3,45,4,1,1,2,3,1.5963
1380536004,3,36,3,-1,1,3,3,3.5804
148304945,3,49,4,0,1,5,2,2.941
1180368,3,4,1,2,1,4,2,3.4285
155142009,3,20,2,12,1,4,4,4.4785
148264624,3,46,4,0,1,5,2,0.8095
1401229016,3,29,3,-1,1,3,4,3.0064
163043226,3,32,2,32,1,1,4,2.6689
1381328010,3,28,3,-1,1,4,3,2.8729
1400738033,3,38,3,-1,1,4,4,2.7501
1050808,2,8,1,-1,1,-1,4,3.6626
146034337,3,43,4,1,1,1,3,1.3968
1050116,2,1,1,-1,1,-1,4,2.5251
1380637002,3,37,3,-1,1,3,3,2.9024
159062337,3,23,2,22,1,2,4,3.3751
146234314,3,43,4,0,1,5,3,1.2085
1060601,2,6,1,-1,1,-1,2,5.4308
155181707,3,17,2,16,1,3,4,4.3084
1420737032,3,37,3,-1,1,4,2,3.238
1170340,3,4,1,2,1,3,4,4.2473
161033312,3,33,2,31,1,3,3,2.51
158062335,3,23,2,22,1,2,2,3.3014
153122011,3,20,2,12,1,4,3,2.501
150134811,3,48,4,2,1,4,4,1.8251
148234347,3,43,4,0,1,5,2,1.297
163043239,3,32,2,32,1,1,4,2.8439
148310105,3,1,4,0,1,5,2,2.2108
159192605,3,26,2,26,1,3,4,4.4126
148134842,3,48,4,2,1,3,2,1.7301
158192636,3,26,2,26,1,3,2,3.2515
150321121,3,11,4,0,1,5,4,2.8314
1400942020,3,42,3,-1,1,1,4,4.9251
148164910,3,49,4,3,1,4,2,1.5872
1420738003,3,38,3,-1,1,4,2,3.3401
1380942014,3,42,3,-1,1,1,3,4.9251
146164943,3,49,4,3,1,4,3,2.9387
146074509,3,45,4,1,1,2,3,1.526
155191718,3,17,2,16,1,4,4,2.8731
148044346,3,43,4,1,1,3,2,1.3174
1160469,3,1,1,1,1,1,3,2.6576
1380536003,3,36,3,-1,1,3,3,4.0158
150295015,3,50,4,0,1,5,4,2.7689
1160502,3,1,1,1,1,3,3,3.0522
1380536005,3,36,3,-1,1,3,3,3.9206
1060105,2,1,1,-1,1,-1,2,2.7777
150234423,3,44,4,0,1,5,4,1.3689
159052209,3,22,2,22,1,1,4,3.8626
148144801,3,48,4,2,1,4,2,2.1156
148164914,3,49,4,3,1,4,2,0.9682
154181904,3,19,2,16,1,3,2,2.4783
146034323,3,43,4,1,1,1,3,0.8752
146234318,3,43,4,0,1,5,3,1.0793
1421229017,3,29,3,-1,1,3,2,2.4308
146295011,3,50,4,0,1,5,3,1.975
158082913,3,29,2,22,1,4,2,2.6597
163083330,3,33,2,34,1,4,4,3.1314
150134814,3,48,4,2,1,4,4,2.0439
148244418,3,44,4,0,1,5,2,1.4693
146215042,3,50,4,6,1,3,3,2.6439
154071602,3,16,2,11,1,3,2,3.408
155051318,3,13,2,11,1,1,4,2.737
155081609,3,16,2,11,1,3,4,3.1565
1421229037,3,29,3,-1,1,3,2,3.628
1160573,3,5,1,1,1,4,3,3.0454
162083302,3,33,2,34,1,4,2,3.0837
157082823,3,28,2,22,1,4,3,2.832
154132005,3,20,2,12,1,4,2,3.7459
159122517,3,25,2,24,1,4,4,3.6689
1420535008,3,35,3,-1,1,3,2,6.3718
153161928,3,19,2,16,1,3,3,2.3536
1380942004,3,42,3,-1,1,1,3,2.7482
153161710,3,17,2,16,1,3,3,3.3944
150144946,3,49,4,3,1,3,4,1.5314
150064536,3,45,4,1,1,2,4,1.4251
159052218,3,22,2,22,1,1,4,3.5126
146134827,3,48,4,2,1,3,3,1.6711
1421228005,3,28,3,-1,1,3,2,2.5124
153051321,3,13,2,11,1,1,3,3.0497
1180363,3,4,1,2,1,4,2,3.5736
146284842,3,48,4,0,1,5,3,2.1178
1421229022,3,29,3,-1,1,3,2,2.5646
153131503,3,15,2,13,1,4,3,2.0293
159082820,3,28,2,22,1,4,4,2.1439
158072914,3,29,2,22,1,3,2,2.9091
1380536011,3,36,3,-1,1,3,3,2.8775
150144944,3,49,4,3,1,3,4,3.3064
155122024,3,20,2,11,1,3,4,2.347
1030311,2,3,1,-1,1,-1,3,2.9681
159062205,3,22,2,22,1,2,4,2.4439
159122431,3,24,2,24,1,4,4,3.1376
154141615,3,16,2,13,1,4,2,3.0542
1420941008,3,41,3,-1,1,1,2,1.6915
1401329001,3,29,3,-1,1,4,4,3.3876
1180020,3,2,1,1,1,1,2,2.9342
1400737005,3,37,3,-1,1,4,4,4.0501
1160582,3,5,1,1,1,4,3,3.3334
1180366,3,4,1,2,1,4,2,2.7097
148164911,3,49,4,3,1,4,2,1.2516
161083324,3,33,2,34,1,4,3,2.578
1030217,2,2,1,-1,1,-1,3,2.5463
159192732,3,27,2,26,1,3,4,2.5876
158062336,3,23,2,22,1,2,2,4.925
157182605,3,26,2,26,1,3,3,4.4125
154112105,3,21,2,11,1,3,2,3.7572
1050521,2,5,1,-1,1,-1,4,3.3689
1050801,2,8,1,-1,1,-1,4,2.4564
146044321,3,43,4,1,1,3,3,0.8027
154051426,3,14,2,11,1,1,2,2.6483
1380941022,3,41,3,-1,1,1,3,2.6212
150224314,3,43,4,0,1,5,4,1.2251
158133011,3,30,2,24,1,3,2,3.0565
154112013,3,20,2,11,1,3,2,2.7753
1160539,3,5,1,1,1,2,3,3.1179
159143130,3,31,2,24,1,4,4,4.2001
150254644,3,46,4,0,1,5,4,1.9626
1170334,3,4,1,2,1,3,4,2.8096
154071523,3,15,2,11,1,3,2,2.4375
1420535006,3,35,3,-1,1,3,2,3.136
148264609,3,46,4,0,1,5,2,1.8321
146074532,3,45,4,1,1,2,3,1.916
1170327,3,3,1,2,1,3,4,2.3243
158052202,3,22,2,22,1,1,2,3.0656
150254614,3,46,4,0,1,5,4,1.0251
158122415,3,24,2,24,1,4,2,2.9
146295026,3,50,4,0,1,5,3,2.6258
159062231,3,22,2,22,1,2,4,2.6439
150034328,3,43,4,1,1,1,4,1.1876
1381229016,3,29,3,-1,1,3,3,2.5328
159052310,3,23,2,22,1,1,4,3.9439
157052333,3,23,2,22,1,1,3,3.9386
146321128,3,11,4,0,1,5,3,1.941
1050513,2,5,1,-1,1,-1,4,3.2251
148244417,3,44,4,0,1,5,2,1.4149
162053217,3,32,2,32,1,3,2,4.2787
146034331,3,43,4,1,1,1,3,1.3129
1420637025,3,37,3,-1,1,3,2,3.3242
157072909,3,29,2,22,1,3,3,2.7073
163043236,3,32,2,32,1,1,4,2.8189
157182736,3,27,2,26,1,3,3,2.1608
155081605,3,16,2,11,1,3,4,2.6871
158082926,3,29,2,22,1,4,2,2.6075
159133135,3,31,2,24,1,3,4,3.8314
146244415,3,44,4,0,1,5,3,2.2494
153071536,3,15,2,11,1,3,3,2.5191
1030215,2,2,1,-1,1,-1,3,1.9182
148215043,3,50,4,6,1,3,2,2.2426
146274732,3,47,4,0,1,5,3,1.8729
1420637036,3,37,3,-1,1,3,2,4.8979
148074541,3,45,4,1,1,2,2,1.9909
155142001,3,20,2,12,1,4,4,4.7166
161083333,3,33,2,34,1,4,3,3.281
153131518,3,15,2,13,1,4,3,4.2765
1381229025,3,29,3,-1,1,3,3,2.2403
150205021,3,50,4,6,1,3,4,2.6001
150134822,3,48,4,2,1,4,4,1.3439
157112524,3,25,2,24,1,4,3,2.8252
1160822,3,4,1,2,1,4,3,2.8095
1050807,2,8,1,-1,1,-1,4,3.0251
159052309,3,23,2,22,1,1,4,3.6189
150134834,3,48,4,2,1,4,4,1.3626
162083317,3,33,2,34,1,4,2,3.8751
150074521,3,45,4,1,1,4,4,1.5501
154051424,3,14,2,11,1,1,2,1.2833
150205003,3,50,4,6,1,3,4,1.6251
158143012,3,30,2,24,1,4,2,3.9862
146164924,3,49,4,3,1,4,3,2.3514
159192725,3,27,2,26,1,3,4,2.4001
163083306,3,33,2,34,1,4,4,2.6126
150295010,3,50,4,0,1,5,4,1.7251
1400738024,3,38,3,-1,1,4,4,2.7939
1030605,2,6,1,-1,1,-1,3,2.5214
150064505,3,45,4,1,1,2,4,2.7751
1400941017,3,41,3,-1,1,1,4,3.6251
1380536032,3,36,3,-1,1,3,3,2.7188
1030722,2,7,1,-1,1,-1,3,5.7232
158192730,3,27,2,26,1,3,2,3.1608
1060810,2,8,1,-1,1,-1,2,2.8729
1060122,2,1,1,-1,1,-1,2,6.8231
154171916,3,19,2,16,1,4,2,2.7844
154171915,3,19,2,16,1,4,2,2.1381
158062333,3,23,2,22,1,2,2,3.9386
1170056,3,1,1,1,1,3,4,2.3946
157062226,3,22,2,22,1,2,3,3.9839
158062312,3,23,2,22,1,2,2,2.6574
161043230,3,32,2,32,1,1,3,2.4148
159052324,3,23,2,22,1,1,4,5.0501
148244433,3,44,4,0,1,5,2,1.8729
157133025,3,30,2,24,1,4,3,4.1404
146144824,3,48,4,2,1,4,3,2.068
146084516,3,45,4,1,1,4,3,1.8752
155151520,3,15,2,13,1,4,4,2.0726
1060114,2,1,1,-1,1,-1,2,2.5328
150154922,3,49,4,3,1,4,4,1.1064
157052210,3,22,2,22,1,1,3,2.6325
1060619,2,6,1,-1,1,-1,2,1.7754
1060117,2,1,1,-1,1,-1,2,1.721
154181901,3,19,2,16,1,3,2,3.8619
150134842,3,48,4,2,1,4,4,2.7814
154071504,3,15,2,11,1,3,2,3.8615
154181926,3,19,2,16,1,3,2,2.4397
148215028,3,50,4,6,1,3,2,2.39
155142033,3,20,2,12,1,4,4,3.7121
148321123,3,11,4,0,1,5,2,1.4104
148074512,3,45,4,1,1,2,2,1.4716
1030614,2,6,1,-1,1,-1,3,2.0792
158143015,3,30,2,24,1,4,2,4.0384
157123009,3,30,2,24,1,3,3,4.1472
155181731,3,17,2,16,1,3,4,2.5828
148164936,3,49,4,3,1,4,2,1.8389
1030804,2,8,1,-1,1,-1,3,3.2765
148304921,3,49,4,0,1,5,2,1.6757
150034309,3,43,4,1,1,1,4,1.3814
146044310,3,43,4,1,1,3,3,1.6212
1420738028,3,38,3,-1,1,4,2,3.3854
1160455,3,1,1,1,1,1,3,2.5259
158052313,3,23,2,22,1,1,2,2.9703
1381229011,3,29,3,-1,1,3,3,2.7754
146034310,3,43,4,1,1,1,3,0.7482
155191725,3,17,2,16,1,4,4,3.6917
1401229036,3,29,3,-1,1,3,4,1.7751
148144834,3,48,4,2,1,4,2,1.3627
1381228010,3,28,3,-1,1,3,3,2.848
1160574,3,5,1,1,1,4,3,3.0749
150124831,3,48,4,2,1,3,4,1.7689
158072812,3,28,2,22,1,3,2,0.8547
1381328021,3,28,3,-1,1,4,3,3.6711
153112107,3,21,2,11,1,3,3,2.5849
155181939,3,19,2,16,1,3,4,2.5398
148284828,3,48,4,0,1,5,2,2.2176
155151602,3,16,2,13,1,4,4,3.4899
1421229013,3,29,3,-1,1,3,2,2.7278
157182611,3,26,2,26,1,3,3,3.9862
155051303,3,13,2,11,1,1,4,3.7983
154181726,3,17,2,16,1,3,2,3.247
1420737035,3,37,3,-1,1,4,2,4.1995
1170325,3,3,1,2,1,3,4,3.2223
155081520,3,15,2,11,1,3,4,2.0726
146154905,3,49,4,3,1,3,3,2.6099
158122522,3,25,2,24,1,4,2,4.0951
158082807,3,28,2,22,1,4,2,3.5667
150134810,3,48,4,2,1,4,4,2.5689
159143017,3,30,2,24,1,4,4,7.7126
150310117,3,1,4,0,1,5,4,1.1251
163083309,3,33,2,34,1,4,4,2.3126
157123112,3,31,2,24,1,3,3,3.3105
1400737027,3,37,3,-1,1,4,4,3.1376
159122436,3,24,2,24,1,4,4,2.9001
1420637014,3,37,3,-1,1,3,2,4.1496
150254609,3,46,4,0,1,5,4,1.8376
155142036,3,20,2,12,1,4,4,3.3062
146244402,3,44,4,0,1,5,3,2.8843
158192723,3,27,2,26,1,3,2,3.4012
157062316,3,23,2,22,1,2,3,3.578
146084530,3,45,4,1,1,4,3,1.941
157133012,3,30,2,24,1,4,3,3.1427
153161711,3,17,2,16,1,3,3,2.8434
148244422,3,44,4,0,1,5,2,1.3537
1170061,3,2,1,1,1,3,4,3.5374
154051308,3,13,2,11,1,1,2,3.0905
159133031,3,30,2,24,1,3,4,3.0876
158052209,3,22,2,22,1,1,2,3.9522
155122020,3,20,2,11,1,3,4,2.8028
1380942034,3,42,3,-1,1,1,3,2.9206
155191701,3,17,2,16,1,4,4,5.1293
153122026,3,20,2,12,1,4,3,3.0973
163043233,3,32,2,32,1,1,4,3.0689
157082827,3,28,2,22,1,4,3,2.569
1400536017,3,36,3,-1,1,3,4,2.3689
1420535009,3,35,3,-1,1,3,2,5.2222
1170079,3,5,1,1,1,2,4,2.8434
153071512,3,15,2,11,1,3,3,1.9341
1050306,2,3,1,-1,1,-1,4,2.7939
157072919,3,29,2,22,1,3,3,2.6846
1400942033,3,42,3,-1,1,1,4,3.1376
1400535032,3,35,3,-1,1,3,4,5.0126
150074515,3,45,4,1,1,4,4,1.7001
159143035,3,30,2,24,1,4,4,2.6751
1380942030,3,42,3,-1,1,1,3,3.3469
150254622,3,46,4,0,1,5,4,1.0189
153171726,3,17,2,16,1,4,3,3.247
1030710,2,7,1,-1,1,-1,3,1.4828
157082806,3,28,2,22,1,4,3,2.7254
155142119,3,21,2,12,1,4,4,7.2473
148074537,3,45,4,1,1,2,2,1.5101
157082822,3,28,2,22,1,4,3,2.8411
146295018,3,50,4,0,1,5,3,2.1473
153051308,3,13,2,11,1,1,3,3.0905
150304932,3,49,4,0,1,5,4,1.5126
1380941004,3,41,3,-1,1,1,3,2.9183
148134815,3,48,4,2,1,3,2,1.5147
159082822,3,28,2,22,1,4,4,3.8189
158052316,3,23,2,22,1,1,2,2.4556
148034339,3,43,4,1,1,1,2,1.3469
1030715,2,7,1,-1,1,-1,3,2.9885
162083323,3,33,2,34,1,4,2,3.0746
1420941025,3,41,3,-1,1,1,2,3.068
148144843,3,48,4,2,1,4,2,2.4534
153071533,3,15,2,11,1,3,3,2.7368
159082926,3,29,2,22,1,4,4,2.9376
1400637031,3,37,3,-1,1,3,4,3.4939
1381329006,3,29,3,-1,1,4,3,2.7913
1421229027,3,29,3,-1,1,3,2,2.1269
1030607,2,6,1,-1,1,-1,3,2.4307
150044324,3,43,4,1,1,3,4,0.9126
146044335,3,43,4,1,1,3,3,1.2539
1380637018,3,37,3,-1,1,3,3,4.3695
158122428,3,24,2,24,1,4,2,3.4034
161043219,3,32,2,32,1,1,3,4.2855
158133012,3,30,2,24,1,3,2,3.9635
159062225,3,22,2,22,1,2,4,3.7689
148144804,3,48,4,2,1,4,2,2.6349
1420536037,3,36,3,-1,1,3,2,3.0861
146295044,3,50,4,0,1,5,3,0.9092
1400535016,3,35,3,-1,1,3,4,3.6439
159122439,3,24,2,24,1,4,4,2.8564
150234411,3,44,4,0,1,5,4,1.7876
154051438,3,14,2,11,1,1,2,2.6914
1420638021,3,38,3,-1,1,3,2,3.3355
153131531,3,15,2,13,1,4,3,3.1971
1381328036,3,28,3,-1,1,4,3,3.4398
1160522,3,2,1,1,1,3,3,3.8027
1160826,3,4,1,2,1,4,3,3.4309
157082814,3,28,2,22,1,4,3,2.6892
1060205,2,2,1,-1,1,-1,2,2.1949
153122032,3,20,2,12,1,4,3,3.4397
1401228023,3,28,3,-1,1,3,4,2.6939
150224303,3,43,4,0,1,5,4,3.0689
1050312,2,3,1,-1,1,-1,4,3.2001
148215006,3,50,4,6,1,3,2,2.6485
148044332,3,43,4,1,1,3,2,1.8956
153051425,3,14,2,11,1,1,3,1.7527
155181735,3,17,2,16,1,3,4,7.0613
1380637039,3,37,3,-1,1,3,3,3.814
163083313,3,33,2,34,1,4,4,3.3064
1030207,2,2,1,-1,1,-1,3,3.4216
154181909,3,19,2,16,1,3,2,2.1427
1380535034,3,35,3,-1,1,3,3,5.7936
154051322,3,13,2,11,1,1,2,6.9091
150044314,3,43,4,1,1,3,4,1.2314
148074517,3,45,4,1,1,2,2,1.3378
1400738003,3,38,3,-1,1,4,4,3.6751
162083316,3,33,2,34,1,4,2,3.7504
1380738039,3,38,3,-1,1,4,3,2.2244
1380638005,3,38,3,-1,1,3,3,2.2222
146164918,3,49,4,3,1,4,3,1.5237
153131501,3,15,2,13,1,4,3,3.1812
148321144,3,11,4,0,1,5,2,2.8072
159052334,3,23,2,22,1,1,4,3.7876
150234438,3,44,4,0,1,5,4,1.8814
1060606,2,6,1,-1,1,-1,2,3.4693
155081618,3,16,2,11,1,3,4,2.3266
1060309,2,3,1,-1,1,-1,2,3.3355
153131610,3,16,2,13,1,4,3,2.5962
153122133,3,21,2,12,1,4,3,2.544
155081527,3,15,2,11,1,3,4,2.635
1401228032,3,28,3,-1,1,3,4,2.1064
158082911,3,29,2,22,1,4,2,3.4556
153071615,3,16,2,11,1,3,3,3.0542
1050508,2,5,1,-1,1,-1,4,4.7814
153171927,3,19,2,16,1,4,3,1.798
158072824,3,28,2,22,1,3,2,2.9227
157112438,3,24,2,24,1,4,3,5.3717
159143008,3,30,2,24,1,4,4,4.3439
1160569,3,5,1,1,1,4,3,4.1678
154181908,3,19,2,16,1,3,2,2.0724
158192706,3,27,2,26,1,3,2,3.6234
150134805,3,48,4,2,1,4,4,2.7064
159122533,3,25,2,24,1,4,4,3.0064
155191936,3,19,2,16,1,4,4,2.2427
1160479,3,2,1,1,1,1,3,2.5828
150321123,3,11,4,0,1,5,4,0.5751
1421328039,3,28,3,-1,1,4,2,2.8185
150304940,3,49,4,0,1,5,4,2.3126
148074521,3,45,4,1,1,2,2,1.1904
158122535,3,25,2,24,1,4,2,3.4329
1401329021,3,29,3,-1,1,4,4,4.0376
146034347,3,43,4,1,1,1,3,1.3446
1421229009,3,29,3,-1,1,3,2,3.009
146134838,3,48,4,2,1,3,3,2.0339
148144830,3,48,4,2,1,4,2,1.7664
1380535029,3,35,3,-1,1,3,3,2.9024
1420738036,3,38,3,-1,1,4,2,2.4172
157123107,3,31,2,24,1,3,3,3.8638
158052222,3,22,2,22,1,1,2,3.179
159072840,3,28,2,22,1,3,4,2.4939
154071610,3,16,2,11,1,3,2,2.5962
1180374,3,4,1,2,1,4,2,3.4829
159192609,3,26,2,26,1,3,4,3.1001
1381228032,3,28,3,-1,1,3,3,2.0952
146244445,3,44,4,0,1,5,3,1.1949
155142035,3,20,2,12,1,4,4,2.9864
158143116,3,31,2,24,1,4,2,2.8842
1170119,3,5,1,1,1,4,4,4.464
150321109,3,11,4,0,1,5,4,2.0439
1050112,2,1,1,-1,1,-1,4,2.6251
1380737018,3,37,3,-1,1,4,3,4.2448
150124806,3,48,4,2,1,3,4,2.7751
162043206,3,32,2,32,1,1,2,3.3966
159062229,3,22,2,22,1,2,4,3.0439
1180320,3,3,1,2,1,3,2,3.2222
1380535030,3,35,3,-1,1,3,3,3.4262
148144837,3,48,4,2,1,4,2,1.6485
157052314,3,23,2,22,1,1,3,3.5826
150124817,3,48,4,2,1,3,4,2.1939
155122130,3,21,2,11,1,3,4,3.3039
148144809,3,48,4,2,1,4,2,1.9319
1170331,3,4,1,2,1,3,4,4.0024
1050622,2,6,1,-1,1,-1,4,4.0626
1160823,3,4,1,2,1,4,3,3.8662
150304942,3,49,4,0,1,5,4,1.7876
161033317,3,33,2,31,1,3,3,3.2991
148074526,3,45,4,1,1,2,2,1.4172
159133133,3,31,2,24,1,3,4,3.6314
1170087,3,5,1,1,1,2,4,3.118
159062330,3,23,2,22,1,2,4,3.5189
163083303,3,33,2,34,1,4,4,3.6251
146215041,3,50,4,6,1,3,3,2.1745
1180070,3,2,1,1,1,3,2,3.551
1180031,3,2,1,1,1,1,2,3.7709
1180036,3,2,1,1,1,1,2,2.2743
146274706,3,47,4,0,1,5,3,2.9478
146034315,3,43,4,1,1,1,3,2.3015
1420535033,3,35,3,-1,1,3,2,4.6485
154141611,3,16,2,13,1,4,2,3.222
150074535,3,45,4,1,1,4,4,1.3126
1030619,2,6,1,-1,1,-1,3,1.5304
150224310,3,43,4,0,1,5,4,1.6314
1400638032,3,38,3,-1,1,3,4,2.8376
150304947,3,49,4,0,1,5,4,1.5751
1380535023,3,35,3,-1,1,3,3,3.0997
159122532,3,25,2,24,1,4,4,3.6376
158082812,3,28,2,22,1,4,2,0.8275
153071518,3,15,2,11,1,3,3,4.2765
148304922,3,49,4,0,1,5,2,1.3333
163053231,3,32,2,32,1,3,4,2.9126
150224341,3,43,4,0,1,5,4,0.6876
150034334,3,43,4,1,1,1,4,1.8189
1030820,2,8,1,-1,1,-1,3,3.0746
1160788,3,4,1,2,1,3,3,2.7098
146244409,3,44,4,0,1,5,3,1.5056
146304932,3,49,4,0,1,5,3,1.5192
146284839,3,48,4,0,1,5,3,0.8457
159122518,3,25,2,24,1,4,4,3.5564
159082830,3,28,2,22,1,4,4,2.0251
157133021,3,30,2,24,1,4,3,3.6733
158122405,3,24,2,24,1,4,2,4.0316
158143109,3,31,2,24,1,4,2,5.5871
153051329,3,13,2,11,1,1,3,2.5962
1170128,3,5,1,1,1,4,4,3.1996
155181909,3,19,2,16,1,3,4,2.2246
1401229024,3,29,3,-1,1,3,4,2.5064
146264636,3,46,4,0,1,5,3,1.4058
161033305,3,33,2,31,1,3,3,6.8229
1050111,2,1,1,-1,1,-1,4,2.9189
146034321,3,43,4,1,1,1,3,1.0838
159082837,3,28,2,22,1,4,4,3.5376
153131512,3,15,2,13,1,4,3,1.9341
150224302,3,43,4,0,1,5,4,4.8376
1420536004,3,36,3,-1,1,3,2,3.5578
148304908,3,49,4,0,1,5,2,2.8276
158062323,3,23,2,22,1,2,2,3.5395
159062301,3,23,2,22,1,2,4,5.2991
148274729,3,47,4,0,1,5,2,4.8707
159052326,3,23,2,22,1,1,4,3.2439
1180123,3,5,1,1,1,4,2,3.1156
146074534,3,45,4,1,1,2,3,1.4648
150144904,3,49,4,3,1,3,4,2.5501
1180043,3,1,1,1,1,3,2,6.3627
162043221,3,32,2,32,1,1,2,2.374
153131527,3,15,2,13,1,4,3,2.5531
1160803,3,3,1,2,1,4,3,2.4286
163083336,3,33,2,34,1,4,4,3.4626
1030621,2,6,1,-1,1,-1,3,3.3785
146084548,3,45,4,1,1,4,3,1.619
162083315,3,33,2,34,1,4,2,2.2447
1400638026,3,38,3,-1,1,3,4,3.3939
146234347,3,43,4,0,1,5,3,1.3446
153122039,3,20,2,12,1,4,3,2.8842
146154936,3,49,4,3,1,3,3,1.9319
155081623,3,16,2,11,1,3,4,2.4286
146304931,3,49,4,0,1,5,3,2.4421
1400738038,3,38,3,-1,1,4,4,3.4064
150124802,3,48,4,2,1,3,4,4.0626
1380637022,3,37,3,-1,1,3,3,3.238
158143112,3,31,2,24,1,4,2,3.9
148084517,3,45,4,1,1,4,2,2.1292
163083324,3,33,2,34,1,4,4,2.2689
1170351,3,3,1,2,1,4,4,2.4286
158052220,3,22,2,22,1,1,2,3.891
146274738,3,47,4,0,1,5,3,5.6847
158062329,3,23,2,22,1,2,2,2.9862
1180005,3,1,1,1,1,1,2,6.3627
148084533,3,45,4,1,1,4,2,1.7709
157072932,3,29,2,22,1,3,3,2.5395
155122026,3,20,2,11,1,3,4,3.1792
1380737034,3,37,3,-1,1,4,3,4.9342
150144927,3,49,4,3,1,3,4,1.5314
1400941037,3,41,3,-1,1,1,4,3.0251
158082821,3,28,2,22,1,4,2,3.7889
154141531,3,15,2,13,1,4,2,3.1971
1050305,2,3,1,-1,1,-1,4,3.4251
1180088,3,5,1,1,1,2,2,3.1133
161033310,3,33,2,31,1,3,3,2.662
161043226,3,32,2,32,1,1,3,2.4647
157072804,3,28,2,22,1,3,3,2.9477
150295022,3,50,4,0,1,5,4,1.2501
155051308,3,13,2,11,1,1,4,3.1724
158082923,3,29,2,22,1,4,2,2.5803
155191729,3,17,2,16,1,4,4,3.1361
163053217,3,32,2,32,1,3,4,2.6689
1420941007,3,41,3,-1,1,1,2,3.0793
159062321,3,23,2,22,1,2,4,7.4564
1160510,3,2,1,1,1,3,3,2.9343
161053233,3,32,2,32,1,3,3,2.8728
155151517,3,15,2,13,1,4,4,2.2064
157112519,3,25,2,24,1,4,3,3.3853
1060115,2,1,1,-1,1,-1,2,1.8956
148164929,3,49,4,3,1,4,2,2.4716
1180317,3,3,1,2,1,3,2,2.4512
1180028,3,2,1,1,1,1,2,3.4172
1420637004,3,37,3,-1,1,3,2,4.0657
1400535018,3,35,3,-1,1,3,4,3.2251
1420536030,3,36,3,-1,1,3,2,3.1745
1380536006,3,36,3,-1,1,3,3,3.7709
159052237,3,22,2,22,1,1,4,4.1876
159072830,3,28,2,22,1,3,4,1.5501
1381229013,3,29,3,-1,1,3,3,3.0045
146264627,3,46,4,0,1,5,3,1.1246
1060823,2,8,1,-1,1,-1,2,6.8979
1380535033,3,35,3,-1,1,3,3,4.6485
1421229032,3,29,3,-1,1,3,2,3.3809
163053235,3,32,2,32,1,3,4,2.8126
1381229030,3,29,3,-1,1,3,3,2.746
150310121,3,1,4,0,1,5,4,1.6064
148034324,3,43,4,1,1,1,2,0.9138
150310116,3,1,4,0,1,5,4,1.3251
157062302,3,23,2,22,1,2,3,3.8932
1400942030,3,42,3,-1,1,1,4,4.2439
148154902,3,49,4,3,1,3,2,2.3786
157133108,3,31,2,24,1,4,3,3.9068
1160490,3,2,1,1,1,1,3,2.068
159062306,3,23,2,22,1,2,4,4.6501
1170091,3,5,1,1,1,2,4,3.1996
1380738020,3,38,3,-1,1,4,3,2.5283
1381329033,3,29,3,-1,1,4,3,4.5464
146164934,3,49,4,3,1,4,3,1.6961
155051413,3,14,2,11,1,1,4,3.2223
1060503,2,5,1,-1,1,-1,2,2.1949
153112038,3,20,2,11,1,3,3,2.179
1420941031,3,41,3,-1,1,1,2,2.6008
157072824,3,28,2,22,1,3,3,2.9205
1380738036,3,38,3,-1,1,4,3,3.4081
157052308,3,23,2,22,1,1,3,3.7028
1030301,2,3,1,-1,1,-1,3,5.4465
148304931,3,49,4,0,1,5,2,2.4784
159062233,3,22,2,22,1,2,4,3.6126
1060520,2,5,1,-1,1,-1,2,3.4965
146164903,3,49,4,3,1,4,3,2.5736
157112520,3,25,2,24,1,4,3,3.3989
1030711,2,7,1,-1,1,-1,3,2.8343
158082836,3,28,2,22,1,4,2,3.2152
1050419,2,4,1,-1,1,-1,4,2.9626
155122027,3,20,2,11,1,3,4,3.542
1160485,3,2,1,1,1,1,3,2.3402
146044326,3,43,4,1,1,3,3,1.3491
1401229031,3,29,3,-1,1,3,4,3.2439
150321113,3,11,4,0,1,5,4,2.1814
1401228038,3,28,3,-1,1,3,4,3.0626
150205010,3,50,4,6,1,3,4,1.6439
154132040,3,20,2,12,1,4,2,3.501
155181717,3,17,2,16,1,3,4,4.3515
150295038,3,50,4,0,1,5,4,2.1689
153071509,3,15,2,11,1,3,3,2.2198
146144825,3,48,4,2,1,4,3,1.7029
1380737010,3,37,3,-1,1,4,3,3.9614
158122533,3,25,2,24,1,4,2,2.9794
159133032,3,30,2,24,1,3,4,2.6064
146244421,3,44,4,0,1,5,3,1.4807
154171913,3,19,2,16,1,4,2,2.8796
159052214,3,22,2,22,1,1,4,3.5626
148321103,3,11,4,0,1,5,2,3.1292
1420637027,3,37,3,-1,1,3,2,3.7233
1420737006,3,37,3,-1,1,4,2,2.9546
148164942,3,49,4,3,1,4,2,3.3038
1160834,3,4,1,2,1,4,3,6.8708
146084544,3,45,4,1,1,4,3,1.8525
1050310,2,3,1,-1,1,-1,4,3.1189
148234315,3,43,4,0,1,5,2,2.3038
146134818,3,48,4,2,1,3,3,1.5986
1420637012,3,37,3,-1,1,3,2,3.9659
1381329039,3,29,3,-1,1,4,3,3.6167
1050221,2,2,1,-1,1,-1,4,2.3001
155142034,3,20,2,12,1,4,4,3.1565
1160544,3,5,1,1,1,2,3,3.6735
1380637024,3,37,3,-1,1,3,3,3.3197
157123023,3,30,2,24,1,3,3,3.1744
150044307,3,43,4,1,1,3,4,2.8939
153161937,3,19,2,16,1,3,3,3.0542
158052213,3,22,2,22,1,1,2,2.9
146244447,3,44,4,0,1,5,3,1.7777
1170036,3,2,1,1,1,1,4,2.5216
155151509,3,15,2,13,1,4,4,2.3016
154051319,3,13,2,11,1,1,2,2.7368
1380535031,3,35,3,-1,1,3,3,4.4739
153122125,3,21,2,12,1,4,3,2.7322
1401229039,3,29,3,-1,1,3,4,3.8439
1160568,3,5,1,1,1,4,3,2.8433
153131622,3,16,2,13,1,4,3,2.1517
154051402,3,14,2,11,1,1,2,3.7481
1420942019,3,42,3,-1,1,1,2,5.7686
157052202,3,22,2,22,1,1,3,3.1313
1420535002,3,35,3,-1,1,3,2,3.0249
1060218,2,2,1,-1,1,-1,2,2.9387
148154915,3,49,4,3,1,3,2,1.7437
154181910,3,19,2,16,1,3,2,2.6211
157062217,3,22,2,22,1,2,3,3.0656
153112010,3,20,2,11,1,3,3,3.5032
153071624,3,16,2,11,1,3,3,2.4647
146164916,3,49,4,3,1,4,3,1.8911
159062220,3,22,2,22,1,2,4,5.0251
153131534,3,15,2,13,1,4,3,2.4919
157112514,3,25,2,24,1,4,3,3.0316
146304946,3,49,4,0,1,5,3,1.5237
1170367,3,4,1,2,1,4,4,4.0024
148244434,3,44,4,0,1,5,2,1.4897
159122424,3,24,2,24,1,4,4,3.1751
1060208,2,2,1,-1,1,-1,2,3.4943
159082829,3,28,2,22,1,4,4,2.2314
153131537,3,15,2,13,1,4,3,2.7595
157082906,3,29,2,22,1,4,3,3.3944
155181719,3,17,2,16,1,3,4,2.7801
150234415,3,44,4,0,1,5,4,2.2439
153122101,3,21,2,12,1,4,3,4.2873
157052326,3,23,2,22,1,1,3,3.2379
163043218,3,32,2,32,1,1,4,2.6626
148074511,3,45,4,1,1,2,2,1.6417
148304949,3,49,4,0,1,5,2,1.7142
154171722,3,17,2,16,1,4,2,4.6121
154141609,3,16,2,13,1,4,2,3.0746
148321141,3,11,4,0,1,5,2,1.5283
1400738041,3,38,3,-1,1,4,4,2.2064
154181923,3,19,2,16,1,3,2,4.7232
1420942003,3,42,3,-1,1,1,2,5.4353
155181724,3,17,2,16,1,3,4,2.5828
1060108,2,1,1,-1,1,-1,2,2.3174
159143002,3,30,2,24,1,4,4,3.0001
158062203,3,22,2,22,1,2,2,4.3127
153051422,3,14,2,11,1,1,3,2.6937
159133137,3,31,2,24,1,3,4,3.6876
155181936,3,19,2,16,1,3,4,2.2427
148164919,3,49,4,3,1,4,2,1.6757
158122504,3,25,2,24,1,4,2,3.5032
148215005,3,50,4,6,1,3,2,2.8208
1180360,3,3,1,2,1,4,2,3.4648
157052228,3,22,2,22,1,1,3,3.6415
146034314,3,43,4,1,1,1,3,1.2358
1050518,2,5,1,-1,1,-1,4,4.0064
153112121,3,21,2,11,1,3,3,3.222
158052211,3,22,2,22,1,1,2,3.1948
150134832,3,48,4,2,1,4,4,2.0689
150254643,3,46,4,0,1,5,4,3.3501
162053209,3,32,2,32,1,3,2,2.3127
1400536022,3,36,3,-1,1,3,4,3.4564
153112024,3,20,2,11,1,3,3,2.2651
148304948,3,49,4,0,1,5,2,1.9999
155181904,3,19,2,16,1,3,4,2.5601
146034327,3,43,4,1,1,1,3,1.1904
161043209,3,32,2,32,1,1,3,2.3286
1380942021,3,42,3,-1,1,1,3,4.2199
1050607,2,6,1,-1,1,-1,4,2.5751
148295046,3,50,4,0,1,5,2,1.1088
1170130,3,5,1,1,1,4,4,3.3334
163043232,3,32,2,32,1,1,4,2.9439
1050421,2,4,1,-1,1,-1,4,2.6439
146164909,3,49,4,3,1,4,3,1.9364
161043234,3,32,2,32,1,1,3,2.8456
158143031,3,30,2,24,1,4,2,3.154
159192618,3,26,2,26,1,3,4,3.1876
158072833,3,28,2,22,1,3,2,2.3649
150304937,3,49,4,0,1,5,4,1.9876
1381229017,3,29,3,-1,1,3,3,3.0045
1380941023,3,41,3,-1,1,1,3,3.3219
158122433,3,24,2,24,1,4,2,4.1177
153051404,3,14,2,11,1,1,3,3.6982
1050516,2,5,1,-1,1,-1,4,3.0001
146274718,3,47,4,0,1,5,3,1.6915
157052237,3,22,2,22,1,1,3,2.6415
148274716,3,47,4,0,1,5,2,2.1224
1381329003,3,29,3,-1,1,4,3,2.7482
154112123,3,21,2,11,1,3,2,3.12
1420941030,3,41,3,-1,1,1,2,2.619
146234327,3,43,4,0,1,5,3,1.1859
158052307,3,23,2,22,1,1,2,2.8592
1381328007,3,28,3,-1,1,4,3,3.3877
157062215,3,22,2,22,1,2,3,3.2152
163043215,3,32,2,32,1,1,4,2.9439
1420638027,3,38,3,-1,1,3,2,2.8185
154171719,3,17,2,16,1,4,2,2.6982
163033326,3,33,2,31,1,3,4,5.0876
148034302,3,43,4,1,1,1,2,2.2063
158122502,3,25,2,24,1,4,2,4.7572
146244444,3,44,4,0,1,5,3,1.5169
1380536025,3,36,3,-1,1,3,3,3.2856
1400535031,3,35,3,-1,1,3,4,4.4939
159052202,3,22,2,22,1,1,4,3.0626
148164946,3,49,4,3,1,4,2,1.9999
1381228030,3,28,3,-1,1,3,3,2.789
1420941003,3,41,3,-1,1,1,2,2.0657
1170374,3,4,1,2,1,4,4,3.4309
150234441,3,44,4,0,1,5,4,2.1689
1050719,2,7,1,-1,1,-1,4,2.2376
157112408,3,24,2,24,1,4,3,3.6461
1050707,2,7,1,-1,1,-1,4,3.2126
157182609,3,26,2,26,1,3,3,3.603
159082817,3,28,2,22,1,4,4,2.4751
154112027,3,20,2,11,1,3,2,3.4601
150154942,3,49,4,3,1,4,4,3.3001
163053222,3,32,2,32,1,3,4,3.7314
1180323,3,3,1,2,1,3,2,2.4013
153051419,3,14,2,11,1,1,3,3.2356
154112119,3,21,2,11,1,3,2,7.1654
154071608,3,16,2,11,1,3,2,2.3286
150310128,3,1,4,0,1,5,4,1.7314
1170003,3,1,1,1,1,1,4,2.5259
1381228039,3,28,3,-1,1,3,3,2.3287
150295034,3,50,4,0,1,5,4,1.4064
148215031,3,50,4,6,1,3,2,2.6938
162033314,3,33,2,31,1,3,2,5.2923
1381329032,3,29,3,-1,1,4,3,2.7482
158192739,3,27,2,26,1,3,2,2.9635
159062232,3,22,2,22,1,2,4,2.7126
161083331,3,33,2,34,1,4,3,3.5531
155081607,3,16,2,11,1,3,4,2.2586
159133033,3,30,2,24,1,3,4,3.2189
1421329009,3,29,3,-1,1,4,2,2.9727
1401329024,3,29,3,-1,1,4,4,3.1814
154171938,3,19,2,16,1,4,2,2.6075
157062230,3,22,2,22,1,2,3,2.6393
153051427,3,14,2,11,1,1,3,3.7799
161033319,3,33,2,31,1,3,3,2.8751
150134818,3,48,4,2,1,4,4,2.4251
1420536005,3,36,3,-1,1,3,2,3.9092
153122111,3,21,2,12,1,4,3,3.9295
157133016,3,30,2,24,1,4,3,7.73
154171912,3,19,2,16,1,4,2,2.1676
1401328033,3,28,3,-1,1,4,4,2.4501
159072915,3,29,2,22,1,3,4,2.7251
1030101,2,1,1,-1,1,-1,3,5.6325
154181714,3,17,2,16,1,3,2,4.0928
1381329009,3,29,3,-1,1,4,3,2.9818
159082811,3,28,2,22,1,4,4,2.5064
146234309,3,43,4,0,1,5,3,1.3809
157052337,3,23,2,22,1,1,3,3.4715
158133004,3,30,2,24,1,3,2,4.0225
150134821,3,48,4,2,1,4,4,1.7251
158143105,3,31,2,24,1,4,2,4.705
154171936,3,19,2,16,1,4,2,2.1608
1421229012,3,29,3,-1,1,3,2,2.6802
148074528,3,45,4,1,1,2,2,2.2993
1421228022,3,28,3,-1,1,3,2,2.78
150034314,3,43,4,1,1,1,4,1.2314
150134825,3,48,4,2,1,4,4,1.7501
146034325,3,43,4,1,1,1,3,2.1519
150284835,3,48,4,0,1,5,4,7.6251
1180025,3,2,1,1,1,1,2,3.3129
1420535024,3,35,3,-1,1,3,2,3.2788
158133103,3,31,2,24,1,3,2,4.052
157062207,3,22,2,22,1,2,3,3.5191
1160481,3,2,1,1,1,1,3,2.9592
154181715,3,17,2,16,1,3,2,3.6801
154132129,3,21,2,12,1,4,2,2.0973
148074516,3,45,4,1,1,2,2,4.721
154071512,3,15,2,11,1,3,2,1.9341
150154924,3,49,4,3,1,4,4,2.3314
158133117,3,31,2,24,1,3,2,3.8978
1400536007,3,36,3,-1,1,3,4,3.4189
148274717,3,47,4,0,1,5,2,2.4353
1380536028,3,36,3,-1,1,3,3,2.6643
146321132,3,11,4,0,1,5,3,2.4988
1380737009,3,37,3,-1,1,4,3,4.5305
146244429,3,44,4,0,1,5,3,1.9659
148134820,3,48,4,2,1,3,2,2.4104
157182701,3,27,2,26,1,3,3,7.3022
1400738006,3,38,3,-1,1,4,4,0.5314
150224301,3,43,4,0,1,5,4,7.0689
1170018,3,1,1,1,1,1,4,2.3946
153171923,3,19,2,16,1,4,3,4.7232
158052314,3,23,2,22,1,1,2,3.5758
157072922,3,29,2,22,1,3,3,4.0996
155142137,3,21,2,12,1,4,4,2.347
1401328017,3,28,3,-1,1,4,4,2.4751
1401329023,3,29,3,-1,1,4,4,2.5689
159122426,3,24,2,24,1,4,4,2.5814
1170336,3,4,1,2,1,3,4,2.7098
1400535012,3,35,3,-1,1,3,4,5.1126
1420941014,3,41,3,-1,1,1,2,2.5487
1160516,3,2,1,1,1,3,3,3.2404
146084534,3,45,4,1,1,4,3,1.5578
146295008,3,50,4,0,1,5,3,3.0929
1381229027,3,29,3,-1,1,3,3,2.2652
1170021,3,2,1,1,1,1,4,2.9933
150254647,3,46,4,0,1,5,4,1.1501
148074535,3,45,4,1,1,2,2,1.6371
150234402,3,44,4,0,1,5,4,2.8251
154171705,3,17,2,16,1,4,2,3.2878
1160498,3,1,1,1,1,3,3,2.0862
1030606,2,6,1,-1,1,-1,3,3.3241
146215033,3,50,4,6,1,3,3,2.5441
1180059,3,2,1,1,1,3,2,2.9364
157123123,3,31,2,24,1,3,3,4.2311
1381328026,3,28,3,-1,1,4,3,2.0271
150154911,3,49,4,3,1,4,4,1.2626
150044318,3,43,4,1,1,3,4,1.0626
1400738014,3,38,3,-1,1,4,4,3.1501
155142030,3,20,2,12,1,4,4,2.1769
150321119,3,11,4,0,1,5,4,3.7626
162043215,3,32,2,32,1,1,2,4.1019
1060802,2,8,1,-1,1,-1,2,2.4602
1400536033,3,36,3,-1,1,3,4,3.4314
158133104,3,31,2,24,1,3,2,3.0678
154171724,3,17,2,16,1,4,2,2.501
150264710,3,47,4,0,1,5,4,1.5751
153051401,3,14,2,11,1,1,3,4.5926
1380637032,3,37,3,-1,1,3,3,4.2085
148234331,3,43,4,0,1,5,2,1.3219
148310134,3,1,4,0,1,5,2,1.6099
155151619,3,16,2,13,1,4,4,2.6214
146244428,3,44,4,0,1,5,3,1.916
146134814,3,48,4,2,1,3,3,1.7256
154112125,3,21,2,11,1,3,2,2.7322
1180121,3,5,1,1,1,4,2,3.0748
162043229,3,32,2,32,1,1,2,2.4896
155051301,3,13,2,11,1,1,4,5.7302
159082912,3,29,2,22,1,4,4,2.6626
157072835,3,28,2,22,1,3,3,3.739
1380637026,3,37,3,-1,1,3,3,3.7324
158082931,3,29,2,22,1,4,2,3.7368
1170067,3,2,1,1,1,3,4,2.9593
163033306,3,33,2,31,1,3,4,3.0314
158133006,3,30,2,24,1,3,2,4.2697
1420638032,3,38,3,-1,1,3,2,2.848
159143129,3,31,2,24,1,4,4,3.8001
150034306,3,43,4,1,1,1,4,2.6189
148215027,3,50,4,6,1,3,2,2.3242
153131632,3,16,2,13,1,4,3,2.5418
146144813,3,48,4,2,1,4,3,1.4784
150154944,3,49,4,3,1,4,4,1.5314
1380535021,3,35,3,-1,1,3,3,3.755
1060517,2,5,1,-1,1,-1,2,2.9863
150154933,3,49,4,3,1,4,4,1.9251
158192729,3,27,2,26,1,3,2,2.637
150234434,3,44,4,0,1,5,4,1.5376
1420638020,3,38,3,-1,1,3,2,2.2924
159133013,3,30,2,24,1,3,4,3.9564
1381328027,3,28,3,-1,1,4,3,2.2766
1060213,2,2,1,-1,1,-1,2,2.8095
146144816,3,48,4,2,1,4,3,2.17
146154917,3,49,4,3,1,3,3,1.9047
1381228018,3,28,3,-1,1,3,3,2.7618
1160781,3,3,1,2,1,3,3,2.9433
1400638007,3,38,3,-1,1,3,4,3.4314
1060320,2,3,1,-1,1,-1,2,3.1949
150124811,3,48,4,2,1,3,4,2.3564
150234421,3,44,4,0,1,5,4,1.5001
154112030,3,20,2,11,1,3,2,2.0951
158192733,3,27,2,26,1,3,2,2.7413
161083320,3,33,2,34,1,4,3,2.7413
146264640,3,46,4,0,1,5,3,1.1564
158082905,3,29,2,22,1,4,2,4.408
154071513,3,15,2,11,1,3,2,2.3966
1160468,3,1,1,1,1,1,3,2.4399
159052236,3,22,2,22,1,1,4,3.3876
157112407,3,24,2,24,1,4,3,3.3309
1400535033,3,35,3,-1,1,3,4,4.6314
154171906,3,19,2,16,1,4,2,3.8864
1400737033,3,37,3,-1,1,4,4,4.0126
159052321,3,23,2,22,1,1,4,7.3126
148154940,3,49,4,3,1,3,2,1.8956
148164925,3,49,4,3,1,4,2,1.6394
159192727,3,27,2,26,1,3,4,2.8064
163043216,3,32,2,32,1,1,4,4.3064
150124819,3,48,4,2,1,3,4,2.4251
154141610,3,16,2,13,1,4,2,2.5962
150295002,3,50,4,0,1,5,4,3.0876
150074542,3,45,4,1,1,4,4,1.9876
146144832,3,48,4,2,1,4,3,2.2743
157112436,3,24,2,24,1,4,3,3.3989
1050407,2,4,1,-1,1,-1,4,2.9814
148134844,3,48,4,2,1,3,2,2.7913
150074506,3,45,4,1,1,4,4,2.6689
159052331,3,23,2,22,1,1,4,3.5189
155051430,3,14,2,11,1,1,4,3.2654
153071520,3,15,2,11,1,3,3,1.9907
154181732,3,17,2,16,1,3,2,3.1608
146264643,3,46,4,0,1,5,3,1.9364
159122530,3,25,2,24,1,4,4,2.6064
1160774,3,3,1,2,1,3,3,2.4513
1170364,3,3,1,2,1,4,4,2.3992
1401329040,3,29,3,-1,1,4,4,2.4439
146134842,3,48,4,2,1,3,3,2.0906
150224342,3,43,4,0,1,5,4,1.3189
159052223,3,22,2,22,1,1,4,3.0876
157123018,3,30,2,24,1,3,3,4.1019
1400638039,3,38,3,-1,1,3,4,2.2251
157123024,3,30,2,24,1,3,3,3.4533
158082928,3,29,2,22,1,4,2,4.6892
155181718,3,17,2,16,1,3,4,2.8731
1160521,3,2,1,1,1,3,3,3.7687
153171916,3,19,2,16,1,4,3,2.7844
162043225,3,32,2,32,1,1,2,2.4715
1400536036,3,36,3,-1,1,3,4,3.5626
153112028,3,20,2,11,1,3,3,3.5236
158072903,3,29,2,22,1,3,2,2.8366
150321105,3,11,4,0,1,5,4,1.9251
157072816,3,28,2,22,1,3,3,2.4919
162083308,3,33,2,34,1,4,2,2.9341
150234435,3,44,4,0,1,5,4,1.7501
150154906,3,49,4,3,1,4,4,2.8439
150234428,3,44,4,0,1,5,4,1.8876
157123133,3,31,2,24,1,3,3,4.0928
146034333,3,43,4,1,1,1,3,1.9138
154171726,3,17,2,16,1,4,2,3.247
155181728,3,17,2,16,1,3,4,2.8821
154181924,3,19,2,16,1,3,2,3.8252
146134833,3,48,4,2,1,3,3,1.5986
159072814,3,28,2,22,1,3,4,2.7189
1420536001,3,36,3,-1,1,3,2,3.0816
148310130,3,1,4,0,1,5,2,1.8911
159133109,3,31,2,24,1,3,4,3.0814
1421328027,3,28,3,-1,1,4,2,2.0884
1060217,2,2,1,-1,1,-1,2,3.3673
154132120,3,21,2,12,1,4,2,3.3536
148134827,3,48,4,2,1,3,2,1.721
157182602,3,26,2,26,1,3,3,3.349
158082828,3,28,2,22,1,4,2,4.637
155122007,3,20,2,11,1,3,4,4.2473
158082922,3,29,2,22,1,4,2,2.3898
155191921,3,19,2,16,1,4,4,2.347
158192710,3,27,2,26,1,3,2,2.7481
146164914,3,49,4,3,1,4,3,1.7392
148154948,3,49,4,3,1,3,2,2.4625
158133102,3,31,2,24,1,3,2,4.4284
1380738026,3,38,3,-1,1,4,3,3.4058
146274730,3,47,4,0,1,5,3,1.3582
157112425,3,24,2,24,1,4,3,3.7685
150044315,3,43,4,1,1,3,4,1.3626
150144937,3,49,4,3,1,3,4,1.9501
157112437,3,24,2,24,1,4,3,2.7436
157062218,3,22,2,22,1,2,3,3.5032
1030409,2,4,1,-1,1,-1,3,2.603
1420536017,3,36,3,-1,1,3,2,2.3605
157082815,3,28,2,22,1,4,3,2.9839
1030709,2,7,1,-1,1,-1,3,2.3808
1030112,2,1,1,-1,1,-1,3,2.7708
150224321,3,43,4,0,1,5,4,2.1751
1160524,3,2,1,1,1,3,3,2.5556
154181723,3,17,2,16,1,3,2,2.1994
1050816,2,8,1,-1,1,-1,4,2.8564
1420638035,3,38,3,-1,1,3,2,3.1496
146074529,3,45,4,1,1,2,3,1.424
1180336,3,4,1,2,1,3,2,6.551
161083332,3,33,2,34,1,4,3,2.8864
150124836,3,48,4,2,1,3,4,2.0689
148274735,3,47,4,0,1,5,2,1.3174
153131539,3,15,2,13,1,4,3,2.5486
146154947,3,49,4,3,1,3,3,2.009
148234342,3,43,4,0,1,5,2,1.5782
155142004,3,20,2,12,1,4,4,3.1361
146074526,3,45,4,1,1,2,3,1.0748
154171934,3,19,2,16,1,4,2,2.1971
150254635,3,46,4,0,1,5,4,1.0064
153171917,3,19,2,16,1,4,3,2.5327
155122005,3,20,2,11,1,3,4,3.8277
148044329,3,43,4,1,1,3,2,1.7188
1160500,3,1,1,1,1,3,3,2.3243
146215011,3,50,4,6,1,3,3,1.755
1380737021,3,37,3,-1,1,4,3,3.2403
163053236,3,32,2,32,1,3,4,2.4251
159072928,3,29,2,22,1,3,4,2.3689
1170369,3,4,1,2,1,4,4,3.5738
1400535038,3,35,3,-1,1,3,4,4.2751
163053230,3,32,2,32,1,3,4,3.1189
148234325,3,43,4,0,1,5,2,2.1927
1420638013,3,38,3,-1,1,3,2,3.1677
159072912,3,29,2,22,1,3,4,2.6626
150144938,3,49,4,3,1,3,4,1.0501
158143103,3,31,2,24,1,4,2,3.0928
1420941006,3,41,3,-1,1,1,2,2.7845
1380738035,3,38,3,-1,1,4,3,3.1519
146074524,3,45,4,1,1,2,3,1.1927
161083321,3,33,2,34,1,4,3,6.8592
159143016,3,30,2,24,1,4,4,4.0376
159122536,3,25,2,24,1,4,4,3.5626
1401328039,3,28,3,-1,1,4,4,2.3376
161083304,3,33,2,34,1,4,3,3.4239
1160537,3,5,1,1,1,2,3,3.0749
157112422,3,24,2,24,1,4,3,2.9635
150124834,3,48,4,2,1,3,4,2.2001
1170081,3,5,1,1,1,2,4,2.5329
150234445,3,44,4,0,1,5,4,1.2126
1420638015,3,38,3,-1,1,3,2,2.9999
150310126,3,1,4,0,1,5,4,1.4501
146134808,3,48,4,2,1,3,3,5.3106
150284836,3,48,4,0,1,5,4,1.7439
157072912,3,29,2,22,1,3,3,2.6642
1421329017,3,29,3,-1,1,4,2,2.4285
1160784,3,4,1,2,1,3,3,3.5692
159122507,3,25,2,24,1,4,4,3.0689
155151532,3,15,2,13,1,4,4,2.5601
157052211,3,22,2,22,1,1,3,3.8774
155142122,3,21,2,12,1,4,4,3.898
154171737,3,17,2,16,1,4,2,3.086
159062326,3,23,2,22,1,2,4,2.7876
159062219,3,22,2,22,1,2,4,3.3751
1421329001,3,29,3,-1,1,4,2,3.3922
146215028,3,50,4,6,1,3,3,2.0226
159072817,3,28,2,22,1,3,4,1.9501
157112434,3,24,2,24,1,4,3,4.1994
157082829,3,28,2,22,1,4,3,2.9431
150154939,3,49,4,3,1,4,4,1.9689
150234424,3,44,4,0,1,5,4,2.6251
1380941012,3,41,3,-1,1,1,3,3.238
148044320,3,43,4,1,1,3,2,1.0952
159122440,3,24,2,24,1,4,4,3.9189
153051333,3,13,2,11,1,1,3,2.705
148234333,3,43,4,0,1,5,2,1.8934
150044313,3,43,4,1,1,3,4,1.3001
161033316,3,33,2,31,1,3,3,2.8774
158062332,3,23,2,22,1,2,2,3.0928
1170009,3,1,1,1,1,1,4,2.7257
154141618,3,16,2,13,1,4,2,2.2447
150064517,3,45,4,1,1,2,4,2.1189
155122016,3,20,2,11,1,3,4,7.2608
158122519,3,25,2,24,1,4,2,3.4057
162043230,3,32,2,32,1,1,2,2.8615
155051434,3,14,2,11,1,1,4,3.4354
1380535005,3,35,3,-1,1,3,3,3.2403
157123014,3,30,2,24,1,3,3,3.1654
158052318,3,23,2,22,1,1,2,6.9046
150044332,3,43,4,1,1,3,4,1.3626
148284842,3,48,4,0,1,5,2,1.6054
157062225,3,22,2,22,1,2,3,3.6189
1030522,2,5,1,-1,1,-1,3,3.2175
161083302,3,33,2,34,1,4,3,3.0792
148244405,3,44,4,0,1,5,2,2.5237
1420638019,3,38,3,-1,1,3,2,3.1088
163043217,3,32,2,32,1,1,4,3.5376
146154902,3,49,4,3,1,3,3,2.365
1050212,2,2,1,-1,1,-1,4,3.2814
157182622,3,26,2,26,1,3,3,2.832
146304903,3,49,4,0,1,5,3,2.3741
1420738018,3,38,3,-1,1,4,2,3.5986
157062310,3,23,2,22,1,2,3,3.9023
1400941003,3,41,3,-1,1,1,4,2.0689
157052214,3,22,2,22,1,1,3,3.1835
155122112,3,21,2,11,1,3,4,2.796
1401229033,3,29,3,-1,1,3,4,2.7064
157112440,3,24,2,24,1,4,3,3.9159
146074517,3,45,4,1,1,2,3,1.7051
146310117,3,1,4,0,1,5,3,1.6961
158122425,3,24,2,24,1,4,2,3.2765
1400637018,3,37,3,-1,1,3,4,3.6564
148310149,3,1,4,0,1,5,2,1.6507
159192611,3,26,2,26,1,3,4,3.4814
148074520,3,45,4,1,1,2,2,1.6031
1420638002,3,38,3,-1,1,3,2,3.3423
1400638018,3,38,3,-1,1,3,4,3.0001
155081625,3,16,2,11,1,3,4,2.9842
161043236,3,32,2,32,1,1,3,2.5599
154051330,3,13,2,11,1,1,2,3.1903
153112124,3,21,2,11,1,3,3,3.2923
1380942006,3,42,3,-1,1,1,3,3.8775
163053233,3,32,2,32,1,3,4,3.0376
1420942010,3,42,3,-1,1,1,2,2.7686
1380638010,3,38,3,-1,1,3,3,3.3945
1060820,2,8,1,-1,1,-1,2,3.238
157082833,3,28,2,22,1,4,3,2.9159
146215013,3,50,4,6,1,3,3,1.8684
1421328032,3,28,3,-1,1,4,2,2.4557
148310117,3,1,4,0,1,5,2,2.0906
158062205,3,22,2,22,1,2,2,2.4511
158062227,3,22,2,22,1,2,2,3.6506
157112409,3,24,2,24,1,4,3,3.2402
150224336,3,43,4,0,1,5,4,1.4126
148264623,3,46,4,0,1,5,2,0.7029
1160575,3,5,1,1,1,4,3,2.6803
146034322,3,43,4,1,1,1,3,1.0816
155051416,3,14,2,11,1,1,4,2.9229
157062322,3,23,2,22,1,2,3,3.7935
162083332,3,33,2,34,1,4,2,2.8864
146295033,3,50,4,0,1,5,3,2.111
155151514,3,15,2,13,1,4,4,2.9728
157182727,3,27,2,26,1,3,3,3.2538
148244431,3,44,4,0,1,5,2,1.5963
1400536026,3,36,3,-1,1,3,4,3.3876
155151613,3,16,2,13,1,4,4,3.2722
150064522,3,45,4,1,1,2,4,1.2376
148295036,3,50,4,0,1,5,2,1.9841
157123016,3,30,2,24,1,3,3,4.0474
1381229028,3,29,3,-1,1,3,3,3.229
157052329,3,23,2,22,1,1,3,2.9953
1421228035,3,28,3,-1,1,3,2,3.4058
154171733,3,17,2,16,1,4,2,3.2493
1050501,2,5,1,-1,1,-1,4,2.2626
150064525,3,45,4,1,1,2,4,1.5939
1180034,3,2,1,1,1,1,2,2.3401
153131526,3,15,2,13,1,4,3,2.925
1421328009,3,28,3,-1,1,4,2,2.8956
159052233,3,22,2,22,1,1,4,3.5814
1401328013,3,28,3,-1,1,4,4,3.1376
157182716,3,27,2,26,1,3,3,3.2107
153171932,3,19,2,16,1,4,3,2.5395
146304901,3,49,4,0,1,5,3,2.0906
1420536040,3,36,3,-1,1,3,2,2.1042
1030116,2,1,1,-1,1,-1,3,1.9953
1401229032,3,29,3,-1,1,3,4,2.4189
153131535,3,15,2,13,1,4,3,2.9794
155051320,3,13,2,11,1,1,4,3.22
150154910,3,49,4,3,1,4,4,1.5751
1380941017,3,41,3,-1,1,1,3,3.6258
153071625,3,16,2,11,1,3,3,2.9023
146295040,3,50,4,0,1,5,3,2.1632
159062224,3,22,2,22,1,2,4,3.0001
1380738031,3,38,3,-1,1,4,3,2.6983
1380738013,3,38,3,-1,1,4,3,3.1632
150234432,3,44,4,0,1,5,4,1.7751
161083334,3,33,2,34,1,4,3,2.2833
155151513,3,15,2,13,1,4,4,2.4785
1030620,2,6,1,-1,1,-1,3,2.5032
157062341,3,23,2,22,1,2,3,3.3694
159082930,3,29,2,22,1,4,4,3.3939
1170332,3,4,1,2,1,3,4,3.5693
146074520,3,45,4,1,1,2,3,1.3401
1060502,2,5,1,-1,1,-1,2,1.653
150295008,3,50,4,0,1,5,4,1.8626
1381329017,3,29,3,-1,1,4,3,2.4262
1030505,2,5,1,-1,1,-1,3,3.0044
154141631,3,16,2,13,1,4,2,2.5463
153071510,3,15,2,11,1,3,3,3.0248
159192718,3,27,2,26,1,3,4,2.5189
146274705,3,47,4,0,1,5,3,3.2108
154112028,3,20,2,11,1,3,2,3.5236
154171712,3,17,2,16,1,4,2,2.8275
148310142,3,1,4,0,1,5,2,1.4512
146074530,3,45,4,1,1,2,3,0.9954
155051408,3,14,2,11,1,1,4,2.9842
1030622,2,6,1,-1,1,-1,3,2.1359
157052341,3,23,2,22,1,1,3,3.3649
1170069,3,2,1,1,1,3,4,3.7688
146215021,3,50,4,6,1,3,3,1.3559
159052313,3,23,2,22,1,1,4,2.9564
153171732,3,17,2,16,1,4,3,3.1608
157112433,3,24,2,24,1,4,3,4.1155
148284812,3,48,4,0,1,5,2,1.551
1380738040,3,38,3,-1,1,4,3,2.2902
148264646,3,46,4,0,1,5,2,0.6575
159133014,3,30,2,24,1,3,4,3.1439
157082810,3,28,2,22,1,4,3,3.0021
153161712,3,17,2,16,1,3,3,2.8275
159082821,3,28,2,22,1,4,4,4.7126
150144906,3,49,4,3,1,3,4,2.7876
1170073,3,2,1,1,1,3,4,3.1838
150124848,3,48,4,2,1,3,4,2.3564
148074533,3,45,4,1,1,2,2,1.551
159133025,3,30,2,24,1,3,4,3.4439
150074513,3,45,4,1,1,4,4,1.3501
1420941028,3,41,3,-1,1,1,2,2.0226
157112517,3,25,2,24,1,4,3,3.696
153051306,3,13,2,11,1,1,3,2.3694
163083315,3,33,2,34,1,4,4,1.9126
162083324,3,33,2,34,1,4,2,2.5463
154071521,3,15,2,11,1,3,2,2.0951
146234341,3,43,4,0,1,5,3,1.4262
158122418,3,24,2,24,1,4,2,4.2674
158192630,3,26,2,26,1,3,2,3.9318
155081629,3,16,2,11,1,3,4,3.0363
155051331,3,13,2,11,1,1,4,3.0114
150074530,3,45,4,1,1,4,4,1.9189
157082935,3,29,2,22,1,4,3,3.018
158072912,3,29,2,22,1,3,2,2.6642
1180042,3,1,1,1,1,3,2,3.0476
1060201,2,2,1,-1,1,-1,2,4.0498
150254641,3,46,4,0,1,5,4,1.1814
146244426,3,44,4,0,1,5,3,1.6575
1420535028,3,35,3,-1,1,3,2,3.399
1400637021,3,37,3,-1,1,3,4,5.6939
148134814,3,48,4,2,1,3,2,1.5487
1050606,2,6,1,-1,1,-1,4,3.4751
148034313,3,43,4,1,1,1,2,1.3083
155181704,3,17,2,16,1,3,4,3.9887
1180004,3,1,1,1,1,1,2,3.0476
154051304,3,13,2,11,1,1,2,3.832
1060106,2,1,1,-1,1,-1,2,3.2516
150144901,3,49,4,3,1,3,4,2.1189
158082908,3,29,2,22,1,4,2,2.9159
158143008,3,30,2,24,1,4,2,4.1744
153122009,3,20,2,12,1,4,3,4.3966
155151502,3,15,2,13,1,4,4,3.4513
155191935,3,19,2,16,1,4,4,2.6009
1160515,3,2,1,1,1,3,3,3.3152
163083323,3,33,2,34,1,4,4,2.7626
150124833,3,48,4,2,1,3,4,2.2814
159072903,3,29,2,22,1,3,4,2.8376
157123102,3,31,2,24,1,3,3,3.0452
157062321,3,23,2,22,1,2,3,7.3059
146084505,3,45,4,1,1,4,3,2.789
159122434,3,24,2,24,1,4,4,4.2001
1170380,3,4,1,2,1,4,4,3.508
158133026,3,30,2,24,1,3,2,4.0973
1380737036,3,37,3,-1,1,4,3,5.1292
157072914,3,29,2,22,1,3,3,2.9205
158133122,3,31,2,24,1,3,2,3.6257
1401328019,3,28,3,-1,1,4,4,2.5064
154171723,3,17,2,16,1,4,2,2.1994
159192709,3,27,2,26,1,3,4,2.8126
146164915,3,49,4,3,1,4,3,2.0317
157062313,3,23,2,22,1,2,3,2.959
150284838,3,48,4,0,1,5,4,1.4814
155142111,3,21,2,12,1,4,4,4.0114
146154941,3,49,4,3,1,3,3,1.78
1030320,2,3,1,-1,1,-1,3,2.5282
157133106,3,31,2,24,1,4,3,4.1245
148284817,3,48,4,0,1,5,2,1.2131
158052311,3,23,2,22,1,1,2,3.9386
157123015,3,30,2,24,1,3,3,3.7957
158133031,3,30,2,24,1,3,2,3.1563
146321103,3,11,4,0,1,5,3,3.1246
158143102,3,31,2,24,1,4,2,3.4125
146084512,3,45,4,1,1,4,3,1.4784
153161935,3,19,2,16,1,3,3,2.5191
148215011,3,50,4,6,1,3,2,1.7732
1401228028,3,28,3,-1,1,3,4,2.1189
158052233,3,22,2,22,1,1,2,3.5123
146154907,3,49,4,3,1,3,3,2.8593
154181925,3,19,2,16,1,3,2,2.7141
158082834,3,28,2,22,1,4,2,2.6211
146034348,3,43,4,1,1,1,3,1.4625
155051415,3,14,2,11,1,1,4,2.5398
148264605,3,46,4,0,1,5,2,2.4625
155142007,3,20,2,12,1,4,4,4.2473
148154921,3,49,4,3,1,3,2,1.6779
153112001,3,20,2,11,1,3,3,4.6347
1030720,2,7,1,-1,1,-1,3,3.3105
1420536034,3,36,3,-1,1,3,2,3.6394
158062340,3,23,2,22,1,2,2,3.5622
1050118,2,1,1,-1,1,-1,4,2.6814
1160491,3,1,1,1,1,3,3,3.4195
146154939,3,49,4,3,1,3,3,2.2471
159133023,3,30,2,24,1,3,4,2.6314
1420941023,3,41,3,-1,1,1,2,3.3219
148215020,3,50,4,6,1,3,2,1.6485
1030122,2,1,1,-1,1,-1,3,3.0021
155181715,3,17,2,16,1,3,4,3.7619
150074526,3,45,4,1,1,4,4,1.5876
162083333,3,33,2,34,1,4,2,3.2969
1380536001,3,36,3,-1,1,3,3,3.0884
148084506,3,45,4,1,1,4,2,2.687
1380535038,3,35,3,-1,1,3,3,4.263
1420535004,3,35,3,-1,1,3,2,3.0906
154071611,3,16,2,11,1,3,2,3.222
1170024,3,2,1,1,1,1,4,3.1883
1170080,3,5,1,1,1,2,4,4.1679
153122034,3,20,2,12,1,4,3,3.0746
159192736,3,27,2,26,1,3,4,1.6939
157133033,3,30,2,24,1,4,3,3.7459
1030822,2,8,1,-1,1,-1,3,2.7912
155081519,3,15,2,11,1,3,4,2.3765
150284807,3,48,4,0,1,5,4,3.4126
162033329,3,33,2,31,1,3,2,4.8343
163053224,3,32,2,32,1,3,4,3.0751
1420942013,3,42,3,-1,1,1,2,4.6258
158082838,3,28,2,22,1,4,2,2.9454
1400738010,3,38,3,-1,1,4,4,2.5814
153112125,3,21,2,11,1,3,3,2.7322
1180349,3,3,1,2,1,4,2,2.8344
148321117,3,11,4,0,1,5,2,2.7777
146074533,3,45,4,1,1,2,3,1.5736
154171925,3,19,2,16,1,4,2,2.7141
162043236,3,32,2,32,1,1,2,2.2198
1180342,3,3,1,2,1,4,2,2.7278
148034347,3,43,4,1,1,1,2,1.3174
1160779,3,3,1,2,1,3,3,2.3243
159052339,3,23,2,22,1,1,4,4.0001
148044322,3,43,4,1,1,3,2,0.8752
154071601,3,16,2,11,1,3,2,3.4959
157112503,3,25,2,24,1,4,3,5.4601
154171713,3,17,2,16,1,4,2,3.5712
1030819,2,8,1,-1,1,-1,3,2.5259
1050105,2,1,1,-1,1,-1,4,3.2751
148234328,3,43,4,0,1,5,2,1.1927
146244404,3,44,4,0,1,5,3,2.7006
158072918,3,29,2,22,1,3,2,2.578
148304942,3,49,4,0,1,5,2,1.7913
1421229023,3,29,3,-1,1,3,2,3.2834
1400535004,3,35,3,-1,1,3,4,3.0439
153161931,3,19,2,16,1,3,3,2.0769
163083302,3,33,2,34,1,4,4,2.7814
146164925,3,49,4,3,1,4,3,1.6235
153051327,3,13,2,11,1,1,3,3.222
153112006,3,20,2,11,1,3,3,3.7776
146044305,3,43,4,1,1,3,3,2.5373
148074506,3,45,4,1,1,2,2,2.6711
1420737031,3,37,3,-1,1,4,2,3.4739
1050117,2,1,1,-1,1,-1,4,2.8501
158062308,3,23,2,22,1,2,2,3.7073
155122019,3,20,2,11,1,3,4,2.7325
155122010,3,20,2,11,1,3,4,3.5851
157072802,3,28,2,22,1,3,3,3.3672
154132133,3,21,2,12,1,4,2,2.544
159052311,3,23,2,22,1,1,4,3.9064
146244431,3,44,4,0,1,5,3,1.6008
153161921,3,19,2,16,1,3,3,2.2651
1421228036,3,28,3,-1,1,3,2,3.068
153131625,3,16,2,13,1,4,3,2.9023
150144935,3,49,4,3,1,3,4,1.7189
154141605,3,16,2,13,1,4,2,2.6053
154181734,3,17,2,16,1,3,2,2.4352
1381228015,3,28,3,-1,1,3,3,2.8367
154112009,3,20,2,11,1,3,2,4.3966
1170042,3,1,1,1,1,3,4,3.0477
159192731,3,27,2,26,1,3,4,2.4814
1050618,2,6,1,-1,1,-1,4,2.4064
148310103,3,1,4,0,1,5,2,2.2856
148074510,3,45,4,1,1,2,2,1.6485
162053212,3,32,2,32,1,3,2,3.4692
159133123,3,31,2,24,1,3,4,3.1564
162043234,3,32,2,32,1,1,2,3.8093
155151537,3,15,2,13,1,4,4,2.8413
159052336,3,23,2,22,1,1,4,5.0001
157123034,3,30,2,24,1,3,3,4.3059
1400536006,3,36,3,-1,1,3,4,3.8751
158072817,3,28,2,22,1,3,2,2.603
150321117,3,11,4,0,1,5,4,2.0126
155081631,3,16,2,11,1,3,4,2.6282
153051324,3,13,2,11,1,1,3,3.4692
155081616,3,16,2,11,1,3,4,2.6984
146284819,3,48,4,0,1,5,3,2.0725
158192721,3,27,2,26,1,3,2,7.6234
150224340,3,43,4,0,1,5,4,0.9501
146215018,3,50,4,6,1,3,3,1.1088
159122402,3,24,2,24,1,4,4,2.6876
154171928,3,19,2,16,1,4,2,2.3536
163083301,3,33,2,34,1,4,4,1.7814
148154938,3,49,4,3,1,3,2,1.746
150154919,3,49,4,3,1,4,4,1.6814
1180312,3,3,1,2,1,3,2,3.111
157082809,3,28,2,22,1,4,3,2.9953
150205020,3,50,4,6,1,3,4,2.6064
146044315,3,43,4,1,1,3,3,2.1836
158143007,3,30,2,24,1,4,2,4.34
150295007,3,50,4,0,1,5,4,1.2939
148284834,3,48,4,0,1,5,2,1.3605
1180047,3,1,1,1,1,3,2,1.619
1060603,2,6,1,-1,1,-1,2,3.043
155151506,3,15,2,13,1,4,4,3.1633
1400942042,3,42,3,-1,1,1,4,3.7314
1170337,3,4,1,2,1,3,4,2.6191
153171913,3,19,2,16,1,4,3,2.8796
150254613,3,46,4,0,1,5,4,0.9501
146084501,3,45,4,1,1,4,3,2.9002
159143027,3,30,2,24,1,4,4,4.1189
150254636,3,46,4,0,1,5,4,1.5064
1420535016,3,35,3,-1,1,3,2,3.3038
155151512,3,15,2,13,1,4,4,2.0159
146295039,3,50,4,0,1,5,3,1.8775
148295026,3,50,4,0,1,5,2,2.4058
157082930,3,29,2,22,1,4,3,3.374
155191715,3,17,2,16,1,4,4,3.7619
150034322,3,43,4,1,1,1,4,1.1064
153171712,3,17,2,16,1,4,3,2.8275
146264605,3,46,4,0,1,5,3,2.4489
1421328001,3,28,3,-1,1,4,2,3.1428
159192602,3,26,2,26,1,3,4,2.8439
1421228002,3,28,3,-1,1,3,2,2.8729
154071628,3,16,2,11,1,3,2,4.0089
1380942020,3,42,3,-1,1,1,3,4.9296
1381329035,3,29,3,-1,1,4,3,2.9228
150295035,3,50,4,0,1,5,4,2.5626
159122512,3,25,2,24,1,4,4,3.7189
150254630,3,46,4,0,1,5,4,1.9001
158133002,3,30,2,24,1,3,2,5.1926
146284843,3,48,4,0,1,5,3,1.6076
153171908,3,19,2,16,1,4,3,2.0724
146284802,3,48,4,0,1,5,3,2.3605
1380638039,3,38,3,-1,1,3,3,2.2176
146144815,3,48,4,2,1,4,3,2.2494
1160457,3,1,1,1,1,1,3,6.3651
155191906,3,19,2,16,1,4,4,3.9683
161083323,3,33,2,34,1,4,3,3.0429
158072926,3,29,2,22,1,3,2,2.1608
157082817,3,28,2,22,1,4,3,2.603
146304917,3,49,4,0,1,5,3,2.0498
159192614,3,26,2,26,1,3,4,2.6501
157182630,3,26,2,26,1,3,3,3.0474
158133111,3,31,2,24,1,3,2,3.9613
157182731,3,27,2,26,1,3,3,2.4375
1170074,3,2,1,1,1,3,4,2.5216
157072924,3,29,2,22,1,3,3,2.7005
150254633,3,46,4,0,1,5,4,1.3876
1421328010,3,28,3,-1,1,4,2,2.8457
158062220,3,22,2,22,1,2,2,3.2379
154171736,3,17,2,16,1,4,2,2.7232
1030511,2,5,1,-1,1,-1,3,3.1812
148074515,3,45,4,1,1,2,2,1.7256
157112421,3,24,2,24,1,4,3,3.3059
153122107,3,21,2,12,1,4,3,2.5849
1380737024,3,37,3,-1,1,4,3,4.9863
148144842,3,48,4,2,1,4,2,2.7913
1420941027,3,41,3,-1,1,1,2,2.4081
153131604,3,16,2,13,1,4,3,2.8003
150044302,3,43,4,1,1,3,4,2.2064
158052341,3,23,2,22,1,1,2,3.3649
154141601,3,16,2,13,1,4,2,3.4959
154071626,3,16,2,11,1,3,2,2.3513
1380738001,3,38,3,-1,1,4,3,2.6031
146295041,3,50,4,0,1,5,3,2.0634
161083318,3,33,2,34,1,4,3,2.2583
153051318,3,13,2,11,1,1,3,2.6551
155051315,3,13,2,11,1,1,4,3.8005
1160534,3,5,1,1,1,2,3,4.464
146034317,3,43,4,1,1,1,3,1.7868
154071629,3,16,2,11,1,3,2,2.9545
155142040,3,20,2,12,1,4,4,3.5828
159082806,3,28,2,22,1,4,4,2.4126
158062314,3,23,2,22,1,2,2,3.5803
153112019,3,20,2,11,1,3,3,2.6506
157052323,3,23,2,22,1,1,3,3.535
153122124,3,21,2,12,1,4,3,3.2923
1401228037,3,28,3,-1,1,3,4,3.3001
155051325,3,13,2,11,1,1,4,3.4785
155122037,3,20,2,11,1,3,4,2.3493
155181725,3,17,2,16,1,3,4,3.6917
1060302,2,3,1,-1,1,-1,2,4.4988
148295012,3,50,4,0,1,5,2,1.7913
1381228002,3,28,3,-1,1,3,3,3.3627
1160584,3,5,1,1,1,4,3,3.0885
146234307,3,43,4,0,1,5,3,2.8956
1050219,2,2,1,-1,1,-1,4,2.9251
155051327,3,13,2,11,1,1,4,3.3039
1420535022,3,35,3,-1,1,3,2,3.8661
158062213,3,22,2,22,1,2,2,3.1744
154141510,3,15,2,13,1,4,2,3.0248
148244445,3,44,4,0,1,5,2,1.2063
155142136,3,21,2,12,1,4,4,2.4763
148154907,3,49,4,3,1,3,2,2.8593
146215031,3,50,4,6,1,3,3,1.8956
158133005,3,30,2,24,1,3,2,3.7731
158052304,3,23,2,22,1,1,2,3.1336
157072815,3,28,2,22,1,3,3,2.9794
154051407,3,14,2,11,1,1,2,3.6347
157112535,3,25,2,24,1,4,3,3.4307
155081603,3,16,2,11,1,3,4,2.4082
148304914,3,49,4,0,1,5,2,1.2562
157182636,3,26,2,26,1,3,3,3.2946
1380942002,3,42,3,-1,1,1,3,3.3877
1170092,3,5,1,1,1,2,4,3.6736
155051322,3,13,2,11,1,1,4,6.991
162043201,3,32,2,32,1,1,2,3.8456
154112114,3,21,2,11,1,3,2,3.3309
157182719,3,27,2,26,1,3,3,4.2107
146164913,3,49,4,3,1,4,3,1.2154
148234310,3,43,4,0,1,5,2,1.6349
150154913,3,49,4,3,1,4,4,1.1939
154071526,3,15,2,11,1,3,2,2.925
1180120,3,5,1,1,1,4,2,3.043
146084506,3,45,4,1,1,4,3,2.6621
153161736,3,17,2,16,1,3,3,2.7232
154141511,3,15,2,13,1,4,2,2.1722
1420738027,3,38,3,-1,1,4,2,3.1949
1381329040,3,29,3,-1,1,4,3,2.3378
148074522,3,45,4,1,1,2,2,0.687
154141504,3,15,2,13,1,4,2,3.8615
157082835,3,28,2,22,1,4,3,3.6937
1160815,3,3,1,2,1,4,3,2.3243
155122124,3,21,2,11,1,3,4,3.3742
153112027,3,20,2,11,1,3,3,3.4601
148154926,3,49,4,3,1,3,2,1.6371
1401328035,3,28,3,-1,1,4,4,2.4626
1170355,3,3,1,2,1,4,4,2.8323
1180009,3,1,1,1,1,1,2,2.7256
146234316,3,43,4,0,1,5,3,2.2131
146304919,3,49,4,0,1,5,3,1.0816
1030603,2,6,1,-1,1,-1,3,2.2538
1380535012,3,35,3,-1,1,3,3,7.9432
1160763,3,3,1,2,1,3,3,5.5442
1180013,3,1,1,1,1,1,2,2.2584
150310108,3,1,4,0,1,5,4,1.3064
148154930,3,49,4,3,1,3,2,2.4716
150144919,3,49,4,3,1,3,4,1.5314
1030611,2,6,1,-1,1,-1,3,1.0996
146215043,3,50,4,6,1,3,3,3.0476
1060310,2,3,1,-1,1,-1,2,2.2924
148034327,3,43,4,1,1,1,2,1.1927
154132109,3,21,2,12,1,4,2,4.2515
1420941034,3,41,3,-1,1,1,2,3.6643
158072834,3,28,2,22,1,3,2,2.9114
1060521,2,5,1,-1,1,-1,2,3.5147
1381329030,3,29,3,-1,1,4,3,3.2494
150144910,3,49,4,3,1,3,4,1.9314
159052219,3,22,2,22,1,1,4,3.4001
159072826,3,28,2,22,1,3,4,1.8564
158192734,3,27,2,26,1,3,2,2.3536
1421328022,3,28,3,-1,1,4,2,2.7074
154132006,3,20,2,12,1,4,2,3.7776
162043223,3,32,2,32,1,1,2,3.1722
1421328006,3,28,3,-1,1,4,2,2.5419
1160533,3,5,1,1,1,2,3,2.5329
154132108,3,21,2,12,1,4,2,3.3536
158133029,3,30,2,24,1,3,2,3.7096
158062234,3,22,2,22,1,2,2,3.6189
1400536019,3,36,3,-1,1,3,4,2.4501
148304935,3,49,4,0,1,5,2,1.941
157112525,3,25,2,24,1,4,3,3.0134
150144936,3,49,4,3,1,3,4,1.9626
155122109,3,21,2,11,1,3,4,4.3334
150074510,3,45,4,1,1,4,4,1.6376
163053203,3,32,2,32,1,3,4,7.4501
150234406,3,44,4,0,1,5,4,2.6126
1050114,2,1,1,-1,1,-1,4,3.3439
146215012,3,50,4,6,1,3,3,1.6167
148144824,3,48,4,2,1,4,2,2.0838
155181926,3,19,2,16,1,3,4,2.5216
1030521,2,5,1,-1,1,-1,3,1.8003
1401229012,3,29,3,-1,1,3,4,2.5126
148154924,3,49,4,3,1,3,2,0.9274
146154930,3,49,4,3,1,3,3,2.4988
1160470,3,1,1,1,1,1,3,2.3946
157123006,3,30,2,24,1,3,3,3.8116
158143017,3,30,2,24,1,4,2,4.0951
153051441,3,14,2,11,1,1,3,4.5917
161053211,3,32,2,32,1,3,3,3.0701
157062227,3,22,2,22,1,2,3,3.1359
148034308,3,43,4,1,1,1,2,1.009
1401229023,3,29,3,-1,1,3,4,2.8064
150284844,3,48,4,0,1,5,4,2.2689
1381229033,3,29,3,-1,1,3,3,2.916
154051417,3,14,2,11,1,1,2,3.4193
1401328027,3,28,3,-1,1,4,4,2.3251
148215044,3,50,4,6,1,3,2,3.0453
148074507,3,45,4,1,1,2,2,2.8729
1401229006,3,29,3,-1,1,3,4,2.7939
159062328,3,23,2,22,1,2,4,2.9564
157133103,3,31,2,24,1,4,3,2.6302
158052338,3,23,2,22,1,1,2,3.3717
1160464,3,1,1,1,1,1,3,3.0522
1160780,3,3,1,2,1,3,3,2.3991
146304922,3,49,4,0,1,5,3,1.3355
150234407,3,44,4,0,1,5,4,1.4501
150064530,3,45,4,1,1,2,4,1.5751
153071628,3,16,2,11,1,3,3,4.0089
1160768,3,3,1,2,1,3,3,3.3665
161043221,3,32,2,32,1,1,3,2.2356
158122509,3,25,2,24,1,4,2,3.4284
159192715,3,27,2,26,1,3,4,5.4689
150295014,3,50,4,0,1,5,4,1.9939
150034327,3,43,4,1,1,1,4,1.3501
1030503,2,5,1,-1,1,-1,3,3.2107
150144907,3,49,4,3,1,3,4,2.8564
146034311,3,43,4,1,1,1,3,1.5918
153112011,3,20,2,11,1,3,3,2.501
154132023,3,20,2,12,1,4,2,3.6506
146154926,3,49,4,3,1,3,3,1.7051
148034322,3,43,4,1,1,1,2,1.0884
1421228007,3,28,3,-1,1,3,2,2.941
157082803,3,28,2,22,1,4,3,3.0656
148234323,3,43,4,0,1,5,2,0.8775
148154916,3,49,4,3,1,3,2,1.9931
148134816,3,48,4,2,1,3,2,2.0317
157082825,3,28,2,22,1,4,3,2.3626
146295046,3,50,4,0,1,5,3,2.4512
159062209,3,22,2,22,1,2,4,3.8626
157133105,3,31,2,24,1,4,3,3.0565
150064543,3,45,4,1,1,2,4,1.8501
159122415,3,24,2,24,1,4,4,2.9001
157072915,3,29,2,22,1,3,3,2.7277
150284817,3,48,4,0,1,5,4,1.7001
1050315,2,3,1,-1,1,-1,4,2.7939
150284806,3,48,4,0,1,5,4,2.8189
1421229016,3,29,3,-1,1,3,2,3.2834
148295011,3,50,4,0,1,5,2,1.628
150295004,3,50,4,0,1,5,4,2.8439
150254611,3,46,4,0,1,5,4,1.3064
148154931,3,49,4,3,1,3,2,1.5464
159082833,3,28,2,22,1,4,4,2.2564
1060609,2,6,1,-1,1,-1,2,2.4081
154181719,3,17,2,16,1,3,2,2.6982
148244428,3,44,4,0,1,5,2,1.8661
146084527,3,45,4,1,1,4,3,1.4421
148284832,3,48,4,0,1,5,2,2.2652
153171705,3,17,2,16,1,4,3,3.2878
161043216,3,32,2,32,1,1,3,4.1177
148304911,3,49,4,0,1,5,2,1.941
155151631,3,16,2,13,1,4,4,2.6282
1050207,2,2,1,-1,1,-1,4,3.5626
154141522,3,15,2,13,1,4,2,1.925
148084519,3,45,4,1,1,4,2,1.6961
153131617,3,16,2,13,1,4,3,3.0316
148244423,3,44,4,0,1,5,2,1.365
154141524,3,15,2,13,1,4,2,2.4669
1380535026,3,35,3,-1,1,3,3,3.8616
161053217,3,32,2,32,1,3,3,2.4692
1170375,3,4,1,2,1,4,4,3.279
148264635,3,46,4,0,1,5,2,1.0385
146134830,3,48,4,2,1,3,3,1.0861
154051301,3,13,2,11,1,1,2,5.6483
1420535010,3,35,3,-1,1,3,2,5.136
146074545,3,45,4,1,1,2,3,2.3219
146295006,3,50,4,0,1,5,3,2.8321
153122025,3,20,2,12,1,4,3,2.5644
148074538,3,45,4,1,1,2,2,1.6144
159072927,3,29,2,22,1,3,4,2.9314
1400637024,3,37,3,-1,1,3,4,5.6251
159192608,3,26,2,26,1,3,4,3.3939
1060510,2,5,1,-1,1,-1,2,3.4398
1060405,2,4,1,-1,1,-1,2,1.7278
154112010,3,20,2,11,1,3,2,3.5032
1170029,3,2,1,1,1,1,4,2.9593
155191922,3,19,2,16,1,4,4,2.8572
1381228038,3,28,3,-1,1,3,3,3.0634
1421228016,3,28,3,-1,1,3,2,2.7256
146144830,3,48,4,2,1,4,3,1.7528
146264604,3,46,4,0,1,5,3,2.3877
148164940,3,49,4,3,1,4,2,1.7868
1421228003,3,28,3,-1,1,3,2,2.7573
155191720,3,17,2,16,1,4,4,3.0704
1381329007,3,29,3,-1,1,4,3,3.0702
146284816,3,48,4,0,1,5,3,2.2017
1060818,2,8,1,-1,1,-1,2,2.9319
146154911,3,49,4,3,1,3,3,1.5668
1420536013,3,36,3,-1,1,3,2,3.8661
158062307,3,23,2,22,1,2,2,4.6551
159122411,3,24,2,24,1,4,4,4.9939
155151522,3,15,2,13,1,4,4,2.0069
1381229008,3,29,3,-1,1,3,3,4.2426
146084541,3,45,4,1,1,4,3,1.5056
1050202,2,2,1,-1,1,-1,4,3.0501
150034340,3,43,4,1,1,1,4,1.3376
153051339,3,13,2,11,1,1,3,3.0951
1180131,3,5,1,1,1,4,2,3.0861
154112110,3,21,2,11,1,3,2,2.7322
148134801,3,48,4,2,1,3,2,2.102
153122036,3,20,2,12,1,4,3,3.2243
157182741,3,27,2,26,1,3,3,2.8978
1160456,3,1,1,1,1,1,3,3.0476
154141625,3,16,2,13,1,4,2,2.9023
146244420,3,44,4,0,1,5,3,1.3378
150074544,3,45,4,1,1,4,4,1.8501
1400638001,3,38,3,-1,1,3,4,2.6189
154181731,3,17,2,16,1,3,2,2.501
146264607,3,46,4,0,1,5,3,2.4716
158133115,3,31,2,24,1,3,2,2.9363
153122120,3,21,2,12,1,4,3,3.3536
157072833,3,28,2,22,1,3,3,2.9205
148274711,3,47,4,0,1,5,2,1.7278
153171738,3,17,2,16,1,4,3,3.0973
153051433,3,14,2,11,1,1,3,3.0973
150304917,3,49,4,0,1,5,4,2.0314
148074544,3,45,4,1,1,2,2,1.3174
1050512,2,5,1,-1,1,-1,4,2.9814
1380941016,3,41,3,-1,1,1,3,2.1927
1420941009,3,41,3,-1,1,1,2,2.526
150234436,3,44,4,0,1,5,4,1.4689
154132101,3,21,2,12,1,4,2,4.2873
1420737038,3,37,3,-1,1,4,2,4.9228
146304947,3,49,4,0,1,5,3,1.5759
1060611,2,6,1,-1,1,-1,2,2.4444
157052227,3,22,2,22,1,1,3,3.7731
153051403,3,14,2,11,1,1,3,3.8184
157072827,3,28,2,22,1,3,3,2.6438
146164938,3,49,4,3,1,4,3,2.2856
1420941005,3,41,3,-1,1,1,2,2.2652
150205028,3,50,4,6,1,3,4,2.0439
150134845,3,48,4,2,1,4,4,1.2126
158052324,3,23,2,22,1,1,2,5.052
146134844,3,48,4,2,1,3,3,1.6462
155151535,3,15,2,13,1,4,4,3.0612
1380738022,3,38,3,-1,1,4,3,2.7505
163083310,3,33,2,34,1,4,4,2.7064
161053231,3,32,2,32,1,3,3,2.7028
158133108,3,31,2,24,1,3,2,3.0883
150134846,3,48,4,2,1,4,4,1.6814
158072826,3,28,2,22,1,3,2,2.1767
150284808,3,48,4,0,1,5,4,1.6939
148264637,3,46,4,0,1,5,2,1.365
148144825,3,48,4,2,1,4,2,1.7482
153122018,3,20,2,12,1,4,3,3.6937
150284832,3,48,4,0,1,5,4,1.6376
157133014,3,30,2,24,1,4,3,3.1654
1160787,3,4,1,2,1,3,3,3.8662
1381229024,3,29,3,-1,1,3,3,2.7868
1421228021,3,28,3,-1,1,3,2,2.6847
153112013,3,20,2,11,1,3,3,2.7753
150284821,3,48,4,0,1,5,4,1.7564
1401328008,3,28,3,-1,1,4,4,2.8564
1421328015,3,28,3,-1,1,4,2,2.3197
148304936,3,49,4,0,1,5,2,1.399
153171731,3,17,2,16,1,4,3,2.501
1060210,2,2,1,-1,1,-1,2,3.7029
146295003,3,50,4,0,1,5,3,2.2834
154071503,3,15,2,11,1,3,2,2.0293
148295035,3,50,4,0,1,5,2,2.5691
148034309,3,43,4,1,1,1,2,1.3718
153122024,3,20,2,12,1,4,3,2.2651
159052231,3,22,2,22,1,1,4,2.6439
158192703,3,27,2,26,1,3,2,3.1313
158143122,3,31,2,24,1,4,2,3.6211
1420638036,3,38,3,-1,1,3,2,3.4104
146034330,3,43,4,1,1,1,3,1.7369
157133011,3,30,2,24,1,4,3,7.5327
1380941030,3,41,3,-1,1,1,3,2.6099
1381328035,3,28,3,-1,1,4,3,2.4671
150304927,3,49,4,0,1,5,4,1.6314
1400942041,3,42,3,-1,1,1,4,5.1814
148304943,3,49,4,0,1,5,2,2.1881
157112439,3,24,2,24,1,4,3,3.4329
150295012,3,50,4,0,1,5,4,1.8751
154132001,3,20,2,12,1,4,2,4.6347
158122404,3,24,2,24,1,4,2,2.9635
153122132,3,21,2,12,1,4,3,2.3286
146264614,3,46,4,0,1,5,3,0.9092
1180090,3,5,1,1,1,2,2,3.8163
153161907,3,19,2,16,1,3,3,5.2538
148244420,3,44,4,0,1,5,2,1.3287
153122038,3,20,2,12,1,4,3,2.179
1030208,2,2,1,-1,1,-1,3,3.3422
150254608,3,46,4,0,1,5,4,1.6126
148234341,3,43,4,0,1,5,2,1.424
155081514,3,15,2,11,1,3,4,2.9728
148310135,3,1,4,0,1,5,2,1.3718
148304912,3,49,4,0,1,5,2,1.5419
162033315,3,33,2,31,1,3,2,3.764
155181709,3,17,2,16,1,3,4,3.5964
155051313,3,13,2,11,1,1,4,2.4785
1420738011,3,38,3,-1,1,4,2,3.3877
1180024,3,2,1,1,1,1,2,3.1881
154171907,3,19,2,16,1,4,2,5.2538
1420737014,3,37,3,-1,1,4,2,2.3491
159133039,3,30,2,24,1,3,4,4.1626
1420737018,3,37,3,-1,1,4,2,3.7936
150064526,3,45,4,1,1,2,4,1.4314
153051335,3,13,2,11,1,1,3,3.2062
1400638040,3,38,3,-1,1,3,4,2.3376
155181927,3,19,2,16,1,3,4,1.8799
154051333,3,13,2,11,1,1,2,2.705
150154917,3,49,4,3,1,4,4,1.0626
158072904,3,29,2,22,1,3,2,2.9114
148164934,3,49,4,3,1,4,2,1.7278
148144841,3,48,4,2,1,4,2,2.5782
150234433,3,44,4,0,1,5,4,1.8751
1180364,3,4,1,2,1,4,2,2.8095
1380738038,3,38,3,-1,1,4,3,2.3537
157082940,3,29,2,22,1,4,3,2.5055
158052310,3,23,2,22,1,1,2,3.9114
150064521,3,45,4,1,1,2,4,1.5501
150205032,3,50,4,6,1,3,4,2.4251
1381328037,3,28,3,-1,1,4,3,3.365
153161933,3,19,2,16,1,3,3,3.4669
1400738008,3,38,3,-1,1,4,4,3.4314
150154902,3,49,4,3,1,4,4,2.7501
148264620,3,46,4,0,1,5,2,1.0589
150064515,3,45,4,1,1,2,4,1.7064
1380535011,3,35,3,-1,1,3,3,4.0612
153051405,3,14,2,11,1,1,3,3.5486
1060607,2,6,1,-1,1,-1,2,2.585
157112528,3,25,2,24,1,4,3,3.3195
150064540,3,45,4,1,1,2,4,1.5126
153122030,3,20,2,12,1,4,3,2.0951
159133012,3,30,2,24,1,3,4,2.5626
1400535017,3,35,3,-1,1,3,4,2.9376
150205022,3,50,4,6,1,3,4,1.4001
153131506,3,15,2,13,1,4,3,3.0815
150264701,3,47,4,0,1,5,4,3.6314
157072934,3,29,2,22,1,3,3,4.6824
157112427,3,24,2,24,1,4,3,2.9431
1400942017,3,42,3,-1,1,1,4,0.5689
148274738,3,47,4,0,1,5,2,1.6711
158192621,3,26,2,26,1,3,2,2.832
157082914,3,29,2,22,1,4,3,2.9205
146284858,3,48,4,0,1,5,3,1.2584
155151527,3,15,2,13,1,4,4,2.635
148044335,3,43,4,1,1,3,2,1.8525
155051407,3,14,2,11,1,1,4,3.7166
1400638023,3,38,3,-1,1,3,4,3.0376
146234334,3,43,4,0,1,5,3,1.619
1050722,2,7,1,-1,1,-1,4,4.1939
148234319,3,43,4,0,1,5,2,1.0181
157072939,3,29,2,22,1,3,3,5.2152
163033328,3,33,2,31,1,3,4,3.7314
153071610,3,16,2,11,1,3,3,2.5962
163033324,3,33,2,31,1,3,4,3.2939
163083332,3,33,2,34,1,4,4,3.0501
150254615,3,46,4,0,1,5,4,1.1751
150295024,3,50,4,0,1,5,4,2.6501
150134801,3,48,4,2,1,4,4,2.0939
153051434,3,14,2,11,1,1,3,3.3536
1400638033,3,38,3,-1,1,3,4,2.4189
1060509,2,5,1,-1,1,-1,2,4.789
158082837,3,28,2,22,1,4,2,2.4941
1380536008,3,36,3,-1,1,3,3,4.9206
159062202,3,22,2,22,1,2,4,3.0439
150224315,3,43,4,0,1,5,4,2.3001
158052329,3,23,2,22,1,1,2,2.9998
146264628,3,46,4,0,1,5,3,1.3582
155151610,3,16,2,13,1,4,4,2.6781
148084501,3,45,4,1,1,4,2,2.8979
163053212,3,32,2,32,1,3,4,3.7189
148295014,3,50,4,0,1,5,2,2.1473
150304914,3,49,4,0,1,5,4,1.2626
1421228026,3,28,3,-1,1,3,2,2.0906
1381228019,3,28,3,-1,1,3,3,2.5169
1030609,2,6,1,-1,1,-1,3,2.3649
1180052,3,1,1,1,1,3,2,2.272
157112534,3,25,2,24,1,4,3,4.7731
148264621,3,46,4,0,1,5,2,0.9977
1381228023,3,28,3,-1,1,3,3,2.7029
146234325,3,43,4,0,1,5,3,2.1813
154141603,3,16,2,13,1,4,2,2.3263
1420942033,3,42,3,-1,1,1,2,4.39
148044336,3,43,4,1,1,3,2,1.4376
148074540,3,45,4,1,1,2,2,1.5124
1400942002,3,42,3,-1,1,1,4,3.3751
158143118,3,31,2,24,1,4,2,3.8139
1421228028,3,28,3,-1,1,3,2,2.7936
155051314,3,13,2,11,1,1,4,2.4059
146244405,3,44,4,0,1,5,3,2.5464
157082928,3,29,2,22,1,4,3,2.4533
153161701,3,17,2,16,1,3,3,5.0474
148321116,3,11,4,0,1,5,2,2.1224
161083311,3,33,2,34,1,4,3,3.4443
159062228,3,22,2,22,1,2,4,3.1501
150154904,3,49,4,3,1,4,4,2.6126
157133022,3,30,2,24,1,4,3,3.1177
154181711,3,17,2,16,1,3,2,2.8434
1030224,2,2,1,-1,1,-1,3,1.8955
162033332,3,33,2,31,1,3,2,2.8411
1180327,3,4,1,2,1,3,2,3.5668
146044323,3,43,4,1,1,3,3,0.8911
154071627,3,16,2,11,1,3,2,3.247
1030221,2,2,1,-1,1,-1,3,1.6824
153161729,3,17,2,16,1,3,3,3.0542
153051311,3,13,2,11,1,1,3,3.3082
155181733,3,17,2,16,1,3,4,3.3311
161043222,3,32,2,32,1,1,3,2.374
154071527,3,15,2,11,1,3,2,2.5531
146215047,3,50,4,6,1,3,3,1.6666
153112020,3,20,2,11,1,3,3,2.7209
154171922,3,19,2,16,1,4,2,2.7753
155191915,3,19,2,16,1,4,4,2.22
155142115,3,21,2,12,1,4,4,3.2654
1030423,2,4,1,-1,1,-1,3,3.9023
1400535036,3,35,3,-1,1,3,4,3.1689
158143106,3,31,2,24,1,4,2,3.9545
150134823,3,48,4,2,1,4,4,1.0939
1160541,3,5,1,1,1,2,3,3.8186
1060101,2,1,1,-1,1,-1,2,5.7528
158122408,3,24,2,24,1,4,2,3.637
153051412,3,14,2,11,1,1,3,2.9273
1050106,2,1,1,-1,1,-1,4,2.9689
157182723,3,27,2,26,1,3,3,3.3966
1380941018,3,41,3,-1,1,1,3,1.7641
153112035,3,20,2,11,1,3,3,2.9046
163083327,3,33,2,34,1,4,4,2.7814
1401329038,3,29,3,-1,1,4,4,5.0189
146284811,3,48,4,0,1,5,3,1.8208
158082918,3,29,2,22,1,4,2,2.6347
153112018,3,20,2,11,1,3,3,3.6937
154141507,3,15,2,13,1,4,2,2.7957
1030305,2,3,1,-1,1,-1,3,3.2606
158122416,3,24,2,24,1,4,2,2.6824
150224326,3,43,4,0,1,5,4,1.3251
1160518,3,2,1,1,1,3,3,3.4195
146044344,3,43,4,1,1,3,3,1.7936
1420535029,3,35,3,-1,1,3,2,2.9024
155181925,3,19,2,16,1,3,4,2.796
154171920,3,19,2,16,1,4,2,2.1404
148134847,3,48,4,2,1,3,2,1.1881
1180016,3,1,1,1,1,1,2,2.4376
154181934,3,19,2,16,1,3,2,2.1971
153122114,3,21,2,12,1,4,3,3.3309
155051422,3,14,2,11,1,1,4,2.7756
155142020,3,20,2,12,1,4,4,2.8028
1420638030,3,38,3,-1,1,3,2,2.6598
1380941006,3,41,3,-1,1,1,3,2.8117
146044302,3,43,4,1,1,3,3,2.2131
153051410,3,14,2,11,1,1,3,2.4148
146274719,3,47,4,0,1,5,3,1.5895
150234426,3,44,4,0,1,5,4,1.7064
148164932,3,49,4,3,1,4,2,1.8752
158052214,3,22,2,22,1,1,2,3.5372
150321101,3,11,4,0,1,5,4,2.4001
150034332,3,43,4,1,1,1,4,1.2689
1060424,2,4,1,-1,1,-1,2,5.3582
150254646,3,46,4,0,1,5,4,0.6626
158072916,3,29,2,22,1,3,2,3.1585
146154920,3,49,4,3,1,3,3,1.6394
146310119,3,1,4,0,1,5,3,1.4693
150154929,3,49,4,3,1,4,4,2.4689
148084541,3,45,4,1,1,4,2,1.5124
155142117,3,21,2,12,1,4,4,3.5261
1170117,3,5,1,1,1,4,4,4.1679
159082824,3,28,2,22,1,4,4,2.3376
1401328040,3,28,3,-1,1,4,4,2.7876
150254603,3,46,4,0,1,5,4,2.9564
148154917,3,49,4,3,1,3,2,1.941
1421228011,3,28,3,-1,1,3,2,3.1473
1421329004,3,29,3,-1,1,4,2,3.3945
1400737028,3,37,3,-1,1,4,4,3.3126
155122025,3,20,2,11,1,3,4,2.6463
162053206,3,32,2,32,1,3,2,3.3898
148034310,3,43,4,1,1,1,2,1.6439
148295006,3,50,4,0,1,5,2,3.0974
1050515,2,5,1,-1,1,-1,4,4.0314
153071620,3,16,2,11,1,3,3,4.2356
157052233,3,22,2,22,1,1,3,2.6302
146304941,3,49,4,0,1,5,3,1.8208
150205034,3,50,4,6,1,3,4,1.0251
155191930,3,19,2,16,1,4,4,2.0228
163033331,3,33,2,31,1,3,4,2.2001
150064516,3,45,4,1,1,2,4,1.8564
1050316,2,3,1,-1,1,-1,4,3.3689
158192634,3,26,2,26,1,3,2,3.0384
153071606,3,16,2,11,1,3,3,2.7164
148034331,3,43,4,1,1,1,2,0.8571
153071612,3,16,2,11,1,3,3,3.408
154051316,3,13,2,11,1,1,2,3.5849
158082826,3,28,2,22,1,4,2,2.1903
148164902,3,49,4,3,1,4,2,2.721
161043237,3,32,2,32,1,1,3,2.2311
155122136,3,21,2,11,1,3,4,2.4763
157123030,3,30,2,24,1,3,3,3.7073
153051304,3,13,2,11,1,1,3,3.832
1170370,3,4,1,2,1,4,4,2.8096
1400536021,3,36,3,-1,1,3,4,4.6001
158143110,3,31,2,24,1,4,2,2.9409
157182702,3,27,2,26,1,3,3,3.0815
1400637017,3,37,3,-1,1,3,4,3.1876
148304901,3,49,4,0,1,5,2,2.1065
159122504,3,25,2,24,1,4,4,2.9501
146074536,3,45,4,1,1,2,3,1.551
1401228024,3,28,3,-1,1,3,4,2.7626
148295041,3,50,4,0,1,5,2,2.6643
161033309,3,33,2,31,1,3,3,2.3263
162083318,3,33,2,34,1,4,2,2.3263
146154916,3,49,4,3,1,3,3,2.0294
153051301,3,13,2,11,1,1,3,5.6483
153171710,3,17,2,16,1,4,3,3.3944
1060806,2,8,1,-1,1,-1,2,3.6711
150064508,3,45,4,1,1,2,4,1.5314
150034308,3,43,4,1,1,1,4,1.0189
148044303,3,43,4,1,1,3,2,2.6961
155181938,3,19,2,16,1,3,4,2.6894
155181934,3,19,2,16,1,3,4,2.2789
158082820,3,28,2,22,1,4,2,4.7368
158072810,3,28,2,22,1,3,2,3.0044
159062206,3,22,2,22,1,2,4,4.5876
150034324,3,43,4,1,1,1,4,0.8689
153112008,3,20,2,11,1,3,3,3.3105
1420738005,3,38,3,-1,1,4,2,2.3695
158143023,3,30,2,24,1,4,2,3.4261
153161905,3,19,2,16,1,3,3,2.6075
1060404,2,4,1,-1,1,-1,2,3.9228
153071623,3,16,2,11,1,3,3,2.3468
146144829,3,48,4,2,1,4,3,2.4852
1380737023,3,37,3,-1,1,4,3,3.3265
146084525,3,45,4,1,1,4,3,1.8911
150304920,3,49,4,0,1,5,4,1.5564
154132033,3,20,2,12,1,4,2,3.6302
153122139,3,21,2,12,1,4,3,3.4171
158122414,3,24,2,24,1,4,2,3.0905
157123117,3,31,2,24,1,3,3,3.1676
146295024,3,50,4,0,1,5,3,1.272
146164936,3,49,4,3,1,4,3,1.8208
154112001,3,20,2,11,1,3,2,4.6347
146044314,3,43,4,1,1,3,3,1.2312
1030218,2,2,1,-1,1,-1,3,1.9431
150310103,3,1,4,0,1,5,4,2.5189
159143117,3,31,2,24,1,4,4,3.7689
161083313,3,33,2,34,1,4,3,3.1041
155191933,3,19,2,16,1,4,4,3.5488
1160778,3,3,1,2,1,3,3,2.9547
1420536014,3,36,3,-1,1,3,2,2.9818
1400941016,3,41,3,-1,1,1,4,2.1939
148164938,3,49,4,3,1,4,2,2.2312
148264629,3,46,4,0,1,5,2,1.9795
1380737004,3,37,3,-1,1,4,3,4.0612
148134840,3,48,4,2,1,3,2,2.1949
1160472,3,2,1,1,1,1,3,2.9343
157082903,3,29,2,22,1,4,3,2.8366
1170070,3,2,1,1,1,3,4,3.8028
154181914,3,19,2,16,1,3,2,3.3332
153122104,3,21,2,12,1,4,3,2.501
146134821,3,48,4,2,1,3,3,2.238
1380941002,3,41,3,-1,1,1,3,2.2584
154171910,3,19,2,16,1,4,2,2.6211
157062222,3,22,2,22,1,2,3,3.1699
1050317,2,3,1,-1,1,-1,4,3.2814
150254639,3,46,4,0,1,5,4,1.2189
159082911,3,29,2,22,1,4,4,4.3939
1050717,2,7,1,-1,1,-1,4,2.8376
150044347,3,43,4,1,1,3,4,1.3189
1050718,2,7,1,-1,1,-1,4,2.7876
158192612,3,26,2,26,1,3,2,3.9613
148244436,3,44,4,0,1,5,2,1.653
1400536023,3,36,3,-1,1,3,4,3.5564
1400637026,3,37,3,-1,1,3,4,4.9376
150144941,3,49,4,3,1,3,4,1.0751
157112410,3,24,2,24,1,4,3,3.2243
1381329034,3,29,3,-1,1,4,3,3.4058
159122524,3,25,2,24,1,4,4,2.8626
154132013,3,20,2,12,1,4,2,2.7753
148264603,3,46,4,0,1,5,2,2.9614
1180073,3,2,1,1,1,3,2,2.3378
1060206,2,2,1,-1,1,-1,2,3.4761
1380638030,3,38,3,-1,1,3,3,2.6983
148144827,3,48,4,2,1,4,2,1.789
1380536036,3,36,3,-1,1,3,3,3.653
153171920,3,19,2,16,1,4,3,2.1404
155122032,3,20,2,11,1,3,4,3.5216
153171701,3,17,2,16,1,4,3,5.0474
148295005,3,50,4,0,1,5,2,2.6349
150284815,3,48,4,0,1,5,4,2.0251
155081532,3,15,2,11,1,3,4,2.5601
153171914,3,19,2,16,1,4,3,3.3332
1401228040,3,28,3,-1,1,3,4,2.7876
1420536026,3,36,3,-1,1,3,2,3.458
150134817,3,48,4,2,1,4,4,1.2126
146284803,3,48,4,0,1,5,3,2.8661
146234342,3,43,4,0,1,5,3,1.594
148295016,3,50,4,0,1,5,2,2.3832
157052312,3,23,2,22,1,1,3,2.671
1400942028,3,42,3,-1,1,1,4,1.6001
159062308,3,23,2,22,1,2,4,3.6876
148134817,3,48,4,2,1,3,2,2.2267
155122033,3,20,2,11,1,3,4,3.7121
159052340,3,23,2,22,1,1,4,3.5751
146310120,3,1,4,0,1,5,3,1.3877
153171937,3,19,2,16,1,4,3,3.0542
146295025,3,50,4,0,1,5,3,1.2131
146274737,3,47,4,0,1,5,3,2.6326
148321129,3,11,4,0,1,5,2,2.9183
1380637021,3,37,3,-1,1,3,3,4.3242
158133127,3,31,2,24,1,3,2,3.603
1420737021,3,37,3,-1,1,4,2,4.3673
154181933,3,19,2,16,1,3,2,3.4669
154051317,3,13,2,11,1,1,2,3.5282
1380941039,3,41,3,-1,1,1,3,2.3265
146304937,3,49,4,0,1,5,3,1.9614
157052307,3,23,2,22,1,1,3,4.6393
159192708,3,27,2,26,1,3,4,2.8064
155151608,3,16,2,13,1,4,4,2.4105
146034316,3,43,4,1,1,1,3,2.2131
158072827,3,28,2,22,1,3,2,2.4102
159082938,3,29,2,22,1,4,4,5.2314
159133022,3,30,2,24,1,3,4,3.1251
1421328038,3,28,3,-1,1,4,2,2.3219
146164904,3,49,4,3,1,4,3,2.585
157123007,3,30,2,24,1,3,3,4.2674
158072905,3,29,2,22,1,3,2,3.501
155191920,3,19,2,16,1,4,4,2.2223
159192739,3,27,2,26,1,3,4,2.4564
1060216,2,2,1,-1,1,-1,2,2.6938
159082909,3,29,2,22,1,4,4,2.7064
1160810,3,3,1,2,1,4,3,2.4513
1380535007,3,35,3,-1,1,3,3,3.8389
1420738030,3,38,3,-1,1,4,2,2.2176
153051426,3,14,2,11,1,1,3,2.6483
1401229013,3,29,3,-1,1,3,4,2.6439
159122509,3,25,2,24,1,4,4,3.4251
146154943,3,49,4,3,1,3,3,3.3083
1160519,3,2,1,1,1,3,3,2.9592
155191917,3,19,2,16,1,4,4,2.6146
1420638004,3,38,3,-1,1,3,2,2.3333
155051412,3,14,2,11,1,1,4,3.0091
159072836,3,28,2,22,1,3,4,2.6064
148154928,3,49,4,3,1,3,2,1.4965
157062330,3,23,2,22,1,2,3,3.5576
155151521,3,15,2,13,1,4,4,2.1769
162083311,3,33,2,34,1,4,2,3.4511
153161906,3,19,2,16,1,3,3,3.8864
154112113,3,21,2,11,1,3,2,2.8411
158122436,3,24,2,24,1,4,2,3.3876
150064547,3,45,4,1,1,2,4,1.6189
148284852,3,48,4,0,1,5,2,2.272
1380941026,3,41,3,-1,1,1,3,2.238
148284802,3,48,4,0,1,5,2,2.331
153071501,3,15,2,11,1,3,3,3.1812
1060608,2,6,1,-1,1,-1,2,2.5101
159082918,3,29,2,22,1,4,4,2.5814
148264633,3,46,4,0,1,5,2,1.3741
150144905,3,49,4,3,1,3,4,2.6314
150295003,3,50,4,0,1,5,4,2.5564
150064541,3,45,4,1,1,2,4,1.9751
150254632,3,46,4,0,1,5,4,1.1189
154181917,3,19,2,16,1,3,2,2.5327
163043212,3,32,2,32,1,1,4,3.1814
1401228022,3,28,3,-1,1,3,4,2.6689
1381329021,3,29,3,-1,1,4,3,3.9251
159052221,3,22,2,22,1,1,4,3.9126
158143027,3,30,2,24,1,4,2,3.349
1380535036,3,35,3,-1,1,3,3,3.1564
1180310,3,3,1,2,1,3,2,2.4262
146034313,3,43,4,1,1,1,3,1.2993
1400941008,3,41,3,-1,1,1,4,1.7064
1420535038,3,35,3,-1,1,3,2,4.2607
157182613,3,26,2,26,1,3,3,3.9658
1421229035,3,29,3,-1,1,3,2,3.0317
148274742,3,47,4,0,1,5,2,1.9841
154112132,3,21,2,11,1,3,2,2.3286
157072933,3,29,2,22,1,3,3,2.9295
163043207,3,32,2,32,1,1,4,3.6251
1060719,2,7,1,-1,1,-1,2,7.6485
146295027,3,50,4,0,1,5,3,2.3786
146215023,3,50,4,6,1,3,3,1.2562
1420535023,3,35,3,-1,1,3,2,3.0997
158192737,3,27,2,26,1,3,2,3.0089
1170077,3,5,1,1,1,2,4,6.9343
148044342,3,43,4,1,1,3,2,2.17
1381329005,3,29,3,-1,1,4,3,3.2222
150044337,3,43,4,1,1,3,4,1.4064
162053211,3,32,2,32,1,3,2,3.0565
154141505,3,15,2,13,1,4,2,2.8411
131471114,2,47,4,11,-1,-1,2,1.9115
135131205,2,13,2,12,-1,-1,4,3.3064
135151413,2,15,2,14,-1,-1,4,2.4314
131442139,2,44,4,21,-1,-1,2,1.7573
133181105,2,18,2,11,-1,-1,3,3.0045
131471105,2,47,4,11,-1,-1,2,2.7732
131441138,2,44,4,11,-1,-1,2,1.6598
135242608,2,24,2,26,-1,-1,4,3.1939
135252103,2,25,2,21,-1,-1,4,5.3064
133252203,2,25,2,22,-1,-1,3,3.9455
130461218,2,46,4,12,-1,-1,3,1.2902
134282506,2,28,2,25,-1,-1,2,2.7482
132451133,2,45,4,11,-1,-1,4,1.4564
133302603,2,30,2,26,-1,-1,3,2.8639
134252106,2,25,2,21,-1,-1,2,2.9841
131431127,2,43,4,11,-1,-1,2,2.17
132011424,2,1,4,14,-1,-1,4,1.1751
132442143,2,44,4,21,-1,-1,4,3.3126
131112517,2,11,4,25,-1,-1,2,1.6507
130462206,2,46,4,22,-1,-1,3,2.3061
132491308,2,49,4,13,-1,-1,4,2.8439
131011437,2,1,4,14,-1,-1,2,1.2856
133151304,2,15,2,13,-1,-1,3,3.7936
131112514,2,11,4,25,-1,-1,2,1.4943
131011403,2,1,4,14,-1,-1,2,2.2902
133191204,2,19,2,12,-1,-1,3,4.6643
130111551,2,11,4,15,-1,-1,3,2.6485
133343612,2,34,2,36,-1,-1,3,3.7641
133242111,2,24,2,21,-1,-1,3,3.0067
134333109,2,33,2,31,-1,-1,2,2.9614
131432101,2,43,4,21,-1,-1,2,1.2652
130432135,2,43,4,21,-1,-1,3,1.7074
134343616,2,34,2,36,-1,-1,2,2.1949
134282502,2,28,2,25,-1,-1,2,4.5373
131442145,2,44,4,21,-1,-1,2,2.1315
130112524,2,11,4,25,-1,-1,3,2.1292
131472143,2,47,4,21,-1,-1,2,2.1315
132492309,2,49,4,23,-1,-1,4,1.4939
134232510,2,23,2,25,-1,-1,2,3.7437
133272414,2,27,2,24,-1,-1,3,2.2154
134312212,2,31,2,22,-1,-1,2,3.8503
132011401,2,1,4,14,-1,-1,4,2.0501
135302110,2,30,2,21,-1,-1,4,3.5126
130431141,2,43,4,11,-1,-1,3,1.5305
130112525,2,11,4,25,-1,-1,3,1.7233
131442142,2,44,4,21,-1,-1,2,1.8548
131441137,2,44,4,11,-1,-1,2,1.5759
135141321,2,14,2,13,-1,-1,4,4.5376
133222419,2,22,2,24,-1,-1,3,2.9206
132431115,2,43,4,11,-1,-1,4,1.2314
134312119,2,31,2,21,-1,-1,2,4.009
132441120,2,44,4,11,-1,-1,4,1.4251
1284207,2,42,3,-1,-1,-1,4,6.2564
134292606,2,29,2,26,-1,-1,2,2.5351
135171501,2,17,2,15,-1,-1,4,3.9126
135232613,2,23,2,26,-1,-1,4,3.8189
135323219,2,32,2,32,-1,-1,4,2.5126
134302102,2,30,2,21,-1,-1,2,3.2312
133171615,2,17,2,16,-1,-1,3,6.9296
133222520,2,22,2,25,-1,-1,3,4.1156
130491346,2,49,4,13,-1,-1,3,1.5328
133181601,2,18,2,16,-1,-1,3,3.3968
134312210,2,31,2,22,-1,-1,2,3.6734
132441138,2,44,4,11,-1,-1,4,1.6001
131111550,2,11,4,15,-1,-1,2,1.4852
134343607,2,34,2,36,-1,-1,2,3.043
134211306,2,21,2,13,-1,-1,2,2.5578
130441141,2,44,4,11,-1,-1,3,1.5351
132432131,2,43,4,21,-1,-1,4,1.6376
135323312,2,32,2,33,-1,-1,4,2.9626
133151314,2,15,2,13,-1,-1,3,2.8253
131011410,2,1,4,14,-1,-1,2,1.2834
134201218,2,20,2,12,-1,-1,2,3.6326
132432117,2,43,4,21,-1,-1,4,1.6626
130012433,2,1,4,24,-1,-1,3,1.492
131441146,2,44,4,11,-1,-1,2,1.4988
131452113,2,45,4,21,-1,-1,2,1.6575
133343615,2,34,2,36,-1,-1,3,3.0657
133312110,2,31,2,21,-1,-1,3,3.9002
130492340,2,49,4,23,-1,-1,3,2.0294
132461217,2,46,4,12,-1,-1,4,2.0689
133323318,2,32,2,33,-1,-1,3,2.2788
134262312,2,26,2,23,-1,-1,2,2.9138
135131220,2,13,2,12,-1,-1,4,3.4251
132462203,2,46,4,22,-1,-1,4,2.3001
131472114,2,47,4,21,-1,-1,2,1.4058
131441145,2,44,4,11,-1,-1,2,2.1519
134201315,2,20,2,13,-1,-1,2,2.3514
133161407,2,16,2,14,-1,-1,3,2.1315
135262208,2,26,2,22,-1,-1,4,2.9064
134333108,2,33,2,31,-1,-1,2,2.9591
1274201,2,42,3,-1,-1,-1,2,3.1451
132481214,2,48,4,12,-1,-1,4,1.4501
134211417,2,21,2,14,-1,-1,2,2.3423
131491335,2,49,4,13,-1,-1,2,1.5215
133292615,2,29,2,26,-1,-1,3,3.3877
131012429,2,1,4,24,-1,-1,2,1.6439
135131202,2,13,2,12,-1,-1,4,6.8814
130111550,2,11,4,15,-1,-1,3,1.0339
133282505,2,28,2,25,-1,-1,3,2.6915
133343502,2,34,2,35,-1,-1,3,2.9818
131432117,2,43,4,21,-1,-1,2,1.6621
130501627,2,50,4,16,-1,-1,3,2.3605
132452130,2,45,4,21,-1,-1,4,1.5939
131441128,2,44,4,11,-1,-1,2,1.6825
133151303,2,15,2,13,-1,-1,3,1.9863
133131107,2,13,2,11,-1,-1,3,2.8934
133211306,2,21,2,13,-1,-1,3,2.5373
131432145,2,43,4,21,-1,-1,2,1.8072
133191105,2,19,2,11,-1,-1,3,2.6008
131502606,2,50,4,26,-1,-1,2,2.7868
131472125,2,47,4,21,-1,-1,2,1.0521
132501633,2,50,4,16,-1,-1,4,2.1001
134151301,2,15,2,13,-1,-1,2,2.9909
131472104,2,47,4,21,-1,-1,2,1.9727
135292518,2,29,2,25,-1,-1,4,2.4251
135181120,2,18,2,11,-1,-1,4,4.1439
134141220,2,14,2,12,-1,-1,2,2.5305
131492340,2,49,4,23,-1,-1,2,2.1632
132461246,2,46,4,12,-1,-1,4,1.9626
135262314,2,26,2,23,-1,-1,4,2.5751
135292509,2,29,2,25,-1,-1,4,2.5126
133242116,2,24,2,21,-1,-1,3,3.8457
133222408,2,22,2,24,-1,-1,3,4.424
135222501,2,22,2,25,-1,-1,4,7.3275
132451141,2,45,4,11,-1,-1,4,1.5939
135161416,2,16,2,14,-1,-1,4,2.5814
130482233,2,48,4,22,-1,-1,3,2.2811
130112532,2,11,4,25,-1,-1,3,2.6099
133262216,2,26,2,22,-1,-1,3,2.7936
130432148,2,43,4,21,-1,-1,3,0.975
134211317,2,21,2,13,-1,-1,2,3.3922
132431145,2,43,4,11,-1,-1,4,1.8126
131112539,2,11,4,25,-1,-1,2,1.941
134232509,2,23,2,25,-1,-1,2,3.4716
134161511,2,16,2,15,-1,-1,2,2.5147
133181604,2,18,2,16,-1,-1,3,4.4081
135201319,2,20,2,13,-1,-1,4,2.1064
134232618,2,23,2,26,-1,-1,2,3.2176
131461231,2,46,4,12,-1,-1,2,1.17
133242603,2,24,2,26,-1,-1,3,3.0906
133252109,2,25,2,21,-1,-1,3,3.2743
132462204,2,46,4,22,-1,-1,4,2.5126
131442148,2,44,4,21,-1,-1,2,1.1133
132482203,2,48,4,22,-1,-1,4,2.2689
132502620,2,50,4,26,-1,-1,4,1.5314
133252111,2,25,2,21,-1,-1,3,3.0952
131452104,2,45,4,21,-1,-1,2,2.6167
132452127,2,45,4,21,-1,-1,4,1.3876
130112509,2,11,4,25,-1,-1,3,2.6507
134232610,2,23,2,26,-1,-1,2,3.4308
1264202,2,42,3,-1,-1,-1,3,3.3695
135161404,2,16,2,14,-1,-1,4,2.7501
134312211,2,31,2,22,-1,-1,2,4.0498
133262220,2,26,2,22,-1,-1,3,2.8525
131111548,2,11,4,15,-1,-1,2,3.9024
135262305,2,26,2,23,-1,-1,4,3.3689
131462227,2,46,4,22,-1,-1,2,1.7051
131472113,2,47,4,21,-1,-1,2,1.6417
132012411,2,1,4,24,-1,-1,4,1.6626
130472132,2,47,4,21,-1,-1,3,1.7029
132112530,2,11,4,25,-1,-1,4,2.6189
133302118,2,30,2,21,-1,-1,3,3.39
133211415,2,21,2,14,-1,-1,3,2.0884
135151320,2,15,2,13,-1,-1,4,1.8751
133232512,2,23,2,25,-1,-1,3,2.5578
130432136,2,43,4,21,-1,-1,3,1.6212
132432119,2,43,4,21,-1,-1,4,1.2626
131501607,2,50,4,16,-1,-1,2,2.6439
132431111,2,43,4,11,-1,-1,4,1.6376
135222502,2,22,2,25,-1,-1,4,1.1314
132481213,2,48,4,12,-1,-1,4,1.6376
130472150,2,47,4,21,-1,-1,3,1.3673
131441101,2,44,4,11,-1,-1,2,3.1723
133282409,2,28,2,24,-1,-1,3,3.3695
134282504,2,28,2,25,-1,-1,2,2.6575
130012422,2,1,4,24,-1,-1,3,1.5714
135333404,2,33,2,34,-1,-1,4,6.2064
1264218,2,42,3,-1,-1,-1,3,4.8843
133211314,2,21,2,13,-1,-1,3,3.2811
134191120,2,19,2,11,-1,-1,2,2.1042
133282411,2,28,2,24,-1,-1,3,2.8729
131502638,2,50,4,26,-1,-1,2,1.9591
135191211,2,19,2,12,-1,-1,4,1.9001
134201214,2,20,2,12,-1,-1,2,3.3491
130011443,2,1,4,14,-1,-1,3,1.6099
135333110,2,33,2,31,-1,-1,4,2.9876
131482216,2,48,4,22,-1,-1,2,1.6757
130112538,2,11,4,25,-1,-1,3,1.9296
131462218,2,46,4,22,-1,-1,2,1.1677
134171613,2,17,2,16,-1,-1,2,3.1949
1264220,2,42,3,-1,-1,-1,3,4.9478
135151305,2,15,2,13,-1,-1,4,2.7876
132491337,2,49,4,13,-1,-1,4,1.9626
130431105,2,43,4,11,-1,-1,3,3.0589
131432140,2,43,4,21,-1,-1,2,1.3401
131452145,2,45,4,21,-1,-1,2,2.043
132472118,2,47,4,21,-1,-1,4,1.8126
132481225,2,48,4,12,-1,-1,4,2.0689
135292613,2,29,2,26,-1,-1,4,2.7689
131442146,2,44,4,21,-1,-1,2,2.1632
134282419,2,28,2,24,-1,-1,2,2.4784
131482205,2,48,4,22,-1,-1,2,2.6439
134312118,2,31,2,21,-1,-1,2,3.1836
130432116,2,43,4,21,-1,-1,3,0.95
134131111,2,13,2,11,-1,-1,2,3.2267
135262312,2,26,2,23,-1,-1,4,2.8939
130441143,2,44,4,11,-1,-1,3,1.746
134181108,2,18,2,11,-1,-1,2,2.4058
131451115,2,45,4,11,-1,-1,2,1.3832
131472135,2,47,4,21,-1,-1,2,1.6462
135151301,2,15,2,13,-1,-1,4,3.0189
133242619,2,24,2,26,-1,-1,3,4.102
130491344,2,49,4,13,-1,-1,3,3.3038
130462205,2,46,4,22,-1,-1,3,2.5169
133211319,2,21,2,13,-1,-1,3,7.1224
130451133,2,45,4,11,-1,-1,3,1.458
131472147,2,47,4,21,-1,-1,2,2.5918
135272408,2,27,2,24,-1,-1,4,2.5751
135222408,2,22,2,24,-1,-1,4,4.4814
135333115,2,33,2,31,-1,-1,4,3.1501
131481203,2,48,4,12,-1,-1,2,2.3627
132501638,2,50,4,16,-1,-1,4,1.9439
135222517,2,22,2,25,-1,-1,4,3.4751
133302612,2,30,2,26,-1,-1,3,3.6802
134282404,2,28,2,24,-1,-1,2,3.3242
131451145,2,45,4,11,-1,-1,2,1.8435
132462221,2,46,4,22,-1,-1,4,1.2314
134161411,2,16,2,14,-1,-1,2,3.1745
131472123,2,47,4,21,-1,-1,2,1.3832
132471148,2,47,4,11,-1,-1,4,1.7064
132491346,2,49,4,13,-1,-1,4,1.5376
133333410,2,33,2,34,-1,-1,3,3.1337
133171617,2,17,2,16,-1,-1,3,3.0385
130432141,2,43,4,21,-1,-1,3,1.3401
134151311,2,15,2,13,-1,-1,2,2.1337
134171502,2,17,2,15,-1,-1,2,3.4036
132451101,2,45,4,11,-1,-1,4,2.6064
135302104,2,30,2,21,-1,-1,4,3.0251
130471139,2,47,4,11,-1,-1,3,1.8639
132481215,2,48,4,12,-1,-1,4,1.9814
132501604,2,50,4,16,-1,-1,4,3.0876
134181608,2,18,2,16,-1,-1,2,2.4512
133242605,2,24,2,26,-1,-1,3,2.8117
133131204,2,13,2,12,-1,-1,3,3.4308
132502615,2,50,4,26,-1,-1,4,1.3376
133141209,2,14,2,12,-1,-1,3,3.8027
133272308,2,27,2,23,-1,-1,3,2.7369
130011416,2,1,4,14,-1,-1,3,1.3877
131451102,2,45,4,11,-1,-1,2,2.9092
131011418,2,1,4,14,-1,-1,2,2.0884
130481241,2,48,4,12,-1,-1,3,2.1927
130501633,2,50,4,16,-1,-1,3,2.1156
134222503,2,22,2,25,-1,-1,2,5.0339
132432112,2,43,4,21,-1,-1,4,1.4064
132482222,2,48,4,22,-1,-1,4,1.4689
134323220,2,32,2,32,-1,-1,2,4.3741
134171611,2,17,2,16,-1,-1,2,2.4489
135151302,2,15,2,13,-1,-1,4,3.3001
132432101,2,43,4,21,-1,-1,4,1.2626
135302614,2,30,2,26,-1,-1,4,3.8126
134232617,2,23,2,26,-1,-1,2,3.3242
131471129,2,47,4,11,-1,-1,2,1.7686
131441116,2,44,4,11,-1,-1,2,1.8095
133161419,2,16,2,14,-1,-1,3,2.4852
132441133,2,44,4,11,-1,-1,4,1.6814
131111522,2,11,4,15,-1,-1,2,2.8072
131112532,2,11,4,25,-1,-1,2,2.619
130462224,2,46,4,22,-1,-1,3,1.2154
133312119,2,31,2,21,-1,-1,3,3.1881
130502616,2,50,4,26,-1,-1,3,1.3197
131012419,2,1,4,24,-1,-1,2,1.2879
133211309,2,21,2,13,-1,-1,3,4.1995
134242618,2,24,2,26,-1,-1,2,3.1949
133333105,2,33,2,31,-1,-1,3,3.4648
132472104,2,47,4,21,-1,-1,4,3.4689
135312109,2,31,2,21,-1,-1,4,2.9439
130431114,2,43,4,11,-1,-1,3,1.5963
131452132,2,45,4,21,-1,-1,2,1.4716
132491314,2,49,4,13,-1,-1,4,1.2564
131451112,2,45,4,11,-1,-1,2,1.6621
132451102,2,45,4,11,-1,-1,4,2.9001
135252220,2,25,2,22,-1,-1,4,2.9001
134262308,2,26,2,23,-1,-1,2,3.5668
130111505,2,11,4,15,-1,-1,3,3.136
132481204,2,48,4,12,-1,-1,4,2.8751
134201210,2,20,2,12,-1,-1,2,3.4398
135222411,2,22,2,24,-1,-1,4,3.7564
133282415,2,28,2,24,-1,-1,3,3.1065
134242606,2,24,2,26,-1,-1,2,3.0407
130472123,2,47,4,21,-1,-1,3,1.068
134131110,2,13,2,11,-1,-1,2,2.9795
134262203,2,26,2,22,-1,-1,2,3.1972
133232505,2,23,2,25,-1,-1,3,3.5464
1274237,2,42,3,-1,-1,-1,2,3.5169
133211403,2,21,2,14,-1,-1,3,3.8027
133262312,2,26,2,23,-1,-1,3,2.8979
134131213,2,13,2,12,-1,-1,2,2.7051
135272407,2,27,2,24,-1,-1,4,3.1314
132471126,2,47,4,11,-1,-1,4,1.8751
130441132,2,44,4,11,-1,-1,3,1.8956
135181606,2,18,2,16,-1,-1,4,5.2689
132111543,2,11,4,15,-1,-1,4,1.5251
131012428,2,1,4,24,-1,-1,2,1.4512
135282417,2,28,2,24,-1,-1,4,2.8376
132011410,2,1,4,14,-1,-1,4,1.3251
132471102,2,47,4,11,-1,-1,4,2.2189
133141203,2,14,2,12,-1,-1,3,3.7822
135232509,2,23,2,25,-1,-1,4,3.4751
131472138,2,47,4,21,-1,-1,2,1.3423
135272312,2,27,2,23,-1,-1,4,2.2126
132491328,2,49,4,13,-1,-1,4,1.4751
130431110,2,43,4,11,-1,-1,3,1.9206
131482248,2,48,4,22,-1,-1,2,1.1632
131462232,2,46,4,22,-1,-1,2,1.39
131482241,2,48,4,22,-1,-1,2,2.0725
131452139,2,45,4,21,-1,-1,2,1.6303
135151417,2,15,2,14,-1,-1,4,2.4751
131492308,2,49,4,23,-1,-1,2,1.6462
132441150,2,44,4,11,-1,-1,4,1.7939
130452123,2,45,4,21,-1,-1,3,1.1904
135151405,2,15,2,14,-1,-1,4,2.4064
133272416,2,27,2,24,-1,-1,3,2.0453
133282412,2,28,2,24,-1,-1,3,2.8571
1284225,2,42,3,-1,-1,-1,4,3.3189
130472126,2,47,4,21,-1,-1,3,1.4988
130472142,2,47,4,21,-1,-1,3,2.0861
134272411,2,27,2,24,-1,-1,2,2.3219
132492328,2,49,4,23,-1,-1,4,2.0751
132441127,2,44,4,11,-1,-1,4,2.6126
130502602,2,50,4,26,-1,-1,3,1.9319
134171506,2,17,2,15,-1,-1,2,6.5237
133262314,2,26,2,23,-1,-1,3,2.5714
130462223,2,46,4,22,-1,-1,3,1.1972
130461208,2,46,4,12,-1,-1,3,2.4512
133333401,2,33,2,34,-1,-1,3,6.3205
135323302,2,32,2,33,-1,-1,4,1.5939
134201311,2,20,2,13,-1,-1,2,2.5169
130432106,2,43,4,21,-1,-1,3,1.5215
132451129,2,45,4,11,-1,-1,4,1.0001
130441145,2,44,4,11,-1,-1,3,2.1088
135191202,2,19,2,12,-1,-1,4,2.2064
131441124,2,44,4,11,-1,-1,2,1.3401
132012431,2,1,4,24,-1,-1,4,2.0001
133171507,2,17,2,15,-1,-1,3,4.1791
132432107,2,43,4,21,-1,-1,4,2.3251
130432127,2,43,4,21,-1,-1,3,1.5441
134151319,2,15,2,13,-1,-1,2,2.229
130501609,2,50,4,16,-1,-1,3,1.2993
131491320,2,49,4,13,-1,-1,2,1.5283
134141310,2,14,2,13,-1,-1,2,3.1337
133333116,2,33,2,31,-1,-1,3,2.365
133262213,2,26,2,22,-1,-1,3,3.4534
133181114,2,18,2,11,-1,-1,3,3.3469
132432103,2,43,4,21,-1,-1,4,1.8814
134272309,2,27,2,23,-1,-1,2,2.6643
131502644,2,50,4,26,-1,-1,2,2.6983
133292620,2,29,2,26,-1,-1,3,3.6008
132452133,2,45,4,21,-1,-1,4,1.5564
134201307,2,20,2,13,-1,-1,2,3.4104
130432115,2,43,4,21,-1,-1,3,1.2562
131482225,2,48,4,22,-1,-1,2,1.2335
134282508,2,28,2,25,-1,-1,2,2.0249
135151308,2,15,2,13,-1,-1,4,2.7189
135222418,2,22,2,24,-1,-1,4,3.3939
135282411,2,28,2,24,-1,-1,4,2.8814
130501607,2,50,4,16,-1,-1,3,2.6371
135312210,2,31,2,22,-1,-1,4,3.6689
1264221,2,42,3,-1,-1,-1,3,4.1995
131111532,2,11,4,15,-1,-1,2,1.2108
135211316,2,21,2,13,-1,-1,4,3.3376
135242601,2,24,2,26,-1,-1,4,3.2751
132011448,2,1,4,14,-1,-1,4,0.7689
130011419,2,1,4,14,-1,-1,3,1.2312
131471139,2,47,4,11,-1,-1,2,1.6349
130471118,2,47,4,11,-1,-1,3,2.4398
133302111,2,30,2,21,-1,-1,3,3.56
131492320,2,49,4,23,-1,-1,2,1.9228
132011427,2,1,4,14,-1,-1,4,1.5751
132481227,2,48,4,12,-1,-1,4,1.6189
131501647,2,50,4,16,-1,-1,2,1.0294
132432124,2,43,4,21,-1,-1,4,1.2126
132111539,2,11,4,15,-1,-1,4,1.8064
134171511,2,17,2,15,-1,-1,2,3.3559
131492304,2,49,4,23,-1,-1,2,2.3197
133252207,2,25,2,22,-1,-1,3,2.8344
132501641,2,50,4,16,-1,-1,4,2.0501
134222513,2,22,2,25,-1,-1,2,4.2131
135282514,2,28,2,25,-1,-1,4,2.1064
133181111,2,18,2,11,-1,-1,3,5.2947
132011419,2,1,4,14,-1,-1,4,1.2501
133292616,2,29,2,26,-1,-1,3,2.9591
135282521,2,28,2,25,-1,-1,4,2.3439
131462216,2,46,4,22,-1,-1,2,1.8548
130481207,2,48,4,12,-1,-1,3,2.7618
130501643,2,50,4,16,-1,-1,3,1.8911
131451118,2,45,4,11,-1,-1,2,2.1428
134211302,2,21,2,13,-1,-1,2,3.8866
134181105,2,18,2,11,-1,-1,2,3.0045
132502626,2,50,4,26,-1,-1,4,2.4439
132491304,2,49,4,13,-1,-1,4,2.7064
131491332,2,49,4,13,-1,-1,2,1.4897
133161410,2,16,2,14,-1,-1,3,2.5578
134323312,2,32,2,33,-1,-1,2,2.9614
134141301,2,14,2,13,-1,-1,2,5.1641
133201204,2,20,2,12,-1,-1,3,3.0135
132461224,2,46,4,12,-1,-1,4,0.7001
133201212,2,20,2,12,-1,-1,3,2.263
134181610,2,18,2,16,-1,-1,2,5.2471
130441121,2,44,4,11,-1,-1,3,1.4262
135151307,2,15,2,13,-1,-1,4,2.7501
131112538,2,11,4,25,-1,-1,2,2.2516
134343511,2,34,2,35,-1,-1,2,3.3673
131491324,2,49,4,13,-1,-1,2,1.0612
132112531,2,11,4,25,-1,-1,4,2.4501
132472102,2,47,4,21,-1,-1,4,1.9626
133181620,2,18,2,16,-1,-1,3,3.8367
134181615,2,18,2,16,-1,-1,2,4.2856
132442116,2,44,4,21,-1,-1,4,1.6501
130501618,2,50,4,16,-1,-1,3,2.3877
130501606,2,50,4,16,-1,-1,3,2.8299
131462214,2,46,4,22,-1,-1,2,1.3537
134222518,2,22,2,25,-1,-1,2,2.6349
132481238,2,48,4,12,-1,-1,4,1.6814
131491348,2,49,4,13,-1,-1,2,2.4512
133292618,2,29,2,26,-1,-1,3,3.9002
131502613,2,50,4,26,-1,-1,2,1.7505
134191202,2,19,2,12,-1,-1,2,2.2131
133272301,2,27,2,23,-1,-1,3,3.3083
130111504,2,11,4,15,-1,-1,3,2.204
133242109,2,24,2,21,-1,-1,3,3.746
134141217,2,14,2,12,-1,-1,2,3.3582
135232611,2,23,2,26,-1,-1,4,3.3689
133232511,2,23,2,25,-1,-1,3,3.7913
131491313,2,49,4,13,-1,-1,2,1.2471
135343502,2,34,2,35,-1,-1,4,2.9814
135262218,2,26,2,22,-1,-1,4,4.7751
132011420,2,1,4,14,-1,-1,4,1.4501
131452122,2,45,4,21,-1,-1,2,1.4897
132472111,2,47,4,21,-1,-1,4,1.6626
134343613,2,34,2,36,-1,-1,2,3.8888
135292506,2,29,2,25,-1,-1,4,3.2376
132482205,2,48,4,22,-1,-1,4,2.7251
135343509,2,34,2,35,-1,-1,4,4.5564
132431134,2,43,4,11,-1,-1,4,1.8439
133343508,2,34,2,35,-1,-1,3,3.2085
134201211,2,20,2,12,-1,-1,2,2.4625
134222505,2,22,2,25,-1,-1,2,4.0884
130111511,2,11,4,15,-1,-1,3,1.6507
132112516,2,11,4,25,-1,-1,4,1.6314
130442102,2,44,4,21,-1,-1,3,3.628
134242601,2,24,2,26,-1,-1,2,3.2584
132112538,2,11,4,25,-1,-1,4,2.0126
131502603,2,50,4,26,-1,-1,2,4.1451
133312216,2,31,2,22,-1,-1,3,3.7051
133161417,2,16,2,14,-1,-1,3,2.975
133232620,2,23,2,26,-1,-1,3,3.4308
131112529,2,11,4,25,-1,-1,2,1.5691
134242615,2,24,2,26,-1,-1,2,2.9364
131482210,2,48,4,22,-1,-1,2,1.8367
134262220,2,26,2,22,-1,-1,2,2.8661
135171619,2,17,2,16,-1,-1,4,6.7814
1284235,2,42,3,-1,-1,-1,4,6.3126
130482214,2,48,4,22,-1,-1,3,1.5555
130481201,2,48,4,12,-1,-1,3,2.4512
134191108,2,19,2,11,-1,-1,2,2.0226
131432122,2,43,4,21,-1,-1,2,1.1496
131502610,2,50,4,26,-1,-1,2,2.8457
130112501,2,11,4,25,-1,-1,3,2.0657
130451113,2,45,4,11,-1,-1,3,1.4693
134222501,2,22,2,25,-1,-1,2,7.3205
130462211,2,46,4,22,-1,-1,3,1.5668
131461220,2,46,4,12,-1,-1,2,0.9432
130012415,2,1,4,24,-1,-1,3,1.2675
131441112,2,44,4,11,-1,-1,2,1.619
134282401,2,28,2,24,-1,-1,2,4.3627
135232514,2,23,2,25,-1,-1,4,3.4251
132472103,2,47,4,21,-1,-1,4,2.6376
132441139,2,44,4,11,-1,-1,4,1.6376
135323215,2,32,2,32,-1,-1,4,3.4314
135181608,2,18,2,16,-1,-1,4,2.4439
132441115,2,44,4,11,-1,-1,4,1.4251
134232507,2,23,2,25,-1,-1,2,4.526
133151313,2,15,2,13,-1,-1,3,2.365
132501623,2,50,4,16,-1,-1,4,1.1376
130451118,2,45,4,11,-1,-1,3,2.136
133343611,2,34,2,36,-1,-1,3,3.1836
131012448,2,1,4,24,-1,-1,2,1.6099
135333111,2,33,2,31,-1,-1,4,2.6626
130471138,2,47,4,11,-1,-1,3,1.9387
133232618,2,23,2,26,-1,-1,3,3.2176
130112550,2,11,4,25,-1,-1,3,1.6485
131471111,2,47,4,11,-1,-1,2,1.7233
135242113,2,24,2,21,-1,-1,4,4.0751
135161403,2,16,2,14,-1,-1,4,2.2814
133151301,2,15,2,13,-1,-1,3,3.0249
130012440,2,1,4,24,-1,-1,3,1.6847
130491313,2,49,4,13,-1,-1,3,1.2358
131482219,2,48,4,22,-1,-1,2,1.1859
130112505,2,11,4,25,-1,-1,3,2.5441
132111504,2,11,4,15,-1,-1,4,2.2251
135333401,2,33,2,34,-1,-1,4,6.3153
135343510,2,34,2,35,-1,-1,4,3.1751
130462204,2,46,4,22,-1,-1,3,2.3129
131471134,2,47,4,11,-1,-1,2,1.8321
130492310,2,49,4,23,-1,-1,3,1.4829
134312116,2,31,2,21,-1,-1,2,3.6235
132501608,2,50,4,16,-1,-1,4,3.0689
135302119,2,30,2,21,-1,-1,4,3.4501
132452111,2,45,4,21,-1,-1,4,1.6439
130482223,2,48,4,22,-1,-1,3,1.7074
132471134,2,47,4,11,-1,-1,4,1.8314
131492321,2,49,4,23,-1,-1,2,1.9002
134161401,2,16,2,14,-1,-1,2,2.2834
133343604,2,34,2,36,-1,-1,3,2.5691
133343520,2,34,2,35,-1,-1,3,3.3129
131431120,2,43,4,11,-1,-1,2,1.0816
132441124,2,44,4,11,-1,-1,4,1.4689
134272319,2,27,2,23,-1,-1,2,4.0725
134302609,2,30,2,26,-1,-1,2,4.1269
133323219,2,32,2,32,-1,-1,3,2.5169
132482219,2,48,4,22,-1,-1,4,1.1626
135211404,2,21,2,14,-1,-1,4,3.0689
132112511,2,11,4,25,-1,-1,4,2.2939
135161407,2,16,2,14,-1,-1,4,2.1314
130441129,2,44,4,11,-1,-1,3,1.7664
132471144,2,47,4,11,-1,-1,4,2.6626
134201314,2,20,2,13,-1,-1,2,3.0203
134131216,2,13,2,12,-1,-1,2,3.3877
133292612,2,29,2,26,-1,-1,3,2.4081
130452124,2,45,4,21,-1,-1,3,1.975
135343508,2,34,2,35,-1,-1,4,3.2251
135282405,2,28,2,24,-1,-1,4,2.8814
134222408,2,22,2,24,-1,-1,2,4.4353
133181117,2,18,2,11,-1,-1,3,3.7414
131481240,2,48,4,12,-1,-1,2,2.1088
132492331,2,49,4,23,-1,-1,4,1.8814
131471147,2,47,4,11,-1,-1,2,1.5759
135141203,2,14,2,12,-1,-1,4,3.7876
130441137,2,44,4,11,-1,-1,3,1.8752
130502642,2,50,4,26,-1,-1,3,2.17
135302618,2,30,2,26,-1,-1,4,7.5689
131491319,2,49,4,13,-1,-1,2,1.102
135252119,2,25,2,21,-1,-1,4,3.2439
130501620,2,50,4,16,-1,-1,3,1.6371
132441148,2,44,4,11,-1,-1,4,1.2126
130461243,2,46,4,12,-1,-1,3,1.2131
132011446,2,1,4,14,-1,-1,4,1.0251
134242611,2,24,2,26,-1,-1,2,3.0476
130461213,2,46,4,12,-1,-1,3,1.5986
132441141,2,44,4,11,-1,-1,4,1.9189
132112533,2,11,4,25,-1,-1,4,1.7064
131472137,2,47,4,21,-1,-1,2,1.7414
131012423,2,1,4,24,-1,-1,2,1.4897
134282411,2,28,2,24,-1,-1,2,2.8707
135211308,2,21,2,13,-1,-1,4,3.3064
132432111,2,43,4,21,-1,-1,4,2.0439
131442127,2,44,4,21,-1,-1,2,1.4466
135292503,2,29,2,25,-1,-1,4,2.6876
130472144,2,47,4,21,-1,-1,3,2.0113
134252215,2,25,2,22,-1,-1,2,4.6893
134211418,2,21,2,14,-1,-1,2,2.2154
130441116,2,44,4,11,-1,-1,3,1.4217
132441116,2,44,4,11,-1,-1,4,1.3439
133343618,2,34,2,36,-1,-1,3,3.3673
134302117,2,30,2,21,-1,-1,2,3.6439
134151312,2,15,2,13,-1,-1,2,1.8752
133242604,2,24,2,26,-1,-1,3,2.6507
131481204,2,48,4,12,-1,-1,2,2.8775
135131107,2,13,2,11,-1,-1,4,2.9189
132431123,2,43,4,11,-1,-1,4,1.0814
132432121,2,43,4,21,-1,-1,4,1.1689
134211318,2,21,2,13,-1,-1,2,2.5033
134211402,2,21,2,14,-1,-1,2,3.2063
131461229,2,46,4,12,-1,-1,2,1.111
135222402,2,22,2,24,-1,-1,4,2.8626
131462224,2,46,4,22,-1,-1,2,1.2562
132012426,2,1,4,24,-1,-1,4,1.8376
133312108,2,31,2,21,-1,-1,3,3.2652
135252219,2,25,2,22,-1,-1,4,3.2376
132111530,2,11,4,15,-1,-1,4,1.9689
134191207,2,19,2,12,-1,-1,2,2.3514
133201208,2,20,2,12,-1,-1,3,3.2675
132491333,2,49,4,13,-1,-1,4,1.7064
132471128,2,47,4,11,-1,-1,4,1.6376
133312103,2,31,2,21,-1,-1,3,4.2834
134242112,2,24,2,21,-1,-1,2,3.5804
134312114,2,31,2,21,-1,-1,2,5.4376
134333410,2,33,2,34,-1,-1,2,3.1337
131011434,2,1,4,14,-1,-1,2,1.1337
131451117,2,45,4,11,-1,-1,2,1.8775
134211308,2,21,2,13,-1,-1,2,3.2947
135272419,2,27,2,24,-1,-1,4,2.8376
132481203,2,48,4,12,-1,-1,4,2.3626
130112540,2,11,4,25,-1,-1,3,2.0181
135272309,2,27,2,23,-1,-1,4,2.6626
135302612,2,30,2,26,-1,-1,4,3.6814
135211318,2,21,2,13,-1,-1,4,2.4876
132112504,2,11,4,25,-1,-1,4,2.5251
131011433,2,1,4,14,-1,-1,2,1.4897
134242608,2,24,2,26,-1,-1,2,3.1881
133171505,2,17,2,15,-1,-1,3,3.238
133312112,2,31,2,21,-1,-1,3,3.8276
135343601,2,34,2,36,-1,-1,4,3.69
133252116,2,25,2,21,-1,-1,3,4.2244
131481247,2,48,4,12,-1,-1,2,3.7868
130472105,2,47,4,21,-1,-1,3,2.8888
133333404,2,33,2,34,-1,-1,3,6.9092
133282420,2,28,2,24,-1,-1,3,2.7618
132452132,2,45,4,21,-1,-1,4,1.4689
135292505,2,29,2,25,-1,-1,4,3.3689
135232507,2,23,2,25,-1,-1,4,4.5189
1284205,2,42,3,-1,-1,-1,4,2.8126
130111517,2,11,4,15,-1,-1,3,2.1201
134333413,2,33,2,34,-1,-1,2,3.4739
133242615,2,24,2,26,-1,-1,3,2.9319
133201304,2,20,2,13,-1,-1,3,2.2154
131502622,2,50,4,26,-1,-1,2,0.5079
131011448,2,1,4,14,-1,-1,2,1.0498
134141303,2,14,2,13,-1,-1,2,3.5124
130482234,2,48,4,22,-1,-1,3,1.7392
132112547,2,11,4,25,-1,-1,4,1.0876
132442101,2,44,4,21,-1,-1,4,2.4751
132442123,2,44,4,21,-1,-1,4,1.3251
135171503,2,17,2,15,-1,-1,4,3.0376
131461207,2,46,4,12,-1,-1,2,2.3559
130472141,2,47,4,21,-1,-1,3,1.8253
133292512,2,29,2,25,-1,-1,3,2.5124
135252201,2,25,2,22,-1,-1,4,6.8213
134272315,2,27,2,23,-1,-1,2,5.8231
130012403,2,1,4,24,-1,-1,3,2.136
134343506,2,34,2,35,-1,-1,2,2.7278
130442114,2,44,4,21,-1,-1,3,1.8231
132451108,2,45,4,11,-1,-1,4,2.8501
132462219,2,46,4,22,-1,-1,4,1.1689
130502627,2,50,4,26,-1,-1,3,2.4489
130452110,2,45,4,21,-1,-1,3,1.4058
133141212,2,14,2,12,-1,-1,3,2.8775
130502614,2,50,4,26,-1,-1,3,1.755
132482209,2,48,4,22,-1,-1,4,1.4876
134252102,2,25,2,21,-1,-1,2,4.6122
133302103,2,30,2,21,-1,-1,3,3.4739
133222512,2,22,2,25,-1,-1,3,2.8911
1274226,2,42,3,-1,-1,-1,2,3.8571
134211412,2,21,2,14,-1,-1,2,2.1723
132472140,2,47,4,21,-1,-1,4,1.8126
131012401,2,1,4,24,-1,-1,2,3.1246
134312103,2,31,2,21,-1,-1,2,3.4036
134151406,2,15,2,14,-1,-1,2,2.068
130431150,2,43,4,11,-1,-1,3,1.4852
133323201,2,32,2,32,-1,-1,3,5.5464
131442136,2,44,4,21,-1,-1,2,1.5986
133323312,2,32,2,33,-1,-1,3,2.941
131431140,2,43,4,11,-1,-1,2,1.6031
135232607,2,23,2,26,-1,-1,4,2.8501
131462244,2,46,4,22,-1,-1,2,1.4058
131481215,2,48,4,12,-1,-1,2,2.0339
1284230,2,42,3,-1,-1,-1,4,3.3251
132461249,2,46,4,12,-1,-1,4,1.1439
130442147,2,44,4,21,-1,-1,3,2.1791
130481213,2,48,4,12,-1,-1,3,1.8253
133282520,2,28,2,25,-1,-1,3,3.077
132501634,2,50,4,16,-1,-1,4,2.5564
132431116,2,43,4,11,-1,-1,4,2.3001
131011436,2,1,4,14,-1,-1,2,1.3695
134181118,2,18,2,11,-1,-1,2,5.9024
133191112,2,19,2,11,-1,-1,3,2.1088
131111501,2,11,4,15,-1,-1,2,1.2539
134302106,2,30,2,21,-1,-1,2,3.7913
135242117,2,24,2,21,-1,-1,4,3.2564
132452125,2,45,4,21,-1,-1,4,2.0314
131472124,2,47,4,21,-1,-1,2,1.0498
130441123,2,44,4,11,-1,-1,3,1.6167
133131117,2,13,2,11,-1,-1,3,3.4739
135262317,2,26,2,23,-1,-1,4,2.9189
131442118,2,44,4,21,-1,-1,2,1.2358
133131208,2,13,2,12,-1,-1,3,2.5782
130501605,2,50,4,16,-1,-1,3,2.5441
134131102,2,13,2,11,-1,-1,2,5.2516
1284215,2,42,3,-1,-1,-1,4,4.5626
131452130,2,45,4,21,-1,-1,2,1.5986
130451140,2,45,4,11,-1,-1,3,1.6167
130462235,2,46,4,22,-1,-1,3,1.7868
134151304,2,15,2,13,-1,-1,2,3.7936
131462226,2,46,4,22,-1,-1,2,1.6167
133333420,2,33,2,34,-1,-1,3,3.5441
131112520,2,11,4,25,-1,-1,2,2.068
135292619,2,29,2,26,-1,-1,4,5.0689
133252105,2,25,2,21,-1,-1,3,3.4534
130492344,2,49,4,23,-1,-1,3,1.7437
131441148,2,44,4,11,-1,-1,2,1.5872
1274215,2,42,3,-1,-1,-1,2,4.7142
135242101,2,24,2,21,-1,-1,4,4.2783
131491306,2,49,4,13,-1,-1,2,2.619
135232618,2,23,2,26,-1,-1,4,3.1939
132461227,2,46,4,12,-1,-1,4,2.3689
134252119,2,25,2,21,-1,-1,2,3.238
133292510,2,29,2,25,-1,-1,3,2.9841
130462244,2,46,4,22,-1,-1,3,1.5782
135201214,2,20,2,12,-1,-1,4,3.3501
133222417,2,22,2,24,-1,-1,3,3.0702
134191206,2,19,2,12,-1,-1,2,2.6643
134242620,2,24,2,26,-1,-1,2,3.5237
132111529,2,11,4,15,-1,-1,4,1.2064
134323309,2,32,2,33,-1,-1,2,3.3219
133312213,2,31,2,22,-1,-1,3,4.0067
135181610,2,18,2,16,-1,-1,4,5.2439
133252212,2,25,2,22,-1,-1,3,3.5623
135323218,2,32,2,32,-1,-1,4,3.3876
132472106,2,47,4,21,-1,-1,4,2.6876
133232619,2,23,2,26,-1,-1,3,3.9455
132471121,2,47,4,11,-1,-1,4,1.6189
131451122,2,45,4,11,-1,-1,2,1.5532
135333112,2,33,2,31,-1,-1,4,3.0876
131441107,2,44,4,11,-1,-1,2,2.5464
134222508,2,22,2,25,-1,-1,2,3.6235
132471138,2,47,4,11,-1,-1,4,1.8751
131472141,2,47,4,21,-1,-1,2,1.8027
130441104,2,44,4,11,-1,-1,3,2.8344
133312217,2,31,2,22,-1,-1,3,3.2834
130452125,2,45,4,21,-1,-1,3,1.9863
132441117,2,44,4,11,-1,-1,4,1.8314
132462230,2,46,4,22,-1,-1,4,2.0251
131111537,2,11,4,15,-1,-1,2,2.4875
132442122,2,44,4,21,-1,-1,4,1.6251
133242112,2,24,2,21,-1,-1,3,3.5804
134171516,2,17,2,15,-1,-1,2,3.6462
135161414,2,16,2,14,-1,-1,4,2.7314
130492324,2,49,4,23,-1,-1,3,1.2199
133211414,2,21,2,14,-1,-1,3,2.4761
133141207,2,14,2,12,-1,-1,3,3.5736
133343509,2,34,2,35,-1,-1,3,4.5714
131472110,2,47,4,21,-1,-1,2,3.0498
132452118,2,45,4,21,-1,-1,4,1.9626
134201313,2,20,2,13,-1,-1,2,3.5441
133312203,2,31,2,22,-1,-1,3,3.1813
135292504,2,29,2,25,-1,-1,4,2.7439
131011402,2,1,4,14,-1,-1,2,2.0135
134211314,2,21,2,13,-1,-1,2,3.2834
131011425,2,1,4,14,-1,-1,2,1.17
131452150,2,45,4,21,-1,-1,2,1.628
133272417,2,27,2,24,-1,-1,3,2.8571
133262318,2,26,2,23,-1,-1,3,3.1337
130011405,2,1,4,14,-1,-1,3,2.1972
130432131,2,43,4,21,-1,-1,3,1.3446
131011415,2,1,4,14,-1,-1,2,1.2448
133232617,2,23,2,26,-1,-1,3,3.3242
130451138,2,45,4,11,-1,-1,3,1.4308
130111502,2,11,4,15,-1,-1,3,1.8072
133191110,2,19,2,11,-1,-1,3,2.5782
130481250,2,48,4,12,-1,-1,3,1.6825
134191109,2,19,2,11,-1,-1,2,2.0997
132011413,2,1,4,14,-1,-1,4,1.4876
130442137,2,44,4,21,-1,-1,3,1.5963
131442104,2,44,4,21,-1,-1,2,2.5986
132461213,2,46,4,12,-1,-1,4,1.0876
132431142,2,43,4,11,-1,-1,4,1.4501
132442108,2,44,4,21,-1,-1,4,2.7564
133222513,2,22,2,25,-1,-1,3,4.263
134302114,2,30,2,21,-1,-1,2,3.5804
135262309,2,26,2,23,-1,-1,4,2.9439
133222518,2,22,2,25,-1,-1,3,2.6326
130452127,2,45,4,21,-1,-1,3,1.4036
131471112,2,47,4,11,-1,-1,2,1.6144
130451104,2,45,4,11,-1,-1,3,3.3015
131431133,2,43,4,11,-1,-1,2,1.3151
132442137,2,44,4,21,-1,-1,4,1.6876
130441144,2,44,4,11,-1,-1,3,1.7051
133282407,2,28,2,24,-1,-1,3,2.2834
133323320,2,32,2,33,-1,-1,3,2.7188
133141208,2,14,2,12,-1,-1,3,2.8548
134252114,2,25,2,21,-1,-1,2,2.848
135312101,2,31,2,21,-1,-1,4,3.6626
132112507,2,11,4,25,-1,-1,4,2.2814
131491334,2,49,4,13,-1,-1,2,1.8684
134282406,2,28,2,24,-1,-1,2,2.7913
132482246,2,48,4,22,-1,-1,4,2.1064
134181117,2,18,2,11,-1,-1,2,3.7596
130501650,2,50,4,16,-1,-1,3,1.6394
130492312,2,49,4,23,-1,-1,3,1.4557
132011418,2,1,4,14,-1,-1,4,1.6939
133191201,2,19,2,12,-1,-1,3,6.5155
133131211,2,13,2,12,-1,-1,3,2.8775
135131117,2,13,2,11,-1,-1,4,3.4564
132481206,2,48,4,12,-1,-1,4,2.7376
130501651,2,50,4,16,-1,-1,3,1.8525
130472107,2,47,4,21,-1,-1,3,2.8525
134151408,2,15,2,14,-1,-1,2,2.5351
132491315,2,49,4,13,-1,-1,4,1.1939
131112543,2,11,4,25,-1,-1,2,2.7392
131432105,2,43,4,21,-1,-1,2,2.2811
131461224,2,46,4,12,-1,-1,2,1.1949
131451140,2,45,4,11,-1,-1,2,1.6258
132442139,2,44,4,21,-1,-1,4,1.5126
131111535,2,11,4,15,-1,-1,2,2.2448
132112506,2,11,4,25,-1,-1,4,2.8939
131452149,2,45,4,21,-1,-1,2,1.5192
130462209,2,46,4,22,-1,-1,3,2.4648
130431144,2,43,4,11,-1,-1,3,2.1745
131461213,2,46,4,12,-1,-1,2,1.297
131472128,2,47,4,21,-1,-1,2,1.4648
131502632,2,50,4,26,-1,-1,2,1.5101
134272306,2,27,2,23,-1,-1,2,3.4625
134292614,2,29,2,26,-1,-1,2,4.5623
132432133,2,43,4,21,-1,-1,4,1.4501
130481224,2,48,4,12,-1,-1,3,1.7142
132112518,2,11,4,25,-1,-1,4,1.7501
134191211,2,19,2,12,-1,-1,2,1.9047
133151418,2,15,2,14,-1,-1,3,2.7051
1274223,2,42,3,-1,-1,-1,2,3.1337
133181616,2,18,2,16,-1,-1,3,4.9478
131432147,2,43,4,21,-1,-1,2,1.2811
134211312,2,21,2,13,-1,-1,2,2.6643
130111547,2,11,4,15,-1,-1,3,1.492
132461225,2,46,4,12,-1,-1,4,0.8251
132492336,2,49,4,23,-1,-1,4,1.9564
135252215,2,25,2,22,-1,-1,4,4.6876
133131114,2,13,2,11,-1,-1,3,2.2766
135282406,2,28,2,24,-1,-1,4,2.0814
134141315,2,14,2,13,-1,-1,2,2.492
133151403,2,15,2,14,-1,-1,3,1.8752
131432124,2,43,4,21,-1,-1,2,1.2085
131112533,2,11,4,25,-1,-1,2,0.8639
133333411,2,33,2,34,-1,-1,3,2.5351
135323203,2,32,2,32,-1,-1,4,3.2251
132442141,2,44,4,21,-1,-1,4,1.7814
133262319,2,26,2,23,-1,-1,3,3.111
131111547,2,11,4,15,-1,-1,2,3.1881
130452106,2,45,4,21,-1,-1,3,2.5351
130502645,2,50,4,26,-1,-1,3,2.7074
134252219,2,25,2,22,-1,-1,2,3.2403
130462208,2,46,4,22,-1,-1,3,0.95
131482243,2,48,4,22,-1,-1,2,0.7097
135252117,2,25,2,21,-1,-1,4,3.4939
132442136,2,44,4,21,-1,-1,4,1.3501
135161509,2,16,2,15,-1,-1,4,2.9189
135333409,2,33,2,34,-1,-1,4,2.7251
131502630,2,50,4,26,-1,-1,2,2.0748
131481221,2,48,4,12,-1,-1,2,1.6621
133272316,2,27,2,23,-1,-1,3,3.0385
131471121,2,47,4,11,-1,-1,2,1.5918
134191101,2,19,2,11,-1,-1,2,2.7188
131462223,2,46,4,22,-1,-1,2,1.0838
133343614,2,34,2,36,-1,-1,3,3.9228
130012434,2,1,4,24,-1,-1,3,1.6076
131441113,2,44,4,11,-1,-1,2,1.789
134131116,2,13,2,11,-1,-1,2,3.5373
130472124,2,47,4,21,-1,-1,3,1.0317
131011451,2,1,4,14,-1,-1,2,1.6507
133302112,2,30,2,21,-1,-1,3,2.941
130431120,2,43,4,11,-1,-1,3,1.789
132482245,2,48,4,22,-1,-1,4,1.6564
1264207,2,42,3,-1,-1,-1,3,6.2675
135242606,2,24,2,26,-1,-1,4,3.8814
131461210,2,46,4,12,-1,-1,2,1.5736
130462218,2,46,4,22,-1,-1,3,1.6598
131462219,2,46,4,22,-1,-1,2,1.1768
132502618,2,50,4,26,-1,-1,4,1.9814
134282418,2,28,2,24,-1,-1,2,2.3265
130481205,2,48,4,12,-1,-1,3,2.6417
132502643,2,50,4,26,-1,-1,4,2.0814
131012403,2,1,4,24,-1,-1,2,2.5305
132431108,2,43,4,11,-1,-1,4,2.9001
135232501,2,23,2,25,-1,-1,4,4.2064
132011406,2,1,4,14,-1,-1,4,2.6876
133302605,2,30,2,26,-1,-1,3,4.4852
131012418,2,1,4,24,-1,-1,2,1.8525
130472145,2,47,4,21,-1,-1,3,1.6711
130472116,2,47,4,21,-1,-1,3,1.5147
135171509,2,17,2,15,-1,-1,4,3.4626
130471127,2,47,4,11,-1,-1,3,1.8435
130451128,2,45,4,11,-1,-1,3,1.4104
132442102,2,44,4,21,-1,-1,4,3.6064
131471118,2,47,4,11,-1,-1,2,2.1881
132451105,2,45,4,11,-1,-1,4,2.7251
132482231,2,48,4,22,-1,-1,4,1.9501
133151316,2,15,2,13,-1,-1,3,2.068
133191210,2,19,2,12,-1,-1,3,3.5169
132442142,2,44,4,21,-1,-1,4,1.9314
131502643,2,50,4,26,-1,-1,2,2.0702
133292608,2,29,2,26,-1,-1,3,2.2267
135292610,2,29,2,26,-1,-1,4,2.2376
135312217,2,31,2,22,-1,-1,4,3.2814
134252201,2,25,2,22,-1,-1,2,6.8239
133201318,2,20,2,13,-1,-1,3,2.1224
134272412,2,27,2,24,-1,-1,2,2.3854
135302608,2,30,2,26,-1,-1,4,4.1126
132481209,2,48,4,12,-1,-1,4,1.7001
133272306,2,27,2,23,-1,-1,3,3.4829
135181616,2,18,2,16,-1,-1,4,4.9439
135262209,2,26,2,22,-1,-1,4,3.7501
135262313,2,26,2,23,-1,-1,4,3.8189
135292510,2,29,2,25,-1,-1,4,2.9814
134333415,2,33,2,34,-1,-1,2,2.916
133151408,2,15,2,14,-1,-1,3,2.526
130452128,2,45,4,21,-1,-1,3,1.3627
133323212,2,32,2,32,-1,-1,3,3.3945
131431124,2,43,4,11,-1,-1,2,1.0725
132432105,2,43,4,21,-1,-1,4,2.3064
133161509,2,16,2,15,-1,-1,3,2.9183
131451147,2,45,4,11,-1,-1,2,0.9364
132482216,2,48,4,22,-1,-1,4,1.7564
134242114,2,24,2,21,-1,-1,2,3.9659
130431122,2,43,4,11,-1,-1,3,1.0113
131442106,2,44,4,21,-1,-1,2,2.5555
135292502,2,29,2,25,-1,-1,4,3.3876
134191220,2,19,2,12,-1,-1,2,2.4013
133272408,2,27,2,24,-1,-1,3,2.5782
135131110,2,13,2,11,-1,-1,4,2.9376
132451137,2,45,4,11,-1,-1,4,1.6501
134151316,2,15,2,13,-1,-1,2,2.0476
131481234,2,48,4,12,-1,-1,2,2.1904
130482206,2,48,4,22,-1,-1,3,2.6553
132501618,2,50,4,16,-1,-1,4,2.5064
133232609,2,23,2,26,-1,-1,3,2.8344
130431107,2,43,4,11,-1,-1,3,2.5283
133262310,2,26,2,23,-1,-1,3,3.2834
130472130,2,47,4,21,-1,-1,3,1.7868
135262204,2,26,2,22,-1,-1,4,3.1564
133232608,2,23,2,26,-1,-1,3,2.8117
132112510,2,11,4,25,-1,-1,4,1.7314
130471137,2,47,4,11,-1,-1,3,1.3355
132451120,2,45,4,11,-1,-1,4,1.6814
131491321,2,49,4,13,-1,-1,2,1.6983
130112535,2,11,4,25,-1,-1,3,1.755
130012406,2,1,4,24,-1,-1,3,2.6915
132471133,2,47,4,11,-1,-1,4,1.6376
133282514,2,28,2,25,-1,-1,3,2.1088
132112505,2,11,4,25,-1,-1,4,2.6126
134343610,2,34,2,36,-1,-1,2,2.0271
130112512,2,11,4,25,-1,-1,3,2.3718
132502605,2,50,4,26,-1,-1,4,2.5314
135211413,2,21,2,14,-1,-1,4,2.2751
135171606,2,17,2,16,-1,-1,4,3.1939
130461234,2,46,4,12,-1,-1,3,1.8956
132491312,2,49,4,13,-1,-1,4,1.5564
1274203,2,42,3,-1,-1,-1,2,5.4376
132111540,2,11,4,15,-1,-1,4,1.6564
134161504,2,16,2,15,-1,-1,2,2.4081
131112519,2,11,4,25,-1,-1,2,1.7165
134232614,2,23,2,26,-1,-1,2,3.5804
132112532,2,11,4,25,-1,-1,4,1.7251
130471131,2,47,4,11,-1,-1,3,2.3832
134232506,2,23,2,25,-1,-1,2,4.5419
130462229,2,46,4,22,-1,-1,3,1.619
133333117,2,33,2,31,-1,-1,3,2.3083
133282517,2,28,2,25,-1,-1,3,2.4716
130451115,2,45,4,11,-1,-1,3,1.3854
134191201,2,19,2,12,-1,-1,2,6.5518
134201312,2,20,2,13,-1,-1,2,3.4058
1264217,2,42,3,-1,-1,-1,3,2.6598
133232520,2,23,2,25,-1,-1,3,3.1632
133232611,2,23,2,26,-1,-1,3,3.3582
132012435,2,1,4,24,-1,-1,4,1.7251
130482249,2,48,4,22,-1,-1,3,1.0022
134222512,2,22,2,25,-1,-1,2,2.9047
130501623,2,50,4,16,-1,-1,3,1.1337
134151417,2,15,2,14,-1,-1,2,2.4716
131441143,2,44,4,11,-1,-1,2,2.0997
130452139,2,45,4,21,-1,-1,3,1.6507
134171614,2,17,2,16,-1,-1,2,2.3854
134262313,2,26,2,23,-1,-1,2,3.8004
135252208,2,25,2,22,-1,-1,4,2.7939
132432136,2,43,4,21,-1,-1,4,1.3501
130461241,2,46,4,12,-1,-1,3,1.3491
135323301,2,32,2,33,-1,-1,4,3.6223
132452138,2,45,4,21,-1,-1,4,1.6189
132111533,2,11,4,15,-1,-1,4,1.2689
133282511,2,28,2,25,-1,-1,3,1.8956
135211306,2,21,2,13,-1,-1,4,2.5314
135201211,2,20,2,12,-1,-1,4,2.4501
131502649,2,50,4,26,-1,-1,2,1.9818
135242618,2,24,2,26,-1,-1,4,2.4939
131491340,2,49,4,13,-1,-1,2,2.238
130451126,2,45,4,11,-1,-1,3,1.907
131491325,2,49,4,13,-1,-1,2,1.0158
135323303,2,32,2,33,-1,-1,4,2.4439
130111529,2,11,4,15,-1,-1,3,1.2108
130112520,2,11,4,25,-1,-1,3,2.0906
134302104,2,30,2,21,-1,-1,2,3.0249
131462243,2,46,4,22,-1,-1,2,1.4693
130432138,2,43,4,21,-1,-1,3,1.8956
132482237,2,48,4,22,-1,-1,4,1.7314
132492325,2,49,4,23,-1,-1,4,1.8939
130501608,2,50,4,16,-1,-1,3,3.0861
133272412,2,27,2,24,-1,-1,3,2.3877
130012427,2,1,4,24,-1,-1,3,1.8163
130112539,2,11,4,25,-1,-1,3,2.0113
135272420,2,27,2,24,-1,-1,4,2.1751
135191208,2,19,2,12,-1,-1,4,1.7439
134272316,2,27,2,23,-1,-1,2,3.0476
1264210,2,42,3,-1,-1,-1,3,2.7686
133272411,2,27,2,24,-1,-1,3,2.3219
131481243,2,48,4,12,-1,-1,2,2.789
135141307,2,14,2,13,-1,-1,4,3.7751
132481239,2,48,4,12,-1,-1,4,2.1939
130442134,2,44,4,21,-1,-1,3,1.56
135302117,2,30,2,21,-1,-1,4,3.6439
131431117,2,43,4,11,-1,-1,2,2.2993
1264227,2,42,3,-1,-1,-1,3,3.8593
132492316,2,49,4,23,-1,-1,4,1.9126
130491312,2,49,4,13,-1,-1,3,1.5895
134141314,2,14,2,13,-1,-1,2,3.3038
131481207,2,48,4,12,-1,-1,2,2.7686
133211419,2,21,2,14,-1,-1,3,2.8117
135323320,2,32,2,33,-1,-1,4,2.7064
131442120,2,44,4,21,-1,-1,2,1.6621
133201205,2,20,2,12,-1,-1,3,3.712
134151415,2,15,2,14,-1,-1,2,2.4285
135211417,2,21,2,14,-1,-1,4,2.3439
132451103,2,45,4,11,-1,-1,4,3.0939
133141303,2,14,2,13,-1,-1,3,3.526
130472129,2,47,4,21,-1,-1,3,1.7074
132012446,2,1,4,24,-1,-1,4,1.6689
134292617,2,29,2,26,-1,-1,2,7.941
135222516,2,22,2,25,-1,-1,4,2.5501
130441140,2,44,4,11,-1,-1,3,1.6598
135333418,2,33,2,34,-1,-1,4,2.7251
134161510,2,16,2,15,-1,-1,2,2.4693
135282419,2,28,2,24,-1,-1,4,2.5001
133211313,2,21,2,13,-1,-1,3,2.7913
131451132,2,45,4,11,-1,-1,2,1.5759
131011424,2,1,4,14,-1,-1,2,1.0906
131442114,2,44,4,21,-1,-1,2,1.5714
132111505,2,11,4,15,-1,-1,4,3.1439
134151407,2,15,2,14,-1,-1,2,2.8843
132471124,2,47,4,11,-1,-1,4,1.3189
133141218,2,14,2,12,-1,-1,3,3.6008
133191111,2,19,2,11,-1,-1,3,3.4693
132432143,2,43,4,21,-1,-1,4,1.6251
134323202,2,32,2,32,-1,-1,2,3.9296
131472105,2,47,4,21,-1,-1,2,2.5895
134282413,2,28,2,24,-1,-1,2,2.4602
132491339,2,49,4,13,-1,-1,4,1.7689
132012433,2,1,4,24,-1,-1,4,1.6001
132502633,2,50,4,26,-1,-1,4,2.9501
135292606,2,29,2,26,-1,-1,4,2.5376
134131203,2,13,2,12,-1,-1,2,3.8956
134211409,2,21,2,14,-1,-1,2,2.7278
134302605,2,30,2,26,-1,-1,2,4.4784
133141318,2,14,2,13,-1,-1,3,2.6462
135171518,2,17,2,15,-1,-1,4,4.2189
132112539,2,11,4,25,-1,-1,4,1.8314
130011445,2,1,4,14,-1,-1,3,1.4852
130462245,2,46,4,22,-1,-1,3,1.4965
133201218,2,20,2,12,-1,-1,3,3.6439
130491317,2,49,4,13,-1,-1,3,2.0521
132482240,2,48,4,22,-1,-1,4,2.3376
130462246,2,46,4,22,-1,-1,3,1.8231
131112528,2,11,4,25,-1,-1,2,2.3763
131111515,2,11,4,15,-1,-1,2,1.4897
131481202,2,48,4,12,-1,-1,2,2.0884
132442103,2,44,4,21,-1,-1,4,2.5376
130472112,2,47,4,21,-1,-1,3,1.4013
134292612,2,29,2,26,-1,-1,2,2.4081
133252101,2,25,2,21,-1,-1,3,3.7369
132112542,2,11,4,25,-1,-1,4,1.9251
130432103,2,43,4,21,-1,-1,3,1.9591
132431103,2,43,4,11,-1,-1,4,2.2126
130501614,2,50,4,16,-1,-1,3,1.4965
132501606,2,50,4,16,-1,-1,4,2.8064
133201303,2,20,2,13,-1,-1,3,3.6031
132011417,2,1,4,14,-1,-1,4,2.0876
134272317,2,27,2,23,-1,-1,2,3.8639
131452109,2,45,4,21,-1,-1,2,1.1519
132431137,2,43,4,11,-1,-1,4,1.8501
135232619,2,23,2,26,-1,-1,4,3.9689
133323314,2,32,2,33,-1,-1,3,2.8956
130501647,2,50,4,16,-1,-1,3,2.4489
132112514,2,11,4,25,-1,-1,4,1.2251
133302618,2,30,2,26,-1,-1,3,7.5691
135232605,2,23,2,26,-1,-1,4,2.5501
135161401,2,16,2,14,-1,-1,4,2.2939
133323306,2,32,2,33,-1,-1,3,2.9387
133222516,2,22,2,25,-1,-1,3,3.5237
133272304,2,27,2,23,-1,-1,3,2.3151
132112528,2,11,4,25,-1,-1,4,3.1001
131451127,2,45,4,11,-1,-1,2,1.5963
133181108,2,18,2,11,-1,-1,3,2.4172
131501646,2,50,4,16,-1,-1,2,1.4648
134262307,2,26,2,23,-1,-1,2,3.5079
133262316,2,26,2,23,-1,-1,3,2.365
130481211,2,48,4,12,-1,-1,3,1.9364
134222402,2,22,2,24,-1,-1,2,2.8661
132451123,2,45,4,11,-1,-1,4,1.2376
131492330,2,49,4,23,-1,-1,2,1.551
131432123,2,43,4,21,-1,-1,2,1.0407
132501642,2,50,4,16,-1,-1,4,2.1439
130491328,2,49,4,13,-1,-1,3,1.5373
130012435,2,1,4,24,-1,-1,3,1.5736
132112545,2,11,4,25,-1,-1,4,2.0126
132482208,2,48,4,22,-1,-1,4,3.2501
132431149,2,43,4,11,-1,-1,4,1.5314
135171507,2,17,2,15,-1,-1,4,4.1689
134161507,2,16,2,15,-1,-1,2,3.1881
130451144,2,45,4,11,-1,-1,3,2.3219
130441147,2,44,4,11,-1,-1,3,2.1519
132481231,2,48,4,12,-1,-1,4,1.7751
132012415,2,1,4,24,-1,-1,4,1.3251
132442106,2,44,4,21,-1,-1,4,2.7126
135141317,2,14,2,13,-1,-1,4,2.7064
134323215,2,32,2,32,-1,-1,2,3.4398
130471141,2,47,4,11,-1,-1,3,2.5328
135131108,2,13,2,11,-1,-1,4,3.0251
132111508,2,11,4,15,-1,-1,4,2.3814
130471119,2,47,4,11,-1,-1,3,2.1791
132012441,2,1,4,24,-1,-1,4,1.7876
134222519,2,22,2,25,-1,-1,2,3.1519
131482227,2,48,4,22,-1,-1,2,1.8049
1274225,2,42,3,-1,-1,-1,2,4.2426
134323305,2,32,2,33,-1,-1,2,3.2108
134191103,2,19,2,11,-1,-1,2,2.4149
130451142,2,45,4,11,-1,-1,3,1.5124
134262212,2,26,2,22,-1,-1,2,3.8616
132012403,2,1,4,24,-1,-1,4,2.5064
134171601,2,17,2,16,-1,-1,2,5.1385
131441141,2,44,4,11,-1,-1,2,1.7369
134343501,2,34,2,35,-1,-1,2,2.3605
134161508,2,16,2,15,-1,-1,2,3.9115
131431110,2,43,4,11,-1,-1,2,1.0203
132452149,2,45,4,21,-1,-1,4,1.5564
135181116,2,18,2,11,-1,-1,4,4.4939
130502628,2,50,4,26,-1,-1,3,1.17
135131102,2,13,2,11,-1,-1,4,5.1689
133272315,2,27,2,23,-1,-1,3,5.8299
130112531,2,11,4,25,-1,-1,3,1.7301
133141211,2,14,2,12,-1,-1,3,2.5147
1284219,2,42,3,-1,-1,-1,4,5.7689
134343505,2,34,2,35,-1,-1,2,2.7278
1264229,2,42,3,-1,-1,-1,3,5.78
135272416,2,27,2,24,-1,-1,4,2.0439
130491330,2,49,4,13,-1,-1,3,1.9115
135312106,2,31,2,21,-1,-1,4,4.0501
134201219,2,20,2,12,-1,-1,2,2.5782
130502621,2,50,4,26,-1,-1,3,1.5396
130481226,2,48,4,12,-1,-1,3,1.111
133292606,2,29,2,26,-1,-1,3,2.5373
131462204,2,46,4,22,-1,-1,2,2.5192
130112545,2,11,4,25,-1,-1,3,3.0498
135323308,2,32,2,33,-1,-1,4,2.5751
134292512,2,29,2,25,-1,-1,2,2.5147
132431135,2,43,4,11,-1,-1,4,1.6439
131112507,2,11,4,25,-1,-1,2,2.2993
132481230,2,48,4,12,-1,-1,4,2.4689
134333404,2,33,2,34,-1,-1,2,6.9002
132501628,2,50,4,16,-1,-1,4,2.3876
134262305,2,26,2,23,-1,-1,2,3.3673
135312206,2,31,2,22,-1,-1,4,3.2376
131011411,2,1,4,14,-1,-1,2,1.331
130441136,2,44,4,11,-1,-1,3,1.7664
133242117,2,24,2,21,-1,-1,3,3.2607
130461220,2,46,4,12,-1,-1,3,1.6689
135323318,2,32,2,33,-1,-1,4,2.2814
131011413,2,1,4,14,-1,-1,2,1.4466
135222410,2,22,2,24,-1,-1,4,2.4939
132482238,2,48,4,22,-1,-1,4,2.0876
133181120,2,18,2,11,-1,-1,3,4.0521
131111531,2,11,4,15,-1,-1,2,2.0906
130502607,2,50,4,26,-1,-1,3,2.424
130441148,2,44,4,11,-1,-1,3,1.4897
130112530,2,11,4,25,-1,-1,3,3.1292
131492346,2,49,4,23,-1,-1,2,1.7437
131441114,2,44,4,11,-1,-1,2,1.4262
132452137,2,45,4,21,-1,-1,4,1.5376
135151401,2,15,2,14,-1,-1,4,6.3775
132112544,2,11,4,25,-1,-1,4,2.7251
132502611,2,50,4,26,-1,-1,4,1.4939
132011408,2,1,4,14,-1,-1,4,2.4876
131012404,2,1,4,24,-1,-1,2,2.5305
131451126,2,45,4,11,-1,-1,2,1.8707
130442140,2,44,4,21,-1,-1,3,1.7528
133181110,2,18,2,11,-1,-1,3,2.9387
134131113,2,13,2,11,-1,-1,2,2.3423
131471140,2,47,4,11,-1,-1,2,2.492
133312109,2,31,2,21,-1,-1,3,2.9364
133302116,2,30,2,21,-1,-1,3,2.9387
134131214,2,13,2,12,-1,-1,2,3.4739
130462212,2,46,4,22,-1,-1,3,1.5215
132492321,2,49,4,23,-1,-1,4,1.3001
130501626,2,50,4,16,-1,-1,3,2.6462
132501610,2,50,4,16,-1,-1,4,1.8314
130441122,2,44,4,11,-1,-1,3,1.4897
133191108,2,19,2,11,-1,-1,3,2.0249
133171609,2,17,2,16,-1,-1,3,3.0135
1274232,2,42,3,-1,-1,-1,2,4.3922
133292503,2,29,2,25,-1,-1,3,2.6847
132112508,2,11,4,25,-1,-1,4,2.6876
135181115,2,18,2,11,-1,-1,4,3.1126
131492328,2,49,4,23,-1,-1,2,1.2516
132111531,2,11,4,15,-1,-1,4,2.8814
134211414,2,21,2,14,-1,-1,2,2.492
130501630,2,50,4,16,-1,-1,3,2.5578
132482218,2,48,4,22,-1,-1,4,2.3064
130451149,2,45,4,11,-1,-1,3,1.6167
131432113,2,43,4,21,-1,-1,2,1.3786
130472133,2,47,4,21,-1,-1,3,1.6371
131441133,2,44,4,11,-1,-1,2,1.5963
132461226,2,46,4,12,-1,-1,4,2.5314
130452140,2,45,4,21,-1,-1,3,1.5373
133171607,2,17,2,16,-1,-1,3,4.2766
131461211,2,46,4,12,-1,-1,2,1.2993
134211305,2,21,2,13,-1,-1,2,3.7097
131501606,2,50,4,16,-1,-1,2,1.6439
135131101,2,13,2,11,-1,-1,4,4.5314
133312202,2,31,2,22,-1,-1,3,3.4534
135242609,2,24,2,26,-1,-1,4,2.7939
135252102,2,25,2,21,-1,-1,4,4.6001
130482216,2,48,4,22,-1,-1,3,1.1904
131481211,2,48,4,12,-1,-1,2,2.5646
135171617,2,17,2,16,-1,-1,4,3.0439
130451117,2,45,4,11,-1,-1,3,1.8525
135272303,2,27,2,23,-1,-1,4,2.9876
132012402,2,1,4,24,-1,-1,4,2.1751
130502603,2,50,4,26,-1,-1,3,2.4081
130491323,2,49,4,13,-1,-1,3,1.1949
134343605,2,34,2,36,-1,-1,2,3.7709
130472109,2,47,4,21,-1,-1,3,1.5872
134282402,2,28,2,24,-1,-1,2,4.6893
132501645,2,50,4,16,-1,-1,4,2.4751
135201202,2,20,2,12,-1,-1,4,3.4564
131431108,2,43,4,11,-1,-1,2,2.0476
130471126,2,47,4,11,-1,-1,3,1.4466
135252111,2,25,2,21,-1,-1,4,3.0876
133222509,2,22,2,25,-1,-1,3,3.5351
131442110,2,44,4,21,-1,-1,2,2.3832
133312117,2,31,2,21,-1,-1,3,3.6099
132012421,2,1,4,24,-1,-1,4,1.5689
135211403,2,21,2,14,-1,-1,4,3.7439
135312116,2,31,2,21,-1,-1,4,2.7876
133343513,2,34,2,35,-1,-1,3,3.102
132472109,2,47,4,21,-1,-1,4,1.5564
131112524,2,11,4,25,-1,-1,2,2.1133
132501649,2,50,4,16,-1,-1,4,1.9501
130451124,2,45,4,11,-1,-1,3,1.4466
133131116,2,13,2,11,-1,-1,3,3.5237
130431117,2,43,4,11,-1,-1,3,1.2335
132441111,2,44,4,11,-1,-1,4,1.4501
134302118,2,30,2,21,-1,-1,2,3.3877
135242107,2,24,2,21,-1,-1,4,2.2439
135282510,2,28,2,25,-1,-1,4,2.0876
133171504,2,17,2,15,-1,-1,3,3.8593
133201210,2,20,2,12,-1,-1,3,3.4489
133211411,2,21,2,14,-1,-1,3,3.1768
130472111,2,47,4,21,-1,-1,3,1.6462
130502622,2,50,4,26,-1,-1,3,1.687
135282421,2,28,2,24,-1,-1,4,2.5126
131452138,2,45,4,21,-1,-1,2,1.6258
132451140,2,45,4,11,-1,-1,4,1.6376
132452101,2,45,4,21,-1,-1,4,2.1626
133141214,2,14,2,12,-1,-1,3,2.7686
130441133,2,44,4,11,-1,-1,3,1.9591
131491345,2,49,4,13,-1,-1,2,2.9342
131012438,2,1,4,24,-1,-1,2,1.7165
134242614,2,24,2,26,-1,-1,2,2.9659
130111508,2,11,4,15,-1,-1,3,2.4376
134272312,2,27,2,23,-1,-1,2,2.2154
1264206,2,42,3,-1,-1,-1,3,3.8593
131432129,2,43,4,21,-1,-1,2,1.297
132472116,2,47,4,21,-1,-1,4,1.5314
130491322,2,49,4,13,-1,-1,3,1.3469
135292612,2,29,2,26,-1,-1,4,2.4064
133272410,2,27,2,24,-1,-1,3,3.0045
135131119,2,13,2,11,-1,-1,4,2.6626
133252119,2,25,2,21,-1,-1,3,3.238
132111527,2,11,4,15,-1,-1,4,3.1564
130111535,2,11,4,15,-1,-1,3,3.3809
132441142,2,44,4,11,-1,-1,4,1.7439
135151316,2,15,2,13,-1,-1,4,2.0626
133171519,2,17,2,15,-1,-1,3,2.7278
135232602,2,23,2,26,-1,-1,4,3.6564
134282516,2,28,2,25,-1,-1,2,2.7913
134141204,2,14,2,12,-1,-1,2,3.6439
133151402,2,15,2,14,-1,-1,3,2.0362
135171519,2,17,2,15,-1,-1,4,2.7314
133232621,2,23,2,26,-1,-1,3,3.2176
135262318,2,26,2,23,-1,-1,4,3.1314
134191219,2,19,2,12,-1,-1,2,2.5623
131492329,2,49,4,23,-1,-1,2,1.2154
133262311,2,26,2,23,-1,-1,3,3.4104
132461207,2,46,4,12,-1,-1,4,2.3689
132472130,2,47,4,21,-1,-1,4,1.5626
130461223,2,46,4,12,-1,-1,3,1.0702
133232519,2,23,2,25,-1,-1,3,4.4466
134141320,2,14,2,13,-1,-1,2,2.4081
130471121,2,47,4,11,-1,-1,3,1.6802
132491313,2,49,4,13,-1,-1,4,1.2564
1274220,2,42,3,-1,-1,-1,2,4.2017
130012419,2,1,4,24,-1,-1,3,1.848
131482224,2,48,4,22,-1,-1,2,1.3627
131461239,2,46,4,12,-1,-1,2,1.5804
134312213,2,31,2,22,-1,-1,2,4.0135
132461235,2,46,4,12,-1,-1,4,1.1751
134232503,2,23,2,25,-1,-1,2,3.068
130432109,2,43,4,21,-1,-1,3,2.712
133252216,2,25,2,22,-1,-1,3,3.2834
131011404,2,1,4,14,-1,-1,2,2.78
133252220,2,25,2,22,-1,-1,3,2.9002
130011437,2,1,4,14,-1,-1,3,1.6439
130461214,2,46,4,12,-1,-1,3,1.297
133312207,2,31,2,22,-1,-1,3,4.3854
131112501,2,11,4,25,-1,-1,2,2.0544
130452121,2,45,4,21,-1,-1,3,1.6802
134323209,2,32,2,32,-1,-1,2,2.5373
131471104,2,47,4,11,-1,-1,2,3.5986
134302603,2,30,2,26,-1,-1,2,2.3469
130431112,2,43,4,11,-1,-1,3,1.3832
131431125,2,43,4,11,-1,-1,2,0.8707
133201316,2,20,2,13,-1,-1,3,3.1745
132452112,2,45,4,21,-1,-1,4,1.5626
131462229,2,46,4,22,-1,-1,2,2.0226
135141319,2,14,2,13,-1,-1,4,2.9001
130431116,2,43,4,11,-1,-1,3,1.2993
1264214,2,42,3,-1,-1,-1,3,4.9274
134191105,2,19,2,11,-1,-1,2,2.5918
131012426,2,1,4,24,-1,-1,2,1.8095
131441134,2,44,4,11,-1,-1,2,1.7664
135211402,2,21,2,14,-1,-1,4,3.2064
135161419,2,16,2,14,-1,-1,4,2.4939
133171506,2,17,2,15,-1,-1,3,6.5237
133333406,2,33,2,34,-1,-1,3,3.111
131482217,2,48,4,22,-1,-1,2,2.3877
135232610,2,23,2,26,-1,-1,4,3.4064
130442135,2,44,4,21,-1,-1,3,1.746
1274227,2,42,3,-1,-1,-1,2,3.9863
133292601,2,29,2,26,-1,-1,3,2.8829
130442148,2,44,4,21,-1,-1,3,1.272
134171610,2,17,2,16,-1,-1,2,3.8389
131431104,2,43,4,11,-1,-1,2,1.0294
134333401,2,33,2,34,-1,-1,2,6.2729
132461244,2,46,4,12,-1,-1,4,1.5564
132471101,2,47,4,11,-1,-1,4,2.6251
133232503,2,23,2,25,-1,-1,3,3.068
132442149,2,44,4,21,-1,-1,4,1.5564
132462206,2,46,4,22,-1,-1,4,2.4564
133161415,2,16,2,14,-1,-1,3,3.0045
130471133,2,47,4,11,-1,-1,3,1.8639
131452135,2,45,4,21,-1,-1,2,1.6303
131462222,2,46,4,22,-1,-1,2,1.0612
132011437,2,1,4,14,-1,-1,4,1.6501
132482227,2,48,4,22,-1,-1,4,2.2126
132111506,2,11,4,15,-1,-1,4,2.2751
134222414,2,22,2,24,-1,-1,2,3.0249
134211303,2,21,2,13,-1,-1,2,2.3242
131451125,2,45,4,11,-1,-1,2,1.2856
135292615,2,29,2,26,-1,-1,4,3.3876
134131204,2,13,2,12,-1,-1,2,3.4398
135211301,2,21,2,13,-1,-1,4,3.1876
133343601,2,34,2,36,-1,-1,3,3.7083
135343505,2,34,2,35,-1,-1,4,2.7251
130431118,2,43,4,11,-1,-1,3,2.2993
131471128,2,47,4,11,-1,-1,2,1.6394
131431126,2,43,4,11,-1,-1,2,0.9138
133191115,2,19,2,11,-1,-1,3,2.1088
133151311,2,15,2,13,-1,-1,3,2.1315
135312218,2,31,2,22,-1,-1,4,3.4939
131471148,2,47,4,11,-1,-1,2,1.4194
131501631,2,50,4,16,-1,-1,2,2.6757
131472150,2,47,4,21,-1,-1,2,1.4421
135201204,2,20,2,12,-1,-1,4,3.0064
133312105,2,31,2,21,-1,-1,3,2.9637
130502640,2,50,4,26,-1,-1,3,2.0045
130432108,2,43,4,21,-1,-1,3,2.2879
133343506,2,34,2,35,-1,-1,3,2.6802
1274235,2,42,3,-1,-1,-1,2,3.8798
1264224,2,42,3,-1,-1,-1,3,3.1315
133302117,2,30,2,21,-1,-1,3,3.6462
130012430,2,1,4,24,-1,-1,3,1.653
131431150,2,43,4,11,-1,-1,2,1.4875
1264228,2,42,3,-1,-1,-1,3,3.9863
132451139,2,45,4,11,-1,-1,4,1.4939
135323305,2,32,2,33,-1,-1,4,3.2189
131452106,2,45,4,21,-1,-1,2,2.5305
135282407,2,28,2,24,-1,-1,4,2.2626
131452134,2,45,4,21,-1,-1,2,1.8843
135252212,2,25,2,22,-1,-1,4,3.5626
131442126,2,44,4,21,-1,-1,2,1.8095
133242611,2,24,2,26,-1,-1,3,3.0476
133343613,2,34,2,36,-1,-1,3,3.8593
1274230,2,42,3,-1,-1,-1,2,5.1813
134232514,2,23,2,25,-1,-1,2,3.4308
131472142,2,47,4,21,-1,-1,2,1.7936
132441106,2,44,4,11,-1,-1,4,2.7751
133262302,2,26,2,23,-1,-1,3,3.2607
133211304,2,21,2,13,-1,-1,3,2.4943
130441112,2,44,4,11,-1,-1,3,1.4466
134292519,2,29,2,25,-1,-1,2,2.5351
131452137,2,45,4,21,-1,-1,2,1.4965
133131207,2,13,2,12,-1,-1,3,3.1541
133242121,2,24,2,21,-1,-1,3,3.78
133272302,2,27,2,23,-1,-1,3,2.9251
134323301,2,32,2,33,-1,-1,2,3.6539
134191119,2,19,2,11,-1,-1,2,2.1745
135181119,2,18,2,11,-1,-1,4,4.3314
135151314,2,15,2,13,-1,-1,4,2.8376
134151307,2,15,2,13,-1,-1,2,2.7301
134191116,2,19,2,11,-1,-1,2,2.7142
131431129,2,43,4,11,-1,-1,2,1.1927
130482210,2,48,4,22,-1,-1,3,1.5124
132461205,2,46,4,12,-1,-1,4,2.3814
130441113,2,44,4,11,-1,-1,3,1.5237
133171604,2,17,2,16,-1,-1,3,2.4512
131431137,2,43,4,11,-1,-1,2,1.263
131501638,2,50,4,16,-1,-1,2,1.9863
130432147,2,43,4,21,-1,-1,3,1.2924
135191217,2,19,2,12,-1,-1,4,2.1064
130112548,2,11,4,25,-1,-1,3,0.9886
133282507,2,28,2,25,-1,-1,3,2.2085
131452111,2,45,4,21,-1,-1,2,1.5804
135131113,2,13,2,11,-1,-1,4,2.3626
132502648,2,50,4,26,-1,-1,4,1.3314
130491326,2,49,4,13,-1,-1,3,2.3401
135232616,2,23,2,26,-1,-1,4,4.7751
130452149,2,45,4,21,-1,-1,3,1.6258
133232509,2,23,2,25,-1,-1,3,3.4829
135282503,2,28,2,25,-1,-1,4,3.6689
135343507,2,34,2,35,-1,-1,4,2.3814
134171616,2,17,2,16,-1,-1,2,2.6621
133262205,2,26,2,22,-1,-1,3,3.111
130452135,2,45,4,21,-1,-1,3,1.6417
135272418,2,27,2,24,-1,-1,4,2.5439
130011442,2,1,4,14,-1,-1,3,1.4512
130472128,2,47,4,21,-1,-1,3,1.4013
131451103,2,45,4,11,-1,-1,2,3.1451
131432139,2,43,4,21,-1,-1,2,1.0453
130501640,2,50,4,16,-1,-1,3,1.8571
134151303,2,15,2,13,-1,-1,2,1.9795
133272307,2,27,2,23,-1,-1,3,2.78
130011411,2,1,4,14,-1,-1,3,1.4081
135292508,2,29,2,25,-1,-1,4,3.0689
134302601,2,30,2,26,-1,-1,2,4.9342
130441110,2,44,4,11,-1,-1,3,2.6212
132012408,2,1,4,24,-1,-1,4,2.3939
130472146,2,47,4,21,-1,-1,3,2.628
133282414,2,28,2,24,-1,-1,3,0.7528
135282415,2,28,2,24,-1,-1,4,3.1376
131491312,2,49,4,13,-1,-1,2,1.5759
133191106,2,19,2,11,-1,-1,3,3.8299
134302101,2,30,2,21,-1,-1,2,4.6539
131431114,2,43,4,11,-1,-1,2,1.4058
131111506,2,11,4,15,-1,-1,2,3.1269
135282502,2,28,2,25,-1,-1,4,4.5439
130471143,2,47,4,11,-1,-1,3,1.6825
134252216,2,25,2,22,-1,-1,2,3.2811
130432120,2,43,4,21,-1,-1,3,1.1859
130502646,2,50,4,26,-1,-1,3,2.0476
135201316,2,20,2,13,-1,-1,4,2.8564
131501616,2,50,4,16,-1,-1,2,1.7369
130112551,2,11,4,25,-1,-1,3,1.6893
134161502,2,16,2,15,-1,-1,2,2.1178
132462247,2,46,4,22,-1,-1,4,0.5939
131471110,2,47,4,11,-1,-1,2,1.8117
132472119,2,47,4,21,-1,-1,4,0.9251
130451112,2,45,4,11,-1,-1,3,1.6598
130491347,2,49,4,13,-1,-1,3,1.5759
132111522,2,11,4,15,-1,-1,4,1.6126
131112551,2,11,4,25,-1,-1,2,1.6462
131011441,2,1,4,14,-1,-1,2,1.5305
133211317,2,21,2,13,-1,-1,3,3.4081
131462206,2,46,4,22,-1,-1,2,1.2199
132472127,2,47,4,21,-1,-1,4,1.4251
133333414,2,33,2,34,-1,-1,3,3.6008
132462231,2,46,4,22,-1,-1,4,2.0439
131501625,2,50,4,16,-1,-1,2,1.2131
134222511,2,22,2,25,-1,-1,2,3.0045
134232502,2,23,2,25,-1,-1,2,3.755
135131120,2,13,2,11,-1,-1,4,3.0876
134201208,2,20,2,12,-1,-1,2,3.263
135222416,2,22,2,24,-1,-1,4,3.3939
135252112,2,25,2,21,-1,-1,4,4.0939
135211419,2,21,2,14,-1,-1,4,2.8126
132472131,2,47,4,21,-1,-1,4,1.6439
134201310,2,20,2,13,-1,-1,2,2.0339
132451125,2,45,4,11,-1,-1,4,1.2814
133282504,2,28,2,25,-1,-1,3,2.6689
135211302,2,21,2,13,-1,-1,4,3.8751
133302113,2,30,2,21,-1,-1,3,3.0045
134272318,2,27,2,23,-1,-1,2,2.8525
134292608,2,29,2,26,-1,-1,2,2.2358
131492309,2,49,4,23,-1,-1,2,1.5782
135252114,2,25,2,21,-1,-1,4,2.8501
133323215,2,32,2,32,-1,-1,3,3.433
130491333,2,49,4,13,-1,-1,3,1.7097
134272302,2,27,2,23,-1,-1,2,2.9183
133292519,2,29,2,25,-1,-1,3,2.5351
134292610,2,29,2,26,-1,-1,2,2.2358
132501632,2,50,4,16,-1,-1,4,1.8814
130462243,2,46,4,22,-1,-1,3,1.5056
132451146,2,45,4,11,-1,-1,4,1.3439
134252101,2,25,2,21,-1,-1,2,3.7051
133191212,2,19,2,12,-1,-1,3,2.0226
131501644,2,50,4,16,-1,-1,2,3.0022
135323306,2,32,2,33,-1,-1,4,2.9376
1264209,2,42,3,-1,-1,-1,3,4.6485
134141216,2,14,2,12,-1,-1,2,2.7936
135151408,2,15,2,14,-1,-1,4,2.5314
132011414,2,1,4,14,-1,-1,4,1.2064
131502642,2,50,4,26,-1,-1,2,1.78
130481245,2,48,4,12,-1,-1,3,2.5782
133262210,2,26,2,22,-1,-1,3,3.4534
134222417,2,22,2,24,-1,-1,2,3.068
132481207,2,48,4,12,-1,-1,4,2.7626
132451109,2,45,4,11,-1,-1,4,1.5376
131012416,2,1,4,24,-1,-1,2,1.8503
132112501,2,11,4,25,-1,-1,4,2.0751
134211420,2,21,2,14,-1,-1,2,3.3673
132112503,2,11,4,25,-1,-1,4,2.0314
134242108,2,24,2,21,-1,-1,2,2.7913
131491317,2,49,4,13,-1,-1,2,2.0226
134232606,2,23,2,26,-1,-1,2,3.0906
130492338,2,49,4,23,-1,-1,3,2.1632
132012409,2,1,4,24,-1,-1,4,1.5814
133302613,2,30,2,26,-1,-1,3,2.9274
133141311,2,14,2,13,-1,-1,3,2.2811
134171507,2,17,2,15,-1,-1,2,4.1768
135262320,2,26,2,23,-1,-1,4,2.7689
130461207,2,46,4,12,-1,-1,3,2.3854
134151418,2,15,2,14,-1,-1,2,2.7051
131502627,2,50,4,26,-1,-1,2,1.17
132461236,2,46,4,12,-1,-1,4,0.9939
132011442,2,1,4,14,-1,-1,4,1.4501
134302619,2,30,2,26,-1,-1,2,3.9614
133151320,2,15,2,13,-1,-1,3,1.8911
130461203,2,46,4,12,-1,-1,3,1.8389
134292510,2,29,2,25,-1,-1,2,2.9818
135272406,2,27,2,24,-1,-1,4,3.1001
135292603,2,29,2,26,-1,-1,4,2.7501
131112525,2,11,4,25,-1,-1,2,2.1587
132111517,2,11,4,15,-1,-1,4,2.1064
130481223,2,48,4,12,-1,-1,3,1.6258
130482209,2,48,4,22,-1,-1,3,3.3287
132432130,2,43,4,21,-1,-1,4,1.4751
131442131,2,44,4,21,-1,-1,2,0.5419
131481235,2,48,4,12,-1,-1,2,1.3627
131492344,2,49,4,23,-1,-1,2,1.7029
133201211,2,20,2,12,-1,-1,3,2.4512
134191106,2,19,2,11,-1,-1,2,3.8344
130431136,2,43,4,11,-1,-1,3,1.2562
133302615,2,30,2,26,-1,-1,3,2.9841
133302109,2,30,2,21,-1,-1,3,3.1745
133211412,2,21,2,14,-1,-1,3,2.1609
135191110,2,19,2,11,-1,-1,4,2.6001
134141317,2,14,2,13,-1,-1,2,2.7051
130502637,2,50,4,26,-1,-1,3,1.4671
131461222,2,46,4,12,-1,-1,2,2.5373
133201317,2,20,2,13,-1,-1,3,2.2154
135312103,2,31,2,21,-1,-1,4,4.2876
130471140,2,47,4,11,-1,-1,3,1.6394
135302120,2,30,2,21,-1,-1,4,4.5189
135302619,2,30,2,26,-1,-1,4,3.9439
134232609,2,23,2,26,-1,-1,2,2.8321
135312219,2,31,2,22,-1,-1,4,3.8376
130481221,2,48,4,12,-1,-1,3,2.433
131012430,2,1,4,24,-1,-1,2,2.0952
134272308,2,27,2,23,-1,-1,2,2.7392
135171521,2,17,2,15,-1,-1,4,2.9376
134323311,2,32,2,33,-1,-1,2,2.4716
132462228,2,46,4,22,-1,-1,4,1.7001
133292520,2,29,2,25,-1,-1,3,3.0045
132112537,2,11,4,25,-1,-1,4,1.9876
131111540,2,11,4,15,-1,-1,2,1.2516
134211309,2,21,2,13,-1,-1,2,4.1995
131011444,2,1,4,14,-1,-1,2,1.4489
130491349,2,49,4,13,-1,-1,3,2.4512
135343501,2,34,2,35,-1,-1,4,2.3564
135272415,2,27,2,24,-1,-1,4,2.7126
132462229,2,46,4,22,-1,-1,4,1.3626
132471108,2,47,4,11,-1,-1,4,2.9626
134272307,2,27,2,23,-1,-1,2,2.78
132461215,2,46,4,12,-1,-1,4,0.9189
131471136,2,47,4,11,-1,-1,2,1.3401
131482207,2,48,4,22,-1,-1,2,2.5782
133201219,2,20,2,12,-1,-1,3,2.5872
135201311,2,20,2,13,-1,-1,4,2.0251
132432115,2,43,4,21,-1,-1,4,0.9314
132012424,2,1,4,24,-1,-1,4,1.5314
134333116,2,33,2,31,-1,-1,2,2.365
132461209,2,46,4,12,-1,-1,4,1.6189
131462210,2,46,4,22,-1,-1,2,1.5101
132492319,2,49,4,23,-1,-1,4,1.4001
130461221,2,46,4,12,-1,-1,3,1.4693
135131208,2,13,2,12,-1,-1,4,2.5751
135323319,2,32,2,33,-1,-1,4,3.1751
131472145,2,47,4,21,-1,-1,2,2.0271
132502610,2,50,4,26,-1,-1,4,2.7751
134252203,2,25,2,22,-1,-1,2,3.9432
130502644,2,50,4,26,-1,-1,3,2.0702
132432140,2,43,4,21,-1,-1,4,1.3251
134201317,2,20,2,13,-1,-1,2,2.2154
134302116,2,30,2,21,-1,-1,2,2.941
131111538,2,11,4,15,-1,-1,2,3.3718
132012449,2,1,4,24,-1,-1,4,3.7376
135272307,2,27,2,23,-1,-1,4,2.7689
133323206,2,32,2,32,-1,-1,3,3.7822
130481242,2,48,4,12,-1,-1,3,2.1088
131502639,2,50,4,26,-1,-1,2,2.0022
135211416,2,21,2,14,-1,-1,4,3.1314
131461242,2,46,4,12,-1,-1,2,1.1564
133242620,2,24,2,26,-1,-1,3,3.5169
135323217,2,32,2,32,-1,-1,4,4.1626
135252213,2,25,2,22,-1,-1,4,3.4501
132502632,2,50,4,26,-1,-1,4,1.4126
131012409,2,1,4,24,-1,-1,2,1.0589
131111519,2,11,4,15,-1,-1,2,0.5646
134151313,2,15,2,13,-1,-1,2,2.365
130472117,2,47,4,21,-1,-1,3,2.0861
131502623,2,50,4,26,-1,-1,2,1.2993
132452139,2,45,4,21,-1,-1,4,1.6439
131482237,2,48,4,22,-1,-1,2,2.1246
132502608,2,50,4,26,-1,-1,4,2.4439
133211406,2,21,2,14,-1,-1,3,2.6847
130432146,2,43,4,21,-1,-1,3,2.1178
130011447,2,1,4,14,-1,-1,3,0.882
130432112,2,43,4,21,-1,-1,3,2.0407
134151409,2,15,2,14,-1,-1,2,1.8639
134302112,2,30,2,21,-1,-1,2,2.95
132501616,2,50,4,16,-1,-1,4,2.0814
132461212,2,46,4,12,-1,-1,4,1.3001
131492336,2,49,4,23,-1,-1,2,1.8707
135272410,2,27,2,24,-1,-1,4,3.0001
135161415,2,16,2,14,-1,-1,4,2.9814
133181607,2,18,2,16,-1,-1,3,5.1655
135232505,2,23,2,25,-1,-1,4,3.5376
131491328,2,49,4,13,-1,-1,2,1.5305
130492313,2,49,4,23,-1,-1,3,1.7845
134131121,2,13,2,11,-1,-1,2,2.9591
131451129,2,45,4,11,-1,-1,2,0.9999
134323315,2,32,2,33,-1,-1,2,2.9047
130501602,2,50,4,16,-1,-1,3,1.975
133333419,2,33,2,34,-1,-1,3,3.8321
135333109,2,33,2,31,-1,-1,4,2.9626
134262309,2,26,2,23,-1,-1,2,2.9364
130492309,2,49,4,23,-1,-1,3,1.2947
134191115,2,19,2,11,-1,-1,2,2.1292
132442119,2,44,4,21,-1,-1,4,1.2314
134302113,2,30,2,21,-1,-1,2,3.0022
134343513,2,34,2,35,-1,-1,2,3.111
131441130,2,44,4,11,-1,-1,2,1.9024
133242108,2,24,2,21,-1,-1,3,2.7868
130431115,2,43,4,11,-1,-1,3,1.4126
133252202,2,25,2,22,-1,-1,3,3.1473
133292619,2,29,2,26,-1,-1,3,5.0748
135242605,2,24,2,26,-1,-1,4,2.1126
130492314,2,49,4,23,-1,-1,3,1.2993
132442115,2,44,4,21,-1,-1,4,1.1939
132492312,2,49,4,23,-1,-1,4,1.7876
131431134,2,43,4,11,-1,-1,2,1.3718
133161412,2,16,2,14,-1,-1,3,3.3673
135262212,2,26,2,22,-1,-1,4,3.8314
134282415,2,28,2,24,-1,-1,2,3.1224
132462220,2,46,4,22,-1,-1,4,1.1751
133222409,2,22,2,24,-1,-1,3,3.3718
131462205,2,46,4,22,-1,-1,2,2.2924
132501643,2,50,4,16,-1,-1,4,2.6751
133191218,2,19,2,12,-1,-1,3,3.009
135201317,2,20,2,13,-1,-1,4,3.1751
131471141,2,47,4,11,-1,-1,2,1.0589
134191209,2,19,2,12,-1,-1,2,2.3197
134191118,2,19,2,11,-1,-1,2,4.399
135181611,2,18,2,16,-1,-1,4,3.8189
135343520,2,34,2,35,-1,-1,4,3.3064
130442138,2,44,4,21,-1,-1,3,1.3514
133222416,2,22,2,24,-1,-1,3,3.4081
132112529,2,11,4,25,-1,-1,4,1.7251
130432113,2,43,4,21,-1,-1,3,1.4262
131111543,2,11,4,15,-1,-1,2,1.6507
135181604,2,18,2,16,-1,-1,4,4.4126
135201218,2,20,2,12,-1,-1,4,3.6439
132481242,2,48,4,12,-1,-1,4,2.5876
135333105,2,33,2,31,-1,-1,4,3.4751
130112515,2,11,4,25,-1,-1,3,1.2494
134232516,2,23,2,25,-1,-1,2,3.433
134211313,2,21,2,13,-1,-1,2,2.8049
130462203,2,46,4,22,-1,-1,3,0.941
131451149,2,45,4,11,-1,-1,2,1.6598
131481237,2,48,4,12,-1,-1,2,1.8435
135302607,2,30,2,26,-1,-1,4,3.6689
131481208,2,48,4,12,-1,-1,2,2.6144
135242110,2,24,2,21,-1,-1,4,3.8564
130472134,2,47,4,21,-1,-1,3,1.7573
134201303,2,20,2,13,-1,-1,2,3.6008
130012438,2,1,4,24,-1,-1,3,1.7324
134201209,2,20,2,12,-1,-1,2,4.3469
130502631,2,50,4,26,-1,-1,3,2.0634
132481212,2,48,4,12,-1,-1,4,1.8001
132012404,2,1,4,24,-1,-1,4,2.6126
132442107,2,44,4,21,-1,-1,4,2.5689
131442150,2,44,4,21,-1,-1,2,1.4489
131441123,2,44,4,11,-1,-1,2,1.4693
133201311,2,20,2,13,-1,-1,3,2.5147
133323309,2,32,2,33,-1,-1,3,3.2788
131501620,2,50,4,16,-1,-1,2,1.6303
133222503,2,22,2,25,-1,-1,3,5.0294
135222403,2,22,2,24,-1,-1,4,2.7876
133191215,2,19,2,12,-1,-1,3,2.1496
130471111,2,47,4,11,-1,-1,3,1.8095
135272306,2,27,2,23,-1,-1,4,3.4689
133343616,2,34,2,36,-1,-1,3,2.1836
135141216,2,14,2,12,-1,-1,4,2.8189
133222510,2,22,2,25,-1,-1,3,3.8253
135161505,2,16,2,15,-1,-1,4,2.8939
135333419,2,33,2,34,-1,-1,4,3.8189
134312104,2,31,2,21,-1,-1,2,3.9002
132471137,2,47,4,11,-1,-1,4,1.9376
133343606,2,34,2,36,-1,-1,3,3.6371
130011422,2,1,4,14,-1,-1,3,1.3401
130481232,2,48,4,12,-1,-1,3,2.4761
135312207,2,31,2,22,-1,-1,4,4.3939
135201302,2,20,2,13,-1,-1,4,0.7564
134323206,2,32,2,32,-1,-1,2,3.7732
130012404,2,1,4,24,-1,-1,3,2.5305
132451135,2,45,4,11,-1,-1,4,1.5501
131481224,2,48,4,12,-1,-1,2,1.0884
132472110,2,47,4,21,-1,-1,4,1.4376
134131207,2,13,2,12,-1,-1,2,3.1541
130451137,2,45,4,11,-1,-1,3,1.6394
134252107,2,25,2,21,-1,-1,2,2.9183
135161406,2,16,2,14,-1,-1,4,2.6626
132471135,2,47,4,11,-1,-1,4,1.6626
130502609,2,50,4,26,-1,-1,3,2.4149
132491347,2,49,4,13,-1,-1,4,1.5689
130452143,2,45,4,21,-1,-1,3,1.6076
133171602,2,17,2,16,-1,-1,3,4.5283
133292613,2,29,2,26,-1,-1,3,2.7686
135201207,2,20,2,12,-1,-1,4,4.1126
131441110,2,44,4,11,-1,-1,2,1.4466
133181606,2,18,2,16,-1,-1,3,5.2675
131481245,2,48,4,12,-1,-1,2,1.5532
132471103,2,47,4,11,-1,-1,4,2.7751
133131218,2,13,2,12,-1,-1,3,3.5169
135151312,2,15,2,13,-1,-1,4,1.8939
134292518,2,29,2,25,-1,-1,2,2.4285
132432114,2,43,4,21,-1,-1,4,1.2814
135191109,2,19,2,11,-1,-1,4,2.0876
135333415,2,33,2,34,-1,-1,4,2.9189
133343519,2,34,2,35,-1,-1,3,2.7981
130431102,2,43,4,11,-1,-1,3,1.8775
132491323,2,49,4,13,-1,-1,4,1.1939
131472111,2,47,4,21,-1,-1,2,1.5986
133333102,2,33,2,31,-1,-1,3,2.8027
132451142,2,45,4,11,-1,-1,4,1.5126
133232616,2,23,2,26,-1,-1,3,4.7754
133312116,2,31,2,21,-1,-1,3,2.789
134151412,2,15,2,14,-1,-1,2,3.1337
134323207,2,32,2,32,-1,-1,2,2.9841
130451102,2,45,4,11,-1,-1,3,2.8979
131112544,2,11,4,25,-1,-1,2,2.1995
130501611,2,50,4,16,-1,-1,3,1.9387
130481229,2,48,4,12,-1,-1,3,1.7618
134343502,2,34,2,35,-1,-1,2,2.9909
135282509,2,28,2,25,-1,-1,4,2.2564
134343618,2,34,2,36,-1,-1,2,3.3673
133242610,2,24,2,26,-1,-1,3,3.0906
130491329,2,49,4,13,-1,-1,3,1.5124
132501624,2,50,4,16,-1,-1,4,1.2564
134252204,2,25,2,22,-1,-1,2,2.3423
133201310,2,20,2,13,-1,-1,3,2.0544
133323317,2,32,2,33,-1,-1,3,2.6734
130112547,2,11,4,25,-1,-1,3,1.6575
133323218,2,32,2,32,-1,-1,3,3.39
131442143,2,44,4,21,-1,-1,2,1.8843
134302110,2,30,2,21,-1,-1,2,3.5147
134171607,2,17,2,16,-1,-1,2,4.2834
131111525,2,11,4,15,-1,-1,2,1.6099
130111533,2,11,4,15,-1,-1,3,1.3287
132431107,2,43,4,11,-1,-1,4,2.6189
132502623,2,50,4,26,-1,-1,4,1.3251
131011421,2,1,4,14,-1,-1,2,1.4512
131011405,2,1,4,14,-1,-1,2,2.2358
132432116,2,43,4,21,-1,-1,4,1.2564
130451110,2,45,4,11,-1,-1,3,1.4897
133232612,2,23,2,26,-1,-1,3,2.941
134141207,2,14,2,12,-1,-1,2,3.5827
134211301,2,21,2,13,-1,-1,2,3.1246
133161416,2,16,2,14,-1,-1,3,2.5782
135201303,2,20,2,13,-1,-1,4,1.1564
135242612,2,24,2,26,-1,-1,4,4.8626
134312207,2,31,2,22,-1,-1,2,4.39
132112509,2,11,4,25,-1,-1,4,1.7439
132501612,2,50,4,16,-1,-1,4,1.6564
134333414,2,33,2,34,-1,-1,2,3.6054
131481210,2,48,4,12,-1,-1,2,1.9387
131442122,2,44,4,21,-1,-1,2,1.2879
132472134,2,47,4,21,-1,-1,4,1.4314
133333120,2,33,2,31,-1,-1,3,2.365
130481235,2,48,4,12,-1,-1,3,2.2924
134323302,2,32,2,33,-1,-1,2,2.2993
134302115,2,30,2,21,-1,-1,2,3.5192
134181112,2,18,2,11,-1,-1,2,3.0612
133343608,2,34,2,36,-1,-1,3,2.8344
135252113,2,25,2,21,-1,-1,4,3.6251
131501621,2,50,4,16,-1,-1,2,1.7188
131482234,2,48,4,22,-1,-1,2,2.1156
133161401,2,16,2,14,-1,-1,3,2.3129
130461246,2,46,4,12,-1,-1,3,1.5532
132442105,2,44,4,21,-1,-1,4,2.5814
134191210,2,19,2,12,-1,-1,2,3.5215
134161405,2,16,2,14,-1,-1,2,2.5487
135222508,2,22,2,25,-1,-1,4,2.7689
131471119,2,47,4,11,-1,-1,2,1.4013
132441129,2,44,4,11,-1,-1,4,1.6814
130491332,2,49,4,13,-1,-1,3,1.5147
132472126,2,47,4,21,-1,-1,4,1.5564
1284203,2,42,3,-1,-1,-1,4,5.4314
132441134,2,44,4,11,-1,-1,4,1.6189
135151420,2,15,2,14,-1,-1,4,2.4939
132461241,2,46,4,12,-1,-1,4,1.4126
130452148,2,45,4,21,-1,-1,3,1.526
135201312,2,20,2,13,-1,-1,4,2.5126
135151309,2,15,2,13,-1,-1,4,2.1564
135323307,2,32,2,33,-1,-1,4,2.5189
131112550,2,11,4,25,-1,-1,2,1.0929
132501603,2,50,4,16,-1,-1,4,2.3251
133252118,2,25,2,21,-1,-1,3,3.4217
132442138,2,44,4,21,-1,-1,4,1.7751
133141313,2,14,2,13,-1,-1,3,3.043
131462234,2,46,4,22,-1,-1,2,1.746
130461231,2,46,4,12,-1,-1,3,1.1813
130431119,2,43,4,11,-1,-1,3,2.2154
132112535,2,11,4,25,-1,-1,4,2.2501
132492301,2,49,4,23,-1,-1,4,2.0876
132452107,2,45,4,21,-1,-1,4,2.3689
135333406,2,33,2,34,-1,-1,4,3.1126
135333119,2,33,2,31,-1,-1,4,3.2439
131482202,2,48,4,22,-1,-1,2,1.7913
131441139,2,44,4,11,-1,-1,2,1.5328
134292603,2,29,2,26,-1,-1,2,2.7482
131461202,2,46,4,12,-1,-1,2,1.4534
130482226,2,48,4,22,-1,-1,3,1.365
130482230,2,48,4,22,-1,-1,3,1.5215
133181603,2,18,2,16,-1,-1,3,4.1859
131451113,2,45,4,11,-1,-1,2,1.4988
132432144,2,43,4,21,-1,-1,4,1.9939
133312210,2,31,2,22,-1,-1,3,3.6666
131482211,2,48,4,22,-1,-1,2,1.6031
135232519,2,23,2,25,-1,-1,4,4.4314
133201305,2,20,2,13,-1,-1,3,2.5147
134242102,2,24,2,21,-1,-1,2,3.1315
135161507,2,16,2,15,-1,-1,4,3.2064
132111542,2,11,4,15,-1,-1,4,1.9626
133181612,2,18,2,16,-1,-1,3,3.4534
133141312,2,14,2,13,-1,-1,3,2.4512
132481218,2,48,4,12,-1,-1,4,1.2439
130482236,2,48,4,22,-1,-1,3,2.1315
130441131,2,44,4,11,-1,-1,3,1.8525
132451121,2,45,4,11,-1,-1,4,1.6376
130482240,2,48,4,22,-1,-1,3,1.975
135131104,2,13,2,11,-1,-1,4,3.8439
134302618,2,30,2,26,-1,-1,2,7.551
131012410,2,1,4,24,-1,-1,2,1.5283
131452124,2,45,4,21,-1,-1,2,1.9818
131482244,2,48,4,22,-1,-1,2,2.3582
132452124,2,45,4,21,-1,-1,4,2.0001
133131216,2,13,2,12,-1,-1,3,3.3968
133323311,2,32,2,33,-1,-1,3,2.4943
134343510,2,34,2,35,-1,-1,2,3.1768
134333409,2,33,2,34,-1,-1,2,2.7278
133312114,2,31,2,21,-1,-1,3,3.7051
134323316,2,32,2,33,-1,-1,2,3.8503
133252210,2,25,2,22,-1,-1,3,3.6008
130112504,2,11,4,25,-1,-1,3,2.009
131462235,2,46,4,22,-1,-1,2,1.8299
130452130,2,45,4,21,-1,-1,3,1.5963
131501626,2,50,4,16,-1,-1,2,2.6575
134232603,2,23,2,26,-1,-1,2,3.3695
130451111,2,45,4,11,-1,-1,3,1.6394
135242103,2,24,2,21,-1,-1,4,2.8126
135333106,2,33,2,31,-1,-1,4,3.4939
133222407,2,22,2,24,-1,-1,3,2.3015
134302119,2,30,2,21,-1,-1,2,3.458
134181603,2,18,2,16,-1,-1,2,4.2063
134151413,2,15,2,14,-1,-1,2,2.4285
132481226,2,48,4,12,-1,-1,4,1.7439
131112506,2,11,4,25,-1,-1,2,2.9115
135272414,2,27,2,24,-1,-1,4,2.2001
133302610,2,30,2,26,-1,-1,3,4.0158
135191218,2,19,2,12,-1,-1,4,3.0064
134242610,2,24,2,26,-1,-1,2,3.1065
132441132,2,44,4,11,-1,-1,4,1.9814
130011438,2,1,4,14,-1,-1,3,1.4194
135181601,2,18,2,16,-1,-1,4,3.4251
134333419,2,33,2,34,-1,-1,2,3.8435
135312110,2,31,2,21,-1,-1,4,3.9001
135302103,2,30,2,21,-1,-1,4,3.4751
131502617,2,50,4,26,-1,-1,2,2.0929
133201217,2,20,2,12,-1,-1,3,2.2154
133232615,2,23,2,26,-1,-1,3,3.1768
133252120,2,25,2,21,-1,-1,3,3.1768
130461236,2,46,4,12,-1,-1,3,1.1269
131481227,2,48,4,12,-1,-1,2,1.6167
135302605,2,30,2,26,-1,-1,4,4.4751
130492347,2,49,4,23,-1,-1,3,0.8911
132112521,2,11,4,25,-1,-1,4,1.6564
131442109,2,44,4,21,-1,-1,2,1.5646
131501601,2,50,4,16,-1,-1,2,2.1224
135242619,2,24,2,26,-1,-1,4,3.4064
131431136,2,43,4,11,-1,-1,2,1.619
134201316,2,20,2,13,-1,-1,2,3.1836
130452102,2,45,4,21,-1,-1,3,1.8095
134323219,2,32,2,32,-1,-1,2,2.5056
135191209,2,19,2,12,-1,-1,4,2.3064
130491348,2,49,4,13,-1,-1,3,1.9999
134343601,2,34,2,36,-1,-1,2,3.7015
134343509,2,34,2,35,-1,-1,2,4.56
135252217,2,25,2,22,-1,-1,4,3.4064
131111513,2,11,4,15,-1,-1,2,1.6507
131112552,2,11,4,25,-1,-1,2,1.6915
1284232,2,42,3,-1,-1,-1,4,3.7251
131011407,2,1,4,14,-1,-1,2,0.6326
132502640,2,50,4,26,-1,-1,4,1.9251
130431133,2,43,4,11,-1,-1,3,1.3627
135312205,2,31,2,22,-1,-1,4,3.2626
134323303,2,32,2,33,-1,-1,2,2.4285
130471101,2,47,4,11,-1,-1,3,2.6122
131502635,2,50,4,26,-1,-1,2,2.2788
135181107,2,18,2,11,-1,-1,4,4.5814
131491337,2,49,4,13,-1,-1,2,1.9591
135131114,2,13,2,11,-1,-1,4,2.2376
131492345,2,49,4,23,-1,-1,2,2.0271
131482231,2,48,4,22,-1,-1,2,2.2471
132442125,2,44,4,21,-1,-1,4,1.1814
130431123,2,43,4,11,-1,-1,3,1.1496
135201320,2,20,2,13,-1,-1,4,2.8564
134232504,2,23,2,25,-1,-1,2,3.0181
133222514,2,22,2,25,-1,-1,3,2.492
131482206,2,48,4,22,-1,-1,2,2.5532
134272406,2,27,2,24,-1,-1,2,3.0793
130472113,2,47,4,21,-1,-1,3,1.2584
131502607,2,50,4,26,-1,-1,2,2.3129
135323211,2,32,2,32,-1,-1,4,1.6626
130482251,2,48,4,22,-1,-1,3,2.1065
131462215,2,46,4,22,-1,-1,2,1.6598
130432130,2,43,4,21,-1,-1,3,1.2993
132471149,2,47,4,11,-1,-1,4,1.9376
131502625,2,50,4,26,-1,-1,2,1.0884
132501644,2,50,4,16,-1,-1,4,3.0126
133333405,2,33,2,34,-1,-1,3,2.6212
130431125,2,43,4,11,-1,-1,3,0.9206
135191220,2,19,2,12,-1,-1,4,2.4064
130492302,2,49,4,23,-1,-1,3,1.8956
135191215,2,19,2,12,-1,-1,4,2.1564
130452111,2,45,4,21,-1,-1,3,1.5714
130441126,2,44,4,11,-1,-1,3,1.3423
135262219,2,26,2,22,-1,-1,4,3.5439
133191216,2,19,2,12,-1,-1,3,2.4716
133232603,2,23,2,26,-1,-1,3,3.3673
132111510,2,11,4,15,-1,-1,4,1.3564
131501603,2,50,4,16,-1,-1,2,2.2811
135201220,2,20,2,12,-1,-1,4,2.6939
133252213,2,25,2,22,-1,-1,3,3.4512
133171518,2,17,2,15,-1,-1,3,4.2199
132491321,2,49,4,13,-1,-1,4,1.6876
132491342,2,49,4,13,-1,-1,4,1.7876
131451135,2,45,4,11,-1,-1,2,1.5759
135242112,2,24,2,21,-1,-1,4,3.6001
134201306,2,20,2,13,-1,-1,2,3.0566
131471137,2,47,4,11,-1,-1,2,1.9364
131432103,2,43,4,21,-1,-1,2,1.8503
135292515,2,29,2,25,-1,-1,4,2.5751
135181607,2,18,2,16,-1,-1,4,5.1564
132111502,2,11,4,15,-1,-1,4,1.8064
131502641,2,50,4,26,-1,-1,2,2.1836
134292611,2,29,2,26,-1,-1,2,3.2176
131451110,2,45,4,11,-1,-1,2,1.492
132461216,2,46,4,12,-1,-1,4,1.2939
132482232,2,48,4,22,-1,-1,4,2.1001
130481236,2,48,4,12,-1,-1,3,2.1927
132451116,2,45,4,11,-1,-1,4,1.7001
133333107,2,33,2,31,-1,-1,3,2.6417
131481201,2,48,4,12,-1,-1,2,2.4512
133171614,2,17,2,16,-1,-1,3,2.3854
134201202,2,20,2,12,-1,-1,2,3.4489
134201320,2,20,2,13,-1,-1,2,3.4512
135292605,2,29,2,26,-1,-1,4,3.2814
132012429,2,1,4,24,-1,-1,4,1.6439
135312208,2,31,2,22,-1,-1,4,2.7251
132482215,2,48,4,22,-1,-1,4,1.1876
133191209,2,19,2,12,-1,-1,3,2.3015
135282409,2,28,2,24,-1,-1,4,3.3689
133151410,2,15,2,14,-1,-1,3,2.0544
133262215,2,26,2,22,-1,-1,3,3.0045
134232501,2,23,2,25,-1,-1,2,4.2108
131451136,2,45,4,11,-1,-1,2,1.3219
135302101,2,30,2,21,-1,-1,4,5.215
134181104,2,18,2,11,-1,-1,2,4.1791
132482214,2,48,4,22,-1,-1,4,1.0876
134232605,2,23,2,26,-1,-1,2,2.5782
133292515,2,29,2,25,-1,-1,3,2.5782
135191219,2,19,2,12,-1,-1,4,2.5564
130481210,2,48,4,12,-1,-1,3,1.7029
133211318,2,21,2,13,-1,-1,3,2.4739
135191206,2,19,2,12,-1,-1,4,2.6626
130442127,2,44,4,21,-1,-1,3,2.0861
132491310,2,49,4,13,-1,-1,4,1.7376
135323315,2,32,2,33,-1,-1,4,2.8751
132461230,2,46,4,12,-1,-1,4,2.1064
134333408,2,33,2,34,-1,-1,2,2.4058
130011407,2,1,4,14,-1,-1,3,2.4512
135312202,2,31,2,22,-1,-1,4,3.4501
132012412,2,1,4,24,-1,-1,4,1.6814
130112508,2,11,4,25,-1,-1,3,2.5578
132492339,2,49,4,23,-1,-1,4,1.7001
132471119,2,47,4,11,-1,-1,4,1.4001
133343605,2,34,2,36,-1,-1,3,3.7981
131461209,2,46,4,12,-1,-1,2,1.6167
131481225,2,48,4,12,-1,-1,2,2.0521
134141206,2,14,2,12,-1,-1,2,3.1881
134191104,2,19,2,11,-1,-1,2,2.3877
130462236,2,46,4,22,-1,-1,3,1.7505
130471102,2,47,4,11,-1,-1,3,2.2856
132461237,2,46,4,12,-1,-1,4,1.5064
132462208,2,46,4,22,-1,-1,4,2.5564
135141311,2,14,2,13,-1,-1,4,2.3001
135323311,2,32,2,33,-1,-1,4,2.4751
133211316,2,21,2,13,-1,-1,3,3.3673
133141220,2,14,2,12,-1,-1,3,2.5351
135201215,2,20,2,12,-1,-1,4,3.0876
131431113,2,43,4,11,-1,-1,2,1.5963
130112517,2,11,4,25,-1,-1,3,1.6417
131501615,2,50,4,16,-1,-1,2,1.2154
130012426,2,1,4,24,-1,-1,3,4.2426
131472106,2,47,4,21,-1,-1,2,3.4716
132472141,2,47,4,21,-1,-1,4,2.0001
134252105,2,25,2,21,-1,-1,2,3.4534
130442108,2,44,4,21,-1,-1,3,2.7709
134242120,2,24,2,21,-1,-1,2,3.2879
135272302,2,27,2,23,-1,-1,4,2.9689
131491307,2,49,4,13,-1,-1,2,2.8027
133262218,2,26,2,22,-1,-1,3,4.7754
1284218,2,42,3,-1,-1,-1,4,4.8689
134131219,2,13,2,12,-1,-1,2,3.068
130451147,2,45,4,11,-1,-1,3,0.9546
133171503,2,17,2,15,-1,-1,3,3.0339
132491341,2,49,4,13,-1,-1,4,1.9376
132451149,2,45,4,11,-1,-1,4,1.6189
131452114,2,45,4,21,-1,-1,2,1.4829
133292514,2,29,2,25,-1,-1,3,2.7686
134242115,2,24,2,21,-1,-1,2,4.0498
130111514,2,11,4,15,-1,-1,3,1.4897
133131113,2,13,2,11,-1,-1,3,2.2358
130462225,2,46,4,22,-1,-1,3,1.0612
130472119,2,47,4,21,-1,-1,3,1.0203
134232515,2,23,2,25,-1,-1,2,3.3877
135131109,2,13,2,11,-1,-1,4,3.4126
131471101,2,47,4,11,-1,-1,2,1.5895
133312215,2,31,2,22,-1,-1,3,3.2222
132491320,2,49,4,13,-1,-1,4,1.5314
133232518,2,23,2,25,-1,-1,3,6.7641
132432127,2,43,4,21,-1,-1,4,1.3376
135292519,2,29,2,25,-1,-1,4,2.5376
130111537,2,11,4,15,-1,-1,3,1.2584
130452107,2,45,4,21,-1,-1,3,2.3605
135292609,2,29,2,26,-1,-1,4,2.3001
135141207,2,14,2,12,-1,-1,4,3.5751
135302602,2,30,2,26,-1,-1,4,4.3689
133232605,2,23,2,26,-1,-1,3,2.5782
135131209,2,13,2,12,-1,-1,4,2.5501
131012447,2,1,4,24,-1,-1,2,1.3287
135141218,2,14,2,12,-1,-1,4,3.6064
130012437,2,1,4,24,-1,-1,3,1.3968
134161503,2,16,2,15,-1,-1,2,2.2584
135232511,2,23,2,25,-1,-1,4,3.7689
133201207,2,20,2,12,-1,-1,3,4.0997
135292513,2,29,2,25,-1,-1,4,2.6439
135191213,2,19,2,12,-1,-1,4,2.4876
130481214,2,48,4,12,-1,-1,3,1.5373
132461228,2,46,4,12,-1,-1,4,1.1939
131461243,2,46,4,12,-1,-1,2,1.4807
132432135,2,43,4,21,-1,-1,4,1.5939
134191110,2,19,2,11,-1,-1,2,2.5918
133161503,2,16,2,15,-1,-1,3,2.2584
135302114,2,30,2,21,-1,-1,4,3.5814
132452119,2,45,4,21,-1,-1,4,1.4001
131472108,2,47,4,21,-1,-1,2,2.7029
133181602,2,18,2,16,-1,-1,3,3.3695
133252114,2,25,2,21,-1,-1,3,2.848
134151315,2,15,2,13,-1,-1,2,2.2584
135171608,2,17,2,16,-1,-1,4,2.7501
134272404,2,27,2,24,-1,-1,2,2.4943
135201208,2,20,2,12,-1,-1,4,3.2626
135232502,2,23,2,25,-1,-1,4,3.7439
134272416,2,27,2,24,-1,-1,2,2.0453
131012437,2,1,4,24,-1,-1,2,1.5623
130111546,2,11,4,15,-1,-1,3,2.8185
135201314,2,20,2,13,-1,-1,4,3.5814
130442143,2,44,4,21,-1,-1,3,1.8503
134222510,2,22,2,25,-1,-1,2,3.7959
135343602,2,34,2,36,-1,-1,4,2.3876
132471116,2,47,4,11,-1,-1,4,2.0876
134141211,2,14,2,12,-1,-1,2,2.5147
133201201,2,20,2,12,-1,-1,3,3.424
130451139,2,45,4,11,-1,-1,3,1.5101
133343602,2,34,2,36,-1,-1,3,3.1156
135262307,2,26,2,23,-1,-1,4,3.4939
133232515,2,23,2,25,-1,-1,3,3.3877
131502620,2,50,4,26,-1,-1,2,1.5305
135272304,2,27,2,23,-1,-1,4,2.3251
130451127,2,45,4,11,-1,-1,3,1.6076
134232517,2,23,2,25,-1,-1,2,5.7777
132462227,2,46,4,22,-1,-1,4,1.6189
131112522,2,11,4,25,-1,-1,2,1.6417
130111544,2,11,4,15,-1,-1,3,3.7414
131461223,2,46,4,12,-1,-1,2,2.3627
134222413,2,22,2,24,-1,-1,2,3.0476
130441111,2,44,4,11,-1,-1,3,1.4466
133252209,2,25,2,22,-1,-1,3,3.1995
130492317,2,49,4,23,-1,-1,3,1.9047
135151411,2,15,2,14,-1,-1,4,2.3626
133131202,2,13,2,12,-1,-1,3,6.8276
130491303,2,49,4,13,-1,-1,3,2.3741
132492323,2,49,4,23,-1,-1,4,1.2189
130112513,2,11,4,25,-1,-1,3,1.4875
131432120,2,43,4,21,-1,-1,2,1.3151
134312106,2,31,2,21,-1,-1,2,4.0566
134242117,2,24,2,21,-1,-1,2,3.2607
131451130,2,45,4,11,-1,-1,2,2.3015
132452110,2,45,4,21,-1,-1,4,1.4251
134262303,2,26,2,23,-1,-1,2,3.0952
133242114,2,24,2,21,-1,-1,3,3.9727
131432127,2,43,4,21,-1,-1,2,1.3559
132452131,2,45,4,21,-1,-1,4,1.9814
132452126,2,45,4,21,-1,-1,4,1.4751
130472106,2,47,4,21,-1,-1,3,2.6734
132471106,2,47,4,11,-1,-1,4,3.1751
132111525,2,11,4,15,-1,-1,4,1.4126
130492307,2,49,4,23,-1,-1,3,2.6167
133333118,2,33,2,31,-1,-1,3,3.7959
135282519,2,28,2,25,-1,-1,4,3.4501
132442109,2,44,4,21,-1,-1,4,1.6939
131491338,2,49,4,13,-1,-1,2,1.814
133282406,2,28,2,24,-1,-1,3,2.8027
130481247,2,48,4,12,-1,-1,3,2.424
132482212,2,48,4,22,-1,-1,4,1.7251
133262315,2,26,2,23,-1,-1,3,3.526
131481229,2,48,4,12,-1,-1,2,1.3763
134201216,2,20,2,12,-1,-1,2,7.102
130452113,2,45,4,21,-1,-1,3,1.6666
132481234,2,48,4,12,-1,-1,4,2.1751
135201305,2,20,2,13,-1,-1,4,2.2126
133151310,2,15,2,13,-1,-1,3,2.9841
133333104,2,33,2,31,-1,-1,3,3.1224
135151419,2,15,2,14,-1,-1,4,2.3251
135171612,2,17,2,16,-1,-1,4,3.1126
135302115,2,30,2,21,-1,-1,4,4.1564
130492336,2,49,4,23,-1,-1,3,1.3537
133282408,2,28,2,24,-1,-1,3,2.5305
130482221,2,48,4,22,-1,-1,3,1.1972
134292509,2,29,2,25,-1,-1,2,2.5578
132472114,2,47,4,21,-1,-1,4,1.1751
133171520,2,17,2,15,-1,-1,3,2.6643
132491331,2,49,4,13,-1,-1,4,2.4251
131462220,2,46,4,22,-1,-1,2,1.2085
130442106,2,44,4,21,-1,-1,3,2.7097
130472102,2,47,4,21,-1,-1,3,1.9455
130451131,2,45,4,11,-1,-1,3,1.9092
134211304,2,21,2,13,-1,-1,2,2.4489
135131218,2,13,2,12,-1,-1,4,3.5126
132442121,2,44,4,21,-1,-1,4,1.6751
132451118,2,45,4,11,-1,-1,4,2.1314
130482242,2,48,4,22,-1,-1,3,2.3673
131431143,2,43,4,11,-1,-1,2,1.4262
135343608,2,34,2,36,-1,-1,4,2.8376
134181613,2,18,2,16,-1,-1,2,4.0634
131432111,2,43,4,21,-1,-1,2,2.0453
131502604,2,50,4,26,-1,-1,2,2.882
134262306,2,26,2,23,-1,-1,2,2.9296
130481228,2,48,4,12,-1,-1,3,1.6031
132451110,2,45,4,11,-1,-1,4,1.4876
132431130,2,43,4,11,-1,-1,4,1.6189
133211311,2,21,2,13,-1,-1,3,3.8888
135232506,2,23,2,25,-1,-1,4,4.5376
133151305,2,15,2,13,-1,-1,3,2.7868
134323213,2,32,2,32,-1,-1,2,3.077
1274222,2,42,3,-1,-1,-1,2,4.1337
134191111,2,19,2,11,-1,-1,2,3.4489
134252109,2,25,2,21,-1,-1,2,3.272
130451119,2,45,4,11,-1,-1,3,1.3151
135191117,2,19,2,11,-1,-1,4,2.4939
131462230,2,46,4,22,-1,-1,2,0.5237
130431135,2,43,4,11,-1,-1,3,1.6167
133131108,2,13,2,11,-1,-1,3,3.0634
130111545,2,11,4,15,-1,-1,3,4.0476
130441120,2,44,4,11,-1,-1,3,2.1315
130481217,2,48,4,12,-1,-1,3,2.2426
135201212,2,20,2,12,-1,-1,4,2.2314
130471108,2,47,4,11,-1,-1,3,3.1383
134343520,2,34,2,35,-1,-1,2,3.3038
130482205,2,48,4,22,-1,-1,3,2.7278
134171519,2,17,2,15,-1,-1,2,2.7278
130491327,2,49,4,13,-1,-1,3,1.6326
133312218,2,31,2,22,-1,-1,3,3.4943
130442144,2,44,4,21,-1,-1,3,1.8707
135343603,2,34,2,36,-1,-1,4,2.9001
130502604,2,50,4,26,-1,-1,3,0.9841
1264233,2,42,3,-1,-1,-1,3,4.39
133191208,2,19,2,12,-1,-1,3,1.746
131492337,2,49,4,23,-1,-1,2,1.814
132491301,2,49,4,13,-1,-1,4,2.1126
134272310,2,27,2,23,-1,-1,2,2.5986
132501646,2,50,4,16,-1,-1,4,1.5126
131012412,2,1,4,24,-1,-1,2,1.6122
132481243,2,48,4,12,-1,-1,4,2.7814
131461237,2,46,4,12,-1,-1,2,1.4036
130481251,2,48,4,12,-1,-1,3,2.3741
131432136,2,43,4,21,-1,-1,2,1.3061
130492331,2,49,4,23,-1,-1,3,2.0884
133302602,2,30,2,26,-1,-1,3,4.3627
130502619,2,50,4,26,-1,-1,3,1.9863
134312216,2,31,2,22,-1,-1,2,3.7097
133343617,2,34,2,36,-1,-1,3,2.5487
130502647,2,50,4,26,-1,-1,3,1.2924
130112514,2,11,4,25,-1,-1,3,1.492
133292509,2,29,2,25,-1,-1,3,2.5578
133333402,2,33,2,34,-1,-1,3,3.1337
131482215,2,48,4,22,-1,-1,2,1.1904
130471122,2,47,4,11,-1,-1,3,1.5782
130441114,2,44,4,11,-1,-1,3,1.6076
132492344,2,49,4,23,-1,-1,4,0.8939
134161402,2,16,2,14,-1,-1,2,3.3877
131482222,2,48,4,22,-1,-1,2,1.4716
133222406,2,22,2,24,-1,-1,3,3.1632
134272403,2,27,2,24,-1,-1,2,3.2584
135131206,2,13,2,12,-1,-1,4,2.7001
135343615,2,34,2,36,-1,-1,4,3.0439
131111504,2,11,4,15,-1,-1,2,1.8389
134302615,2,30,2,26,-1,-1,2,2.9931
130491339,2,49,4,13,-1,-1,3,1.7686
1284213,2,42,3,-1,-1,-1,4,4.6314
130461245,2,46,4,12,-1,-1,3,1.1927
130501649,2,50,4,16,-1,-1,3,1.0226
130011428,2,1,4,14,-1,-1,3,1.6099
130432139,2,43,4,21,-1,-1,3,2.8163
135333414,2,33,2,34,-1,-1,4,3.6001
134151314,2,15,2,13,-1,-1,2,2.8344
131482239,2,48,4,22,-1,-1,2,1.6802
133242113,2,24,2,21,-1,-1,3,4.0702
135151403,2,15,2,14,-1,-1,4,1.8689
131501627,2,50,4,16,-1,-1,2,2.3514
130452136,2,45,4,21,-1,-1,3,1.2108
134302620,2,30,2,26,-1,-1,2,3.7981
132441137,2,44,4,11,-1,-1,4,1.4626
134131105,2,13,2,11,-1,-1,2,3.4081
134131103,2,13,2,11,-1,-1,2,3.6689
135171603,2,17,2,16,-1,-1,4,2.1501
130491319,2,49,4,13,-1,-1,3,1.1088
134333102,2,33,2,31,-1,-1,2,2.7913
135343605,2,34,2,36,-1,-1,4,3.7501
135333103,2,33,2,31,-1,-1,4,2.1001
134343517,2,34,2,35,-1,-1,2,2.7482
135292512,2,29,2,25,-1,-1,4,2.5126
132012423,2,1,4,24,-1,-1,4,1.4251
134252120,2,25,2,21,-1,-1,2,3.1745
132442134,2,44,4,21,-1,-1,4,2.1626
131452102,2,45,4,21,-1,-1,2,1.814
134302109,2,30,2,21,-1,-1,2,3.1768
133131119,2,13,2,11,-1,-1,3,2.6938
134333119,2,33,2,31,-1,-1,2,3.9432
134131107,2,13,2,11,-1,-1,2,2.8979
132112525,2,11,4,25,-1,-1,4,1.6814
135191204,2,19,2,12,-1,-1,4,4.6314
131452140,2,45,4,21,-1,-1,2,1.5646
135343607,2,34,2,36,-1,-1,4,3.0001
132432102,2,43,4,21,-1,-1,4,1.9501
131452120,2,45,4,21,-1,-1,2,1.3877
130461215,2,46,4,12,-1,-1,3,0.8367
134272410,2,27,2,24,-1,-1,2,3.0067
130012439,2,1,4,24,-1,-1,3,1.5396
132011407,2,1,4,14,-1,-1,4,2.4501
130502625,2,50,4,26,-1,-1,3,1.2766
131111514,2,11,4,15,-1,-1,2,1.7686
135262201,2,26,2,22,-1,-1,4,3.6751
130452118,2,45,4,21,-1,-1,3,1.9138
133151419,2,15,2,14,-1,-1,3,2.331
131481244,2,48,4,12,-1,-1,2,2.4285
134222419,2,22,2,24,-1,-1,2,2.9183
135292611,2,29,2,26,-1,-1,4,3.2189
130432125,2,43,4,21,-1,-1,3,1.1587
135181602,2,18,2,16,-1,-1,4,3.3564
134222517,2,22,2,25,-1,-1,2,3.3741
130012425,2,1,4,24,-1,-1,3,1.5192
134171504,2,17,2,15,-1,-1,2,3.8639
132452106,2,45,4,21,-1,-1,4,2.5439
134333117,2,33,2,31,-1,-1,2,2.3083
133252219,2,25,2,22,-1,-1,3,3.238
134131109,2,13,2,11,-1,-1,2,3.39
130442133,2,44,4,21,-1,-1,3,1.9818
132431129,2,43,4,11,-1,-1,4,1.1689
132011416,2,1,4,14,-1,-1,4,1.3876
135262202,2,26,2,22,-1,-1,4,4.1564
133302120,2,30,2,21,-1,-1,3,4.5192
134312201,2,31,2,22,-1,-1,2,3.3642
133181102,2,18,2,11,-1,-1,3,4.8163
133323217,2,32,2,32,-1,-1,3,4.1473
130012445,2,1,4,24,-1,-1,3,2.5396
135211315,2,21,2,13,-1,-1,4,3.1564
131011419,2,1,4,14,-1,-1,2,1.6893
132432138,2,43,4,21,-1,-1,4,2.7439
1274210,2,42,3,-1,-1,-1,2,2.6054
132502616,2,50,4,26,-1,-1,4,1.4689
135222515,2,22,2,25,-1,-1,4,2.4939
132111545,2,11,4,15,-1,-1,4,4.1126
135131207,2,13,2,12,-1,-1,4,3.1376
135161409,2,16,2,14,-1,-1,4,3.0439
133171511,2,17,2,15,-1,-1,3,3.3537
131452110,2,45,4,21,-1,-1,2,1.3968
132492324,2,49,4,23,-1,-1,4,1.2314
135272305,2,27,2,23,-1,-1,4,2.7501
130011424,2,1,4,14,-1,-1,3,1.1927
130442124,2,44,4,21,-1,-1,3,1.2924
130492328,2,49,4,23,-1,-1,3,1.7732
131111524,2,11,4,15,-1,-1,2,2.1292
132432147,2,43,4,21,-1,-1,4,0.9814
133191109,2,19,2,11,-1,-1,3,2.0861
134262204,2,26,2,22,-1,-1,2,3.1315
131452103,2,45,4,21,-1,-1,2,2.2539
134272414,2,27,2,24,-1,-1,2,2.2154
135292514,2,29,2,25,-1,-1,4,2.7689
132111538,2,11,4,15,-1,-1,4,2.1689
133323316,2,32,2,33,-1,-1,3,3.8548
135272310,2,27,2,23,-1,-1,4,2.6001
133181104,2,18,2,11,-1,-1,3,4.1791
135161408,2,16,2,14,-1,-1,4,2.2376
134292616,2,29,2,26,-1,-1,2,2.9183
132481224,2,48,4,12,-1,-1,4,1.0814
135151406,2,15,2,14,-1,-1,4,2.0689
1274221,2,42,3,-1,-1,-1,2,3.1655
133191116,2,19,2,11,-1,-1,3,2.7278
134333115,2,33,2,31,-1,-1,2,3.1451
130472115,2,47,4,21,-1,-1,3,1.2154
131451119,2,45,4,11,-1,-1,2,1.3219
130472103,2,47,4,21,-1,-1,3,2.6076
135262306,2,26,2,23,-1,-1,4,2.9439
135201301,2,20,2,13,-1,-1,4,6.565
130471135,2,47,4,11,-1,-1,3,1.8117
131501610,2,50,4,16,-1,-1,2,1.8525
133312205,2,31,2,22,-1,-1,3,3.2607
132482210,2,48,4,22,-1,-1,4,1.9064
132012432,2,1,4,24,-1,-1,4,1.5439
135302107,2,30,2,21,-1,-1,4,3.4314
131111544,2,11,4,15,-1,-1,2,1.7324
132012444,2,1,4,24,-1,-1,4,2.5064
132462207,2,46,4,22,-1,-1,4,2.4439
132442104,2,44,4,21,-1,-1,4,2.7314
130482243,2,48,4,22,-1,-1,3,2.068
130452147,2,45,4,21,-1,-1,3,1.6439
133201314,2,20,2,13,-1,-1,3,3.0339
133222502,2,22,2,25,-1,-1,3,3.0702
132011428,2,1,4,14,-1,-1,4,1.6064
134333107,2,33,2,31,-1,-1,2,2.6417
135201213,2,20,2,12,-1,-1,4,2.7251
133272317,2,27,2,23,-1,-1,3,3.8571
135211412,2,21,2,14,-1,-1,4,2.1751
130011446,2,1,4,14,-1,-1,3,1.3038
132451147,2,45,4,11,-1,-1,4,0.9564
135282520,2,28,2,25,-1,-1,4,3.0689
133323205,2,32,2,32,-1,-1,3,7.3083
134211419,2,21,2,14,-1,-1,2,2.8117
130012441,2,1,4,24,-1,-1,3,3.8707
133272407,2,27,2,24,-1,-1,3,3.111
132451104,2,45,4,11,-1,-1,4,3.3189
132432146,2,43,4,21,-1,-1,4,1.2751
132462216,2,46,4,22,-1,-1,4,1.6814
134151410,2,15,2,14,-1,-1,2,2.0453
134161404,2,16,2,14,-1,-1,2,2.7392
130501621,2,50,4,16,-1,-1,3,1.7165
130441127,2,44,4,11,-1,-1,3,1.3832
134191112,2,19,2,11,-1,-1,2,2.1156
132502617,2,50,4,26,-1,-1,4,2.0626
132502602,2,50,4,26,-1,-1,4,1.9126
133343619,2,34,2,36,-1,-1,3,2.2244
133171619,2,17,2,16,-1,-1,3,6.8004
131451142,2,45,4,11,-1,-1,2,1.5441
132492338,2,49,4,23,-1,-1,4,1.7064
134282408,2,28,2,24,-1,-1,2,2.5441
131502618,2,50,4,26,-1,-1,2,1.9841
130111534,2,11,4,15,-1,-1,3,2.4648
130471147,2,47,4,11,-1,-1,3,2.4013
132492322,2,49,4,23,-1,-1,4,1.6126
133343512,2,34,2,35,-1,-1,3,2.9727
