1060121,2,1,1,-1,1,-1,2,3.1519
1060111,2,1,1,-1,1,-1,2,1.4534
1060115,2,1,1,-1,1,-1,2,1.8956
1060114,2,1,1,-1,1,-1,2,2.5328
1060102,2,1,1,-1,1,-1,2,1.8888
1060122,2,1,1,-1,1,-1,2,6.8231
1060112,2,1,1,-1,1,-1,2,1.5714
1060120,2,1,1,-1,1,-1,2,2.6439
1060109,2,1,1,-1,1,-1,2,2.3083
1060107,2,1,1,-1,1,-1,2,2.2516
1060117,2,1,1,-1,1,-1,2,1.721
1060105,2,1,1,-1,1,-1,2,2.7777
1060103,2,1,1,-1,1,-1,2,1.5441
1060106,2,1,1,-1,1,-1,2,3.2516
1060118,2,1,1,-1,1,-1,2,1.9954
1060110,2,1,1,-1,1,-1,2,1.9977
1060108,2,1,1,-1,1,-1,2,2.3174
1060119,2,1,1,-1,1,-1,2,2.941
1060104,2,1,1,-1,1,-1,2,3.1088
1060101,2,1,1,-1,1,-1,2,5.7528
1060116,2,1,1,-1,1,-1,2,1.6394
1030121,2,1,1,-1,1,-1,3,2.4941
1030111,2,1,1,-1,1,-1,3,2.408
1030115,2,1,1,-1,1,-1,3,3.1835
1030114,2,1,1,-1,1,-1,3,2.857
1030102,2,1,1,-1,1,-1,3,1.3989
1030122,2,1,1,-1,1,-1,3,3.0021
1030112,2,1,1,-1,1,-1,3,2.7708
1030120,2,1,1,-1,1,-1,3,2.7957
1030109,2,1,1,-1,1,-1,3,2.4624
1030107,2,1,1,-1,1,-1,3,2.8388
1030117,2,1,1,-1,1,-1,3,2.2334
1030105,2,1,1,-1,1,-1,3,2.6234
1030103,2,1,1,-1,1,-1,3,1.1722
1030106,2,1,1,-1,1,-1,3,3.1041
1030118,2,1,1,-1,1,-1,3,2.7073
1030110,2,1,1,-1,1,-1,3,2.4034
1030108,2,1,1,-1,1,-1,3,3.1019
1030119,2,1,1,-1,1,-1,3,2.5078
1030104,2,1,1,-1,1,-1,3,2.0316
1030101,2,1,1,-1,1,-1,3,5.6325
1030116,2,1,1,-1,1,-1,3,1.9953
1050109,2,1,1,-1,1,-1,4,2.5626
1050114,2,1,1,-1,1,-1,4,3.3439
1050121,2,1,1,-1,1,-1,4,3.1439
1050102,2,1,1,-1,1,-1,4,3.3251
1050112,2,1,1,-1,1,-1,4,2.6251
1050111,2,1,1,-1,1,-1,4,2.9189
1050115,2,1,1,-1,1,-1,4,2.4939
1050119,2,1,1,-1,1,-1,4,2.9314
1050107,2,1,1,-1,1,-1,4,3.2189
1050120,2,1,1,-1,1,-1,4,2.6564
1050105,2,1,1,-1,1,-1,4,3.2751
1050103,2,1,1,-1,1,-1,4,3.1314
1050106,2,1,1,-1,1,-1,4,2.9689
1050117,2,1,1,-1,1,-1,4,2.8501
1050110,2,1,1,-1,1,-1,4,2.5689
1050108,2,1,1,-1,1,-1,4,2.6439
1050118,2,1,1,-1,1,-1,4,2.6814
1050104,2,1,1,-1,1,-1,4,2.7564
1050101,2,1,1,-1,1,-1,4,3.8314
1050116,2,1,1,-1,1,-1,4,2.5251
1050113,2,1,1,-1,1,-1,4,2.9876
131011430,2,1,4,14,-1,-1,2,0.7188
131011405,2,1,4,14,-1,-1,2,2.2358
131011427,2,1,4,14,-1,-1,2,1.8503
131011431,2,1,4,14,-1,-1,2,1.8911
131011433,2,1,4,14,-1,-1,2,1.4897
131011438,2,1,4,14,-1,-1,2,1.6485
131011435,2,1,4,14,-1,-1,2,1.6099
131011443,2,1,4,14,-1,-1,2,1.3718
131011408,2,1,4,14,-1,-1,2,2.4489
131011411,2,1,4,14,-1,-1,2,1.331
131011412,2,1,4,14,-1,-1,2,1.4126
131011432,2,1,4,14,-1,-1,2,1.8888
131011434,2,1,4,14,-1,-1,2,1.1337
131011428,2,1,4,14,-1,-1,2,1.5827
131011451,2,1,4,14,-1,-1,2,1.6507
131011403,2,1,4,14,-1,-1,2,2.2902
131011449,2,1,4,14,-1,-1,2,0.8888
131011419,2,1,4,14,-1,-1,2,1.6893
131011416,2,1,4,14,-1,-1,2,1.17
131011429,2,1,4,14,-1,-1,2,1.5986
131011423,2,1,4,14,-1,-1,2,1.3287
131011417,2,1,4,14,-1,-1,2,1.4126
131011444,2,1,4,14,-1,-1,2,1.4489
131011421,2,1,4,14,-1,-1,2,1.4512
131011445,2,1,4,14,-1,-1,2,1.6099
131011409,2,1,4,14,-1,-1,2,2.4897
131011414,2,1,4,14,-1,-1,2,1.4557
131011426,2,1,4,14,-1,-1,2,1.2085
131011406,2,1,4,14,-1,-1,2,1.2766
131011418,2,1,4,14,-1,-1,2,2.0884
131011436,2,1,4,14,-1,-1,2,1.3695
131011415,2,1,4,14,-1,-1,2,1.2448
131011441,2,1,4,14,-1,-1,2,1.5305
131011402,2,1,4,14,-1,-1,2,2.0135
131011413,2,1,4,14,-1,-1,2,1.4466
131011446,2,1,4,14,-1,-1,2,1.8503
131011425,2,1,4,14,-1,-1,2,1.17
131011407,2,1,4,14,-1,-1,2,0.6326
131011424,2,1,4,14,-1,-1,2,1.0906
131011437,2,1,4,14,-1,-1,2,1.2856
131011422,2,1,4,14,-1,-1,2,1.4104
131011420,2,1,4,14,-1,-1,2,1.2494
131011410,2,1,4,14,-1,-1,2,1.2834
131011442,2,1,4,14,-1,-1,2,1.4081
131011448,2,1,4,14,-1,-1,2,1.0498
131011404,2,1,4,14,-1,-1,2,2.78
131011401,2,1,4,14,-1,-1,2,2.0498
131011450,2,1,4,14,-1,-1,2,0.7709
130011430,2,1,4,14,-1,-1,3,1.8888
130011405,2,1,4,14,-1,-1,3,2.1972
130011427,2,1,4,14,-1,-1,3,1.5578
130011431,2,1,4,14,-1,-1,3,1.8888
130011433,2,1,4,14,-1,-1,3,1.1337
130011438,2,1,4,14,-1,-1,3,1.4194
130011435,2,1,4,14,-1,-1,3,1.3741
130011441,2,1,4,14,-1,-1,3,1.3695
130011408,2,1,4,14,-1,-1,3,2.4897
130011411,2,1,4,14,-1,-1,3,1.4081
130011412,2,1,4,14,-1,-1,3,1.4512
130011432,2,1,4,14,-1,-1,3,1.492
130011434,2,1,4,14,-1,-1,3,1.6054
130011428,2,1,4,14,-1,-1,3,1.6099
130011449,2,1,4,14,-1,-1,3,1.6757
130011403,2,1,4,14,-1,-1,3,2.2902
130011447,2,1,4,14,-1,-1,3,0.882
130011419,2,1,4,14,-1,-1,3,1.2312
130011416,2,1,4,14,-1,-1,3,1.3877
130011429,2,1,4,14,-1,-1,3,1.4512
130011423,2,1,4,14,-1,-1,3,1.068
130011417,2,1,4,14,-1,-1,3,2.0906
130011442,2,1,4,14,-1,-1,3,1.4512
130011421,2,1,4,14,-1,-1,3,1.4194
130011443,2,1,4,14,-1,-1,3,1.6099
130011409,2,1,4,14,-1,-1,3,1.2902
130011414,2,1,4,14,-1,-1,3,1.2516
130011426,2,1,4,14,-1,-1,3,1.8276
130011406,2,1,4,14,-1,-1,3,2.6825
130011418,2,1,4,14,-1,-1,3,1.7006
130011436,2,1,4,14,-1,-1,3,1.2924
130011415,2,1,4,14,-1,-1,3,1.2017
130011439,2,1,4,14,-1,-1,3,1.526
130011402,2,1,4,14,-1,-1,3,2.0067
130011413,2,1,4,14,-1,-1,3,1.458
130011444,2,1,4,14,-1,-1,3,1.8525
130011425,2,1,4,14,-1,-1,3,1.2108
130011407,2,1,4,14,-1,-1,3,2.4512
130011424,2,1,4,14,-1,-1,3,1.1927
130011437,2,1,4,14,-1,-1,3,1.6439
130011422,2,1,4,14,-1,-1,3,1.3401
130011420,2,1,4,14,-1,-1,3,1.4625
130011410,2,1,4,14,-1,-1,3,1.331
130011440,2,1,4,14,-1,-1,3,1.4104
130011446,2,1,4,14,-1,-1,3,1.3038
130011404,2,1,4,14,-1,-1,3,2.78
130011401,2,1,4,14,-1,-1,3,2.0566
130011445,2,1,4,14,-1,-1,3,1.4852
132011430,2,1,4,14,-1,-1,4,1.8939
132011405,2,1,4,14,-1,-1,4,2.2126
132011427,2,1,4,14,-1,-1,4,1.5751
132011431,2,1,4,14,-1,-1,4,1.8876
132011433,2,1,4,14,-1,-1,4,1.1314
132011438,2,1,4,14,-1,-1,4,1.4314
132011435,2,1,4,14,-1,-1,4,1.3501
132011441,2,1,4,14,-1,-1,4,1.3689
132011408,2,1,4,14,-1,-1,4,2.4876
132011411,2,1,4,14,-1,-1,4,1.4126
132011412,2,1,4,14,-1,-1,4,1.4501
132011432,2,1,4,14,-1,-1,4,1.4876
132011434,2,1,4,14,-1,-1,4,1.6314
132011428,2,1,4,14,-1,-1,4,1.6064
132011449,2,1,4,14,-1,-1,4,1.6501
132011403,2,1,4,14,-1,-1,4,2.2876
132011447,2,1,4,14,-1,-1,4,0.8939
132011419,2,1,4,14,-1,-1,4,1.2501
132011416,2,1,4,14,-1,-1,4,1.3876
132011429,2,1,4,14,-1,-1,4,1.4501
132011423,2,1,4,14,-1,-1,4,1.0876
132011417,2,1,4,14,-1,-1,4,2.0876
132011442,2,1,4,14,-1,-1,4,1.4501
132011421,2,1,4,14,-1,-1,4,1.4064
132011443,2,1,4,14,-1,-1,4,1.6314
132011409,2,1,4,14,-1,-1,4,1.2939
132011414,2,1,4,14,-1,-1,4,1.2064
132011426,2,1,4,14,-1,-1,4,1.8501
132011406,2,1,4,14,-1,-1,4,2.6876
132011418,2,1,4,14,-1,-1,4,1.6939
132011436,2,1,4,14,-1,-1,4,1.2876
132011415,2,1,4,14,-1,-1,4,1.1939
132011439,2,1,4,14,-1,-1,4,1.5314
132011402,2,1,4,14,-1,-1,4,2.0126
132011413,2,1,4,14,-1,-1,4,1.4876
132011444,2,1,4,14,-1,-1,4,1.8501
132011425,2,1,4,14,-1,-1,4,1.2064
132011407,2,1,4,14,-1,-1,4,2.4501
132011424,2,1,4,14,-1,-1,4,1.1751
132011437,2,1,4,14,-1,-1,4,1.6501
132011422,2,1,4,14,-1,-1,4,1.3314
132011420,2,1,4,14,-1,-1,4,1.4501
132011410,2,1,4,14,-1,-1,4,1.3251
132011440,2,1,4,14,-1,-1,4,1.3876
132011446,2,1,4,14,-1,-1,4,1.0251
132011404,2,1,4,14,-1,-1,4,2.7689
132011401,2,1,4,14,-1,-1,4,2.0501
132011448,2,1,4,14,-1,-1,4,0.7689
131012429,2,1,4,24,-1,-1,2,1.6439
131012434,2,1,4,24,-1,-1,2,1.7754
131012431,2,1,4,24,-1,-1,2,2.0521
131012405,2,1,4,24,-1,-1,2,2.6961
131012419,2,1,4,24,-1,-1,2,1.2879
131012412,2,1,4,24,-1,-1,2,1.6122
131012443,2,1,4,24,-1,-1,2,2.5305
131012432,2,1,4,24,-1,-1,2,1.4875
131012423,2,1,4,24,-1,-1,2,1.4897
131012411,2,1,4,24,-1,-1,2,1.7256
131012428,2,1,4,24,-1,-1,2,1.4512
131012433,2,1,4,24,-1,-1,2,3.4194
131012430,2,1,4,24,-1,-1,2,2.0952
131012446,2,1,4,24,-1,-1,2,1.6893
131012403,2,1,4,24,-1,-1,2,2.5305
131012448,2,1,4,24,-1,-1,2,1.6099
131012427,2,1,4,24,-1,-1,2,1.7686
131012416,2,1,4,24,-1,-1,2,1.8503
131012426,2,1,4,24,-1,-1,2,1.8095
131012417,2,1,4,24,-1,-1,2,1.8888
131012441,2,1,4,24,-1,-1,2,1.3695
131012421,2,1,4,24,-1,-1,2,1.5714
131012442,2,1,4,24,-1,-1,2,1.8163
131012409,2,1,4,24,-1,-1,2,1.0589
131012414,2,1,4,24,-1,-1,2,1.2562
131012406,2,1,4,24,-1,-1,2,2.2448
131012418,2,1,4,24,-1,-1,2,1.8525
131012435,2,1,4,24,-1,-1,2,1.4081
131012415,2,1,4,24,-1,-1,2,1.2017
131012438,2,1,4,24,-1,-1,2,1.7165
131012408,2,1,4,24,-1,-1,2,2.4149
131012439,2,1,4,24,-1,-1,2,3.8435
131012402,2,1,4,24,-1,-1,2,2.1042
131012413,2,1,4,24,-1,-1,2,1.4897
131012436,2,1,4,24,-1,-1,2,1.6961
131012425,2,1,4,24,-1,-1,2,4.2358
131012407,2,1,4,24,-1,-1,2,2.4897
131012424,2,1,4,24,-1,-1,2,1.5305
131012437,2,1,4,24,-1,-1,2,1.5623
131012422,2,1,4,24,-1,-1,2,1.3038
131012420,2,1,4,24,-1,-1,2,1.6099
131012410,2,1,4,24,-1,-1,2,1.5283
131012440,2,1,4,24,-1,-1,2,1.8344
131012449,2,1,4,24,-1,-1,2,3.6757
131012404,2,1,4,24,-1,-1,2,2.5305
131012401,2,1,4,24,-1,-1,2,3.1246
131012447,2,1,4,24,-1,-1,2,1.3287
130012431,2,1,4,24,-1,-1,3,2.0793
130012406,2,1,4,24,-1,-1,3,2.6915
130012428,2,1,4,24,-1,-1,3,1.7754
130012432,2,1,4,24,-1,-1,3,2.0589
130012434,2,1,4,24,-1,-1,3,1.6076
130012439,2,1,4,24,-1,-1,3,1.5396
130012436,2,1,4,24,-1,-1,3,1.7709
130012442,2,1,4,24,-1,-1,3,1.8457
130012409,2,1,4,24,-1,-1,3,2.3809
130012412,2,1,4,24,-1,-1,3,1.5124
130012413,2,1,4,24,-1,-1,3,1.5963
130012433,2,1,4,24,-1,-1,3,1.492
130012435,2,1,4,24,-1,-1,3,1.5736
130012429,2,1,4,24,-1,-1,3,1.4421
130012450,2,1,4,24,-1,-1,3,3.6757
130012404,2,1,4,24,-1,-1,3,2.5305
130012448,2,1,4,24,-1,-1,3,1.3287
130012420,2,1,4,24,-1,-1,3,1.3287
130012417,2,1,4,24,-1,-1,3,1.6983
130012430,2,1,4,24,-1,-1,3,1.653
130012424,2,1,4,24,-1,-1,3,1.492
130012418,2,1,4,24,-1,-1,3,1.8911
130012443,2,1,4,24,-1,-1,3,1.3673
130012422,2,1,4,24,-1,-1,3,1.5714
130012444,2,1,4,24,-1,-1,3,1.8004
130012410,2,1,4,24,-1,-1,3,1.5714
130012415,2,1,4,24,-1,-1,3,1.2675
130012427,2,1,4,24,-1,-1,3,1.8163
130012407,2,1,4,24,-1,-1,3,2.2947
130012419,2,1,4,24,-1,-1,3,1.848
130012437,2,1,4,24,-1,-1,3,1.3968
130012416,2,1,4,24,-1,-1,3,1.3446
130012440,2,1,4,24,-1,-1,3,1.6847
130012403,2,1,4,24,-1,-1,3,2.136
130012414,2,1,4,24,-1,-1,3,1.492
130012445,2,1,4,24,-1,-1,3,2.5396
130012426,2,1,4,24,-1,-1,3,4.2426
130012408,2,1,4,24,-1,-1,3,2.4739
130012425,2,1,4,24,-1,-1,3,1.5192
130012438,2,1,4,24,-1,-1,3,1.7324
130012423,2,1,4,24,-1,-1,3,1.7324
130012421,2,1,4,24,-1,-1,3,1.5691
130012411,2,1,4,24,-1,-1,3,1.068
130012441,2,1,4,24,-1,-1,3,3.8707
130012447,2,1,4,24,-1,-1,3,1.4648
130012405,2,1,4,24,-1,-1,3,2.5305
130012402,2,1,4,24,-1,-1,3,3.1224
132012430,2,1,4,24,-1,-1,4,2.0751
132012405,2,1,4,24,-1,-1,4,2.6626
132012427,2,1,4,24,-1,-1,4,1.7439
132012431,2,1,4,24,-1,-1,4,2.0001
132012433,2,1,4,24,-1,-1,4,1.6001
132012438,2,1,4,24,-1,-1,4,1.5564
132012435,2,1,4,24,-1,-1,4,1.7251
132012441,2,1,4,24,-1,-1,4,1.7876
132012408,2,1,4,24,-1,-1,4,2.3939
132012411,2,1,4,24,-1,-1,4,1.6626
132012412,2,1,4,24,-1,-1,4,1.6814
132012432,2,1,4,24,-1,-1,4,1.5439
132012434,2,1,4,24,-1,-1,4,1.5814
132012428,2,1,4,24,-1,-1,4,1.4501
132012449,2,1,4,24,-1,-1,4,3.7376
132012403,2,1,4,24,-1,-1,4,2.5064
132012447,2,1,4,24,-1,-1,4,1.3501
132012419,2,1,4,24,-1,-1,4,1.2939
132012416,2,1,4,24,-1,-1,4,1.6689
132012429,2,1,4,24,-1,-1,4,1.6439
132012423,2,1,4,24,-1,-1,4,1.4251
132012417,2,1,4,24,-1,-1,4,1.8876
132012442,2,1,4,24,-1,-1,4,1.4001
132012421,2,1,4,24,-1,-1,4,1.5689
132012443,2,1,4,24,-1,-1,4,1.8001
132012409,2,1,4,24,-1,-1,4,1.5814
132012414,2,1,4,24,-1,-1,4,1.3126
132012426,2,1,4,24,-1,-1,4,1.8376
132012406,2,1,4,24,-1,-1,4,2.2689
132012418,2,1,4,24,-1,-1,4,1.8501
132012436,2,1,4,24,-1,-1,4,1.4126
132012415,2,1,4,24,-1,-1,4,1.3251
132012439,2,1,4,24,-1,-1,4,1.7001
132012402,2,1,4,24,-1,-1,4,2.1751
132012413,2,1,4,24,-1,-1,4,1.4251
132012444,2,1,4,24,-1,-1,4,2.5064
132012425,2,1,4,24,-1,-1,4,4.3126
132012407,2,1,4,24,-1,-1,4,2.4814
132012424,2,1,4,24,-1,-1,4,1.5314
132012437,2,1,4,24,-1,-1,4,1.7064
132012422,2,1,4,24,-1,-1,4,1.7189
132012420,2,1,4,24,-1,-1,4,1.6814
132012410,2,1,4,24,-1,-1,4,1.5314
132012440,2,1,4,24,-1,-1,4,3.8751
132012446,2,1,4,24,-1,-1,4,1.6689
132012404,2,1,4,24,-1,-1,4,2.6126
132012401,2,1,4,24,-1,-1,4,3.1314
1060412,2,4,1,-1,1,-1,2,1.8231
1060411,2,4,1,-1,1,-1,2,3.5487
1060423,2,4,1,-1,1,-1,2,2.1813
1060415,2,4,1,-1,1,-1,2,5.0226
1060421,2,4,1,-1,1,-1,2,2.9591
1060402,2,4,1,-1,1,-1,2,4.1088
1060414,2,4,1,-1,1,-1,2,3.9682
1060424,2,4,1,-1,1,-1,2,5.3582
1060417,2,4,1,-1,1,-1,2,3.9705
1060409,2,4,1,-1,1,-1,2,2.7482
1060407,2,4,1,-1,1,-1,2,4.1383
1060418,2,4,1,-1,1,-1,2,2.043
1060405,2,4,1,-1,1,-1,2,1.7278
1060403,2,4,1,-1,1,-1,2,2.2993
1060406,2,4,1,-1,1,-1,2,2.1519
1060419,2,4,1,-1,1,-1,2,3.7346
1060410,2,4,1,-1,1,-1,2,3.7074
1060408,2,4,1,-1,1,-1,2,2.9841
1060420,2,4,1,-1,1,-1,2,3.7732
1060404,2,4,1,-1,1,-1,2,3.9228
1030412,2,4,1,-1,1,-1,3,4.3513
1030411,2,4,1,-1,1,-1,3,3.3921
1030423,2,4,1,-1,1,-1,3,3.9023
1030415,2,4,1,-1,1,-1,3,2.8819
1030421,2,4,1,-1,1,-1,3,3.5486
1030402,2,4,1,-1,1,-1,3,2.1699
1030414,2,4,1,-1,1,-1,3,3.8139
1030424,2,4,1,-1,1,-1,3,2.4941
1030417,2,4,1,-1,1,-1,3,2.9227
1030409,2,4,1,-1,1,-1,3,2.603
1030407,2,4,1,-1,1,-1,3,3.9862
1030418,2,4,1,-1,1,-1,3,0.9794
1030405,2,4,1,-1,1,-1,3,3.6211
1030403,2,4,1,-1,1,-1,3,1.3921
1030406,2,4,1,-1,1,-1,3,1.7595
1030419,2,4,1,-1,1,-1,3,3.5985
1030410,2,4,1,-1,1,-1,3,3.5576
1030408,2,4,1,-1,1,-1,3,1.2991
1030420,2,4,1,-1,1,-1,3,3.1608
1030404,2,4,1,-1,1,-1,3,3.603
1050420,2,4,1,-1,1,-1,4,4.0501
1050402,2,4,1,-1,1,-1,4,4.3064
1050421,2,4,1,-1,1,-1,4,2.6439
1050409,2,4,1,-1,1,-1,4,3.6876
1050411,2,4,1,-1,1,-1,4,4.5001
1050419,2,4,1,-1,1,-1,4,2.9626
1050407,2,4,1,-1,1,-1,4,2.9814
1050415,2,4,1,-1,1,-1,4,4.6439
1050405,2,4,1,-1,1,-1,4,3.0064
1050403,2,4,1,-1,1,-1,4,3.7751
1050406,2,4,1,-1,1,-1,4,4.1376
1050416,2,4,1,-1,1,-1,4,3.7564
1050410,2,4,1,-1,1,-1,4,3.5814
1050408,2,4,1,-1,1,-1,4,2.7314
1050418,2,4,1,-1,1,-1,4,3.7751
1050412,2,4,1,-1,1,-1,4,4.1126
1050404,2,4,1,-1,1,-1,4,3.8814
1050401,2,4,1,-1,1,-1,4,4.8189
1050417,2,4,1,-1,1,-1,4,3.7314
1050413,2,4,1,-1,1,-1,4,3.9689
1060512,2,5,1,-1,1,-1,2,2.6349
1060511,2,5,1,-1,1,-1,2,1.5532
1060523,2,5,1,-1,1,-1,2,3.5714
1060515,2,5,1,-1,1,-1,2,7.9183
1060521,2,5,1,-1,1,-1,2,3.5147
1060502,2,5,1,-1,1,-1,2,1.653
1060514,2,5,1,-1,1,-1,2,2.8004
1060524,2,5,1,-1,1,-1,2,2.6462
1060517,2,5,1,-1,1,-1,2,2.9863
1060509,2,5,1,-1,1,-1,2,4.789
1060507,2,5,1,-1,1,-1,2,4.2312
1060518,2,5,1,-1,1,-1,2,2.5895
1060505,2,5,1,-1,1,-1,2,2.848
1060503,2,5,1,-1,1,-1,2,2.1949
1060506,2,5,1,-1,1,-1,2,3.1519
1060519,2,5,1,-1,1,-1,2,4.0045
1060510,2,5,1,-1,1,-1,2,3.4398
1060508,2,5,1,-1,1,-1,2,2.9002
1060520,2,5,1,-1,1,-1,2,3.4965
1060504,2,5,1,-1,1,-1,2,3.3605
1030512,2,5,1,-1,1,-1,3,2.8093
1030511,2,5,1,-1,1,-1,3,3.1812
1030522,2,5,1,-1,1,-1,3,3.2175
1030515,2,5,1,-1,1,-1,3,3.9
1030521,2,5,1,-1,1,-1,3,1.8003
1030502,2,5,1,-1,1,-1,3,2.9114
1030514,2,5,1,-1,1,-1,3,7.0542
1030523,2,5,1,-1,1,-1,3,6.5395
1030517,2,5,1,-1,1,-1,3,2.1177
1030509,2,5,1,-1,1,-1,3,3.2901
1030507,2,5,1,-1,1,-1,3,2.7527
1030518,2,5,1,-1,1,-1,3,2.5871
1030505,2,5,1,-1,1,-1,3,3.0044
1030503,2,5,1,-1,1,-1,3,3.2107
1030506,2,5,1,-1,1,-1,3,4.0792
1030519,2,5,1,-1,1,-1,3,3.349
1030510,2,5,1,-1,1,-1,3,3.1926
1030508,2,5,1,-1,1,-1,3,4.6393
1030520,2,5,1,-1,1,-1,3,2.0497
1030504,2,5,1,-1,1,-1,3,2.6982
1050520,2,5,1,-1,1,-1,4,4.6064
1050502,2,5,1,-1,1,-1,4,3.0689
1050521,2,5,1,-1,1,-1,4,3.3689
1050509,2,5,1,-1,1,-1,4,3.4501
1050511,2,5,1,-1,1,-1,4,3.3064
1050519,2,5,1,-1,1,-1,4,3.5001
1050507,2,5,1,-1,1,-1,4,2.9189
1050515,2,5,1,-1,1,-1,4,4.0314
1050505,2,5,1,-1,1,-1,4,3.1626
1050503,2,5,1,-1,1,-1,4,3.3501
1050506,2,5,1,-1,1,-1,4,4.2189
1050516,2,5,1,-1,1,-1,4,3.0001
1050510,2,5,1,-1,1,-1,4,3.3439
1050508,2,5,1,-1,1,-1,4,4.7814
1050518,2,5,1,-1,1,-1,4,4.0064
1050512,2,5,1,-1,1,-1,4,2.9814
1050504,2,5,1,-1,1,-1,4,2.8314
1050501,2,5,1,-1,1,-1,4,2.2626
1050517,2,5,1,-1,1,-1,4,3.3751
1050513,2,5,1,-1,1,-1,4,3.2251
1060703,2,7,1,-1,1,-1,2,2.5351
1060708,2,7,1,-1,1,-1,2,2.5328
1060710,2,7,1,-1,1,-1,2,2.9818
1060712,2,7,1,-1,1,-1,2,2.9115
1060716,2,7,1,-1,1,-1,2,2.5963
1060706,2,7,1,-1,1,-1,2,1.7686
1060704,2,7,1,-1,1,-1,2,2.9773
1060718,2,7,1,-1,1,-1,2,3.3446
1060719,2,7,1,-1,1,-1,2,7.6485
1060711,2,7,1,-1,1,-1,2,3.0407
1060709,2,7,1,-1,1,-1,2,2.6643
1060715,2,7,1,-1,1,-1,2,3.3219
1060713,2,7,1,-1,1,-1,2,3.6462
1060705,2,7,1,-1,1,-1,2,1.7006
1060702,2,7,1,-1,1,-1,2,3.2675
1060707,2,7,1,-1,1,-1,2,3.1995
1060717,2,7,1,-1,1,-1,2,3.458
1060714,2,7,1,-1,1,-1,2,3.1315
1030721,2,7,1,-1,1,-1,3,2.3468
1030711,2,7,1,-1,1,-1,3,2.8343
1030715,2,7,1,-1,1,-1,3,2.9885
1030714,2,7,1,-1,1,-1,3,3.4987
1030702,2,7,1,-1,1,-1,3,2.4692
1030722,2,7,1,-1,1,-1,3,5.7232
1030712,2,7,1,-1,1,-1,3,2.8864
1030720,2,7,1,-1,1,-1,3,3.3105
1030709,2,7,1,-1,1,-1,3,2.3808
1030707,2,7,1,-1,1,-1,3,1.6483
1030717,2,7,1,-1,1,-1,3,1.925
1030705,2,7,1,-1,1,-1,3,2.1676
1030703,2,7,1,-1,1,-1,3,2.3853
1030706,2,7,1,-1,1,-1,3,1.5463
1030718,2,7,1,-1,1,-1,3,1.9341
1030710,2,7,1,-1,1,-1,3,1.4828
1030708,2,7,1,-1,1,-1,3,3.0202
1030719,2,7,1,-1,1,-1,3,2.0905
1050721,2,7,1,-1,1,-1,4,3.3626
1050711,2,7,1,-1,1,-1,4,2.9814
1050715,2,7,1,-1,1,-1,4,3.1314
1050714,2,7,1,-1,1,-1,4,3.6376
1050702,2,7,1,-1,1,-1,4,3.2564
1050722,2,7,1,-1,1,-1,4,4.1939
1050712,2,7,1,-1,1,-1,4,3.0439
1050720,2,7,1,-1,1,-1,4,3.4376
1050709,2,7,1,-1,1,-1,4,2.5376
1050707,2,7,1,-1,1,-1,4,3.2126
1050717,2,7,1,-1,1,-1,4,2.8376
1050705,2,7,1,-1,1,-1,4,2.9876
1050703,2,7,1,-1,1,-1,4,2.5376
1050706,2,7,1,-1,1,-1,4,2.7939
1050718,2,7,1,-1,1,-1,4,2.7876
1050710,2,7,1,-1,1,-1,4,2.6689
1050708,2,7,1,-1,1,-1,4,3.1814
1050719,2,7,1,-1,1,-1,4,2.2376
1060812,2,8,1,-1,1,-1,2,1.56
1060811,2,8,1,-1,1,-1,2,3.7414
1060822,2,8,1,-1,1,-1,2,2.9387
1060815,2,8,1,-1,1,-1,2,2.3741
1060821,2,8,1,-1,1,-1,2,2.6031
1060802,2,8,1,-1,1,-1,2,2.4602
1060814,2,8,1,-1,1,-1,2,3.4512
1060823,2,8,1,-1,1,-1,2,6.8979
1060817,2,8,1,-1,1,-1,2,2.8548
1060809,2,8,1,-1,1,-1,2,2.8503
1060807,2,8,1,-1,1,-1,2,3.7074
1060818,2,8,1,-1,1,-1,2,2.9319
1060805,2,8,1,-1,1,-1,2,2.1927
1060803,2,8,1,-1,1,-1,2,4.2902
1060806,2,8,1,-1,1,-1,2,3.6711
1060819,2,8,1,-1,1,-1,2,2.6666
1060810,2,8,1,-1,1,-1,2,2.8729
1060808,2,8,1,-1,1,-1,2,2.7845
1060820,2,8,1,-1,1,-1,2,3.238
1060804,2,8,1,-1,1,-1,2,3.5011
1030812,2,8,1,-1,1,-1,3,6.5644
1030811,2,8,1,-1,1,-1,3,2.1381
1030822,2,8,1,-1,1,-1,3,2.7912
1030815,2,8,1,-1,1,-1,3,2.696
1030821,2,8,1,-1,1,-1,3,2.4443
1030802,2,8,1,-1,1,-1,3,1.9341
1030814,2,8,1,-1,1,-1,3,3.3105
1030823,2,8,1,-1,1,-1,3,4.9771
1030817,2,8,1,-1,1,-1,3,2.6982
1030809,2,8,1,-1,1,-1,3,2.8887
1030807,2,8,1,-1,1,-1,3,1.8932
1030818,2,8,1,-1,1,-1,3,2.7889
1030805,2,8,1,-1,1,-1,3,2.6642
1030803,2,8,1,-1,1,-1,3,3.5576
1030806,2,8,1,-1,1,-1,3,1.027
1030819,2,8,1,-1,1,-1,3,2.5259
1030810,2,8,1,-1,1,-1,3,3.5123
1030808,2,8,1,-1,1,-1,3,3.5554
1030820,2,8,1,-1,1,-1,3,3.0746
1030804,2,8,1,-1,1,-1,3,3.2765
1050819,2,8,1,-1,1,-1,4,3.2376
1050802,2,8,1,-1,1,-1,4,4.3876
1050820,2,8,1,-1,1,-1,4,2.1939
1050809,2,8,1,-1,1,-1,4,2.8814
1050811,2,8,1,-1,1,-1,4,2.6564
1050818,2,8,1,-1,1,-1,4,2.6689
1050807,2,8,1,-1,1,-1,4,3.0251
1050814,2,8,1,-1,1,-1,4,2.8251
1050805,2,8,1,-1,1,-1,4,3.7251
1050803,2,8,1,-1,1,-1,4,3.4564
1050806,2,8,1,-1,1,-1,4,3.6939
1050815,2,8,1,-1,1,-1,4,3.8376
1050810,2,8,1,-1,1,-1,4,3.6126
1050808,2,8,1,-1,1,-1,4,3.6626
1050817,2,8,1,-1,1,-1,4,2.9439
1050812,2,8,1,-1,1,-1,4,3.3251
1050804,2,8,1,-1,1,-1,4,2.7314
1050801,2,8,1,-1,1,-1,4,2.4564
1050816,2,8,1,-1,1,-1,4,2.8564
1050813,2,8,1,-1,1,-1,4,3.4626
131111531,2,11,4,15,-1,-1,2,2.0906
131111513,2,11,4,15,-1,-1,2,1.6507
131111512,2,11,4,15,-1,-1,2,1.3333
131111524,2,11,4,15,-1,-1,2,2.1292
131111504,2,11,4,15,-1,-1,2,1.8389
131111530,2,11,4,15,-1,-1,2,3.1269
131111547,2,11,4,15,-1,-1,2,3.1881
131111534,2,11,4,15,-1,-1,2,2.975
131111528,2,11,4,15,-1,-1,2,1.4126
131111506,2,11,4,15,-1,-1,2,3.1269
131111535,2,11,4,15,-1,-1,2,2.2448
131111543,2,11,4,15,-1,-1,2,1.6507
131111529,2,11,4,15,-1,-1,2,1.4897
131111537,2,11,4,15,-1,-1,2,2.4875
131111536,2,11,4,15,-1,-1,2,1.3015
131111509,2,11,4,15,-1,-1,2,2.4534
131111516,2,11,4,15,-1,-1,2,1.4897
131111548,2,11,4,15,-1,-1,2,3.9024
131111520,2,11,4,15,-1,-1,2,0.8163
131111550,2,11,4,15,-1,-1,2,1.4852
131111544,2,11,4,15,-1,-1,2,1.7324
131111517,2,11,4,15,-1,-1,2,1.8503
131111533,2,11,4,15,-1,-1,2,1.9682
131111532,2,11,4,15,-1,-1,2,1.2108
131111518,2,11,4,15,-1,-1,2,1.2902
131111545,2,11,4,15,-1,-1,2,2.0045
131111522,2,11,4,15,-1,-1,2,2.8072
131111553,2,11,4,15,-1,-1,2,2.6326
131111510,2,11,4,15,-1,-1,2,1.5487
131111515,2,11,4,15,-1,-1,2,1.4897
131111527,2,11,4,15,-1,-1,2,1.9319
131111507,2,11,4,15,-1,-1,2,2.2494
131111519,2,11,4,15,-1,-1,2,0.5646
131111539,2,11,4,15,-1,-1,2,2.17
131111542,2,11,4,15,-1,-1,2,1.8095
131111503,2,11,4,15,-1,-1,2,1.8049
131111514,2,11,4,15,-1,-1,2,1.7686
131111540,2,11,4,15,-1,-1,2,1.2516
131111526,2,11,4,15,-1,-1,2,2.2108
131111508,2,11,4,15,-1,-1,2,2.331
131111525,2,11,4,15,-1,-1,2,1.6099
131111538,2,11,4,15,-1,-1,2,3.3718
131111523,2,11,4,15,-1,-1,2,1.2085
131111521,2,11,4,15,-1,-1,2,2.0884
131111511,2,11,4,15,-1,-1,2,0.7097
131111541,2,11,4,15,-1,-1,2,2.1677
131111551,2,11,4,15,-1,-1,2,0.7686
131111505,2,11,4,15,-1,-1,2,2.2131
131111501,2,11,4,15,-1,-1,2,1.2539
130111531,2,11,4,15,-1,-1,3,2.941
130111506,2,11,4,15,-1,-1,3,2.2516
130111528,2,11,4,15,-1,-1,3,2.0906
130111532,2,11,4,15,-1,-1,3,2.2743
130111534,2,11,4,15,-1,-1,3,2.4648
130111539,2,11,4,15,-1,-1,3,1.8095
130111536,2,11,4,15,-1,-1,3,2.1632
130111542,2,11,4,15,-1,-1,3,2.0158
130111509,2,11,4,15,-1,-1,3,3.0362
130111512,2,11,4,15,-1,-1,3,1.7618
130111513,2,11,4,15,-1,-1,3,1.4988
130111533,2,11,4,15,-1,-1,3,1.3287
130111535,2,11,4,15,-1,-1,3,3.3809
130111529,2,11,4,15,-1,-1,3,1.2108
130111551,2,11,4,15,-1,-1,3,2.6485
130111504,2,11,4,15,-1,-1,3,2.204
130111549,2,11,4,15,-1,-1,3,4.0181
130111520,2,11,4,15,-1,-1,3,1.2176
130111517,2,11,4,15,-1,-1,3,2.1201
130111530,2,11,4,15,-1,-1,3,1.9705
130111524,2,11,4,15,-1,-1,3,1.941
130111518,2,11,4,15,-1,-1,3,2.0906
130111543,2,11,4,15,-1,-1,3,1.5124
130111522,2,11,4,15,-1,-1,3,1.6099
130111544,2,11,4,15,-1,-1,3,3.7414
130111510,2,11,4,15,-1,-1,3,1.3219
130111515,2,11,4,15,-1,-1,3,1.8503
130111527,2,11,4,15,-1,-1,3,3.1201
130111507,2,11,4,15,-1,-1,3,2.331
130111519,2,11,4,15,-1,-1,3,2.8027
130111537,2,11,4,15,-1,-1,3,1.2584
130111516,2,11,4,15,-1,-1,3,1.2993
130111540,2,11,4,15,-1,-1,3,1.6507
130111503,2,11,4,15,-1,-1,3,1.848
130111514,2,11,4,15,-1,-1,3,1.4897
130111545,2,11,4,15,-1,-1,3,4.0476
130111526,2,11,4,15,-1,-1,3,1.4897
130111508,2,11,4,15,-1,-1,3,2.4376
130111525,2,11,4,15,-1,-1,3,1.4013
130111538,2,11,4,15,-1,-1,3,2.17
130111523,2,11,4,15,-1,-1,3,2.2085
130111521,2,11,4,15,-1,-1,3,2.1315
130111511,2,11,4,15,-1,-1,3,1.6507
130111541,2,11,4,15,-1,-1,3,1.7324
130111547,2,11,4,15,-1,-1,3,1.492
130111505,2,11,4,15,-1,-1,3,3.136
130111502,2,11,4,15,-1,-1,3,1.8072
130111550,2,11,4,15,-1,-1,3,1.0339
130111546,2,11,4,15,-1,-1,3,2.8185
132111531,2,11,4,15,-1,-1,4,2.8814
132111506,2,11,4,15,-1,-1,4,2.2751
132111528,2,11,4,15,-1,-1,4,2.1439
132111532,2,11,4,15,-1,-1,4,2.2626
132111534,2,11,4,15,-1,-1,4,2.5126
132111539,2,11,4,15,-1,-1,4,1.8064
132111536,2,11,4,15,-1,-1,4,2.1689
132111542,2,11,4,15,-1,-1,4,1.9626
132111509,2,11,4,15,-1,-1,4,3.0314
132111512,2,11,4,15,-1,-1,4,1.7689
132111513,2,11,4,15,-1,-1,4,1.4939
132111533,2,11,4,15,-1,-1,4,1.2689
132111535,2,11,4,15,-1,-1,4,3.4564
132111529,2,11,4,15,-1,-1,4,1.2064
132111550,2,11,4,15,-1,-1,4,2.5751
132111504,2,11,4,15,-1,-1,4,2.2251
132111548,2,11,4,15,-1,-1,4,0.7689
132111520,2,11,4,15,-1,-1,4,1.2314
132111517,2,11,4,15,-1,-1,4,2.1064
132111530,2,11,4,15,-1,-1,4,1.9689
132111524,2,11,4,15,-1,-1,4,1.9001
132111518,2,11,4,15,-1,-1,4,2.0689
132111543,2,11,4,15,-1,-1,4,1.5251
132111522,2,11,4,15,-1,-1,4,1.6126
132111544,2,11,4,15,-1,-1,4,3.7314
132111510,2,11,4,15,-1,-1,4,1.3564
132111515,2,11,4,15,-1,-1,4,1.8501
132111527,2,11,4,15,-1,-1,4,3.1564
132111507,2,11,4,15,-1,-1,4,2.3626
132111519,2,11,4,15,-1,-1,4,2.8314
132111537,2,11,4,15,-1,-1,4,1.2501
132111516,2,11,4,15,-1,-1,4,1.2876
132111540,2,11,4,15,-1,-1,4,1.6564
132111503,2,11,4,15,-1,-1,4,1.8501
132111514,2,11,4,15,-1,-1,4,1.4876
132111545,2,11,4,15,-1,-1,4,4.1126
132111526,2,11,4,15,-1,-1,4,1.4626
132111508,2,11,4,15,-1,-1,4,2.3814
132111525,2,11,4,15,-1,-1,4,1.4126
132111538,2,11,4,15,-1,-1,4,2.1689
132111523,2,11,4,15,-1,-1,4,2.2126
132111521,2,11,4,15,-1,-1,4,2.1064
132111511,2,11,4,15,-1,-1,4,1.6751
132111541,2,11,4,15,-1,-1,4,1.7251
132111547,2,11,4,15,-1,-1,4,1.4689
132111505,2,11,4,15,-1,-1,4,3.1439
132111502,2,11,4,15,-1,-1,4,1.8064
132111549,2,11,4,15,-1,-1,4,5.8501
132111546,2,11,4,15,-1,-1,4,2.7814
131112531,2,11,4,25,-1,-1,2,1.7437
131112513,2,11,4,25,-1,-1,2,1.4988
131112512,2,11,4,25,-1,-1,2,2.3333
131112544,2,11,4,25,-1,-1,2,2.1995
131112503,2,11,4,25,-1,-1,2,2.0022
131112530,2,11,4,25,-1,-1,2,3.1292
131112541,2,11,4,25,-1,-1,2,1.9931
131112534,2,11,4,25,-1,-1,2,0.8185
131112524,2,11,4,25,-1,-1,2,2.1133
131112505,2,11,4,25,-1,-1,2,2.6099
131112536,2,11,4,25,-1,-1,2,1.7233
131112538,2,11,4,25,-1,-1,2,2.2516
131112529,2,11,4,25,-1,-1,2,1.5691
131112537,2,11,4,25,-1,-1,2,2.4081
131112520,2,11,4,25,-1,-1,2,2.068
131112508,2,11,4,25,-1,-1,2,1.3763
131112516,2,11,4,25,-1,-1,2,1.2539
131112548,2,11,4,25,-1,-1,2,2.0113
131112551,2,11,4,25,-1,-1,2,1.6462
131112532,2,11,4,25,-1,-1,2,2.619
131112517,2,11,4,25,-1,-1,2,1.6507
131112533,2,11,4,25,-1,-1,2,0.8639
131112535,2,11,4,25,-1,-1,2,1.7324
131112518,2,11,4,25,-1,-1,2,1.746
131112545,2,11,4,25,-1,-1,2,1.9387
131112522,2,11,4,25,-1,-1,2,1.6417
131112546,2,11,4,25,-1,-1,2,3.0407
131112510,2,11,4,25,-1,-1,2,1.7618
131112515,2,11,4,25,-1,-1,2,1.2562
131112528,2,11,4,25,-1,-1,2,2.3763
131112506,2,11,4,25,-1,-1,2,2.9115
131112519,2,11,4,25,-1,-1,2,1.7165
131112543,2,11,4,25,-1,-1,2,2.7392
131112552,2,11,4,25,-1,-1,2,1.6915
131112502,2,11,4,25,-1,-1,2,1.8095
131112514,2,11,4,25,-1,-1,2,1.4943
131112540,2,11,4,25,-1,-1,2,2.0135
131112527,2,11,4,25,-1,-1,2,0.6983
131112507,2,11,4,25,-1,-1,2,2.2993
131112525,2,11,4,25,-1,-1,2,2.1587
131112539,2,11,4,25,-1,-1,2,1.941
131112523,2,11,4,25,-1,-1,2,2.5011
131112521,2,11,4,25,-1,-1,2,1.9138
131112511,2,11,4,25,-1,-1,2,1.7346
131112542,2,11,4,25,-1,-1,2,1.8117
131112549,2,11,4,25,-1,-1,2,1.3287
131112504,2,11,4,25,-1,-1,2,2.5305
131112501,2,11,4,25,-1,-1,2,2.0544
131112550,2,11,4,25,-1,-1,2,1.0929
130112530,2,11,4,25,-1,-1,3,3.1292
130112513,2,11,4,25,-1,-1,3,1.4875
130112512,2,11,4,25,-1,-1,3,2.3718
130112543,2,11,4,25,-1,-1,3,2.2085
130112504,2,11,4,25,-1,-1,3,2.009
130112529,2,11,4,25,-1,-1,3,1.5714
130112540,2,11,4,25,-1,-1,3,2.0181
130112533,2,11,4,25,-1,-1,3,2.4512
130112524,2,11,4,25,-1,-1,3,2.1292
130112506,2,11,4,25,-1,-1,3,2.5986
130112535,2,11,4,25,-1,-1,3,1.755
130112537,2,11,4,25,-1,-1,3,2.2494
130112528,2,11,4,25,-1,-1,3,0.8321
130112536,2,11,4,25,-1,-1,3,2.3854
130112520,2,11,4,25,-1,-1,3,2.0906
130112509,2,11,4,25,-1,-1,3,2.6507
130112516,2,11,4,25,-1,-1,3,1.2584
130112547,2,11,4,25,-1,-1,3,1.6575
130112550,2,11,4,25,-1,-1,3,1.6485
130112531,2,11,4,25,-1,-1,3,1.7301
130112517,2,11,4,25,-1,-1,3,1.6417
130112532,2,11,4,25,-1,-1,3,2.6099
130112534,2,11,4,25,-1,-1,3,1.7301
130112518,2,11,4,25,-1,-1,3,1.7301
130112544,2,11,4,25,-1,-1,3,1.9319
130112522,2,11,4,25,-1,-1,3,1.6485
130112545,2,11,4,25,-1,-1,3,3.0498
130112510,2,11,4,25,-1,-1,3,1.7709
130112515,2,11,4,25,-1,-1,3,1.2494
130112527,2,11,4,25,-1,-1,3,0.789
130112507,2,11,4,25,-1,-1,3,2.6212
130112519,2,11,4,25,-1,-1,3,1.7301
130112542,2,11,4,25,-1,-1,3,2.7324
130112551,2,11,4,25,-1,-1,3,1.6893
130112502,2,11,4,25,-1,-1,3,0.9274
130112514,2,11,4,25,-1,-1,3,1.492
130112539,2,11,4,25,-1,-1,3,2.0113
130112526,2,11,4,25,-1,-1,3,1.3968
130112508,2,11,4,25,-1,-1,3,2.5578
130112525,2,11,4,25,-1,-1,3,1.7233
130112538,2,11,4,25,-1,-1,3,1.9296
130112523,2,11,4,25,-1,-1,3,2.492
130112521,2,11,4,25,-1,-1,3,1.8911
130112511,2,11,4,25,-1,-1,3,1.6893
130112541,2,11,4,25,-1,-1,3,1.8004
130112548,2,11,4,25,-1,-1,3,0.9886
130112505,2,11,4,25,-1,-1,3,2.5441
130112501,2,11,4,25,-1,-1,3,2.0657
130112549,2,11,4,25,-1,-1,3,1.0838
132112530,2,11,4,25,-1,-1,4,2.6189
132112505,2,11,4,25,-1,-1,4,2.6126
132112527,2,11,4,25,-1,-1,4,1.5939
132112531,2,11,4,25,-1,-1,4,2.4501
132112533,2,11,4,25,-1,-1,4,1.7064
132112538,2,11,4,25,-1,-1,4,2.0126
132112535,2,11,4,25,-1,-1,4,2.2501
132112541,2,11,4,25,-1,-1,4,2.2064
132112508,2,11,4,25,-1,-1,4,2.6876
132112511,2,11,4,25,-1,-1,4,2.2939
132112512,2,11,4,25,-1,-1,4,1.5126
132112532,2,11,4,25,-1,-1,4,1.7251
132112534,2,11,4,25,-1,-1,4,2.4314
132112528,2,11,4,25,-1,-1,4,3.1001
132112549,2,11,4,25,-1,-1,4,1.6939
132112503,2,11,4,25,-1,-1,4,2.0314
132112547,2,11,4,25,-1,-1,4,1.0876
132112519,2,11,4,25,-1,-1,4,2.0939
132112516,2,11,4,25,-1,-1,4,1.6314
132112529,2,11,4,25,-1,-1,4,1.7251
132112523,2,11,4,25,-1,-1,4,2.1251
132112517,2,11,4,25,-1,-1,4,1.7314
132112542,2,11,4,25,-1,-1,4,1.9251
132112521,2,11,4,25,-1,-1,4,1.6564
132112543,2,11,4,25,-1,-1,4,3.0564
132112509,2,11,4,25,-1,-1,4,1.7439
132112514,2,11,4,25,-1,-1,4,1.2251
132112526,2,11,4,25,-1,-1,4,2.3689
132112506,2,11,4,25,-1,-1,4,2.8939
132112518,2,11,4,25,-1,-1,4,1.7501
132112536,2,11,4,25,-1,-1,4,1.9314
132112515,2,11,4,25,-1,-1,4,1.2689
132112539,2,11,4,25,-1,-1,4,1.8314
132112502,2,11,4,25,-1,-1,4,1.7814
132112513,2,11,4,25,-1,-1,4,1.4939
132112544,2,11,4,25,-1,-1,4,2.7251
132112525,2,11,4,25,-1,-1,4,1.6814
132112507,2,11,4,25,-1,-1,4,2.2814
132112524,2,11,4,25,-1,-1,4,2.1501
132112537,2,11,4,25,-1,-1,4,1.9876
132112522,2,11,4,25,-1,-1,4,2.4876
132112520,2,11,4,25,-1,-1,4,1.8876
132112510,2,11,4,25,-1,-1,4,1.7314
132112540,2,11,4,25,-1,-1,4,2.7376
132112546,2,11,4,25,-1,-1,4,1.3314
132112504,2,11,4,25,-1,-1,4,2.5251
132112501,2,11,4,25,-1,-1,4,2.0751
132112548,2,11,4,25,-1,-1,4,1.6501
132112545,2,11,4,25,-1,-1,4,2.0126
134151319,2,15,2,13,-1,-1,2,2.229
134151302,2,15,2,13,-1,-1,2,3.3038
134151320,2,15,2,13,-1,-1,2,1.8934
134151309,2,15,2,13,-1,-1,2,2.1881
134151311,2,15,2,13,-1,-1,2,2.1337
134151318,2,15,2,13,-1,-1,2,4.2494
134151307,2,15,2,13,-1,-1,2,2.7301
134151314,2,15,2,13,-1,-1,2,2.8344
134151305,2,15,2,13,-1,-1,2,2.789
134151303,2,15,2,13,-1,-1,2,1.9795
134151306,2,15,2,13,-1,-1,2,3.0544
134151315,2,15,2,13,-1,-1,2,2.2584
134151310,2,15,2,13,-1,-1,2,2.9773
134151308,2,15,2,13,-1,-1,2,2.7074
134151317,2,15,2,13,-1,-1,2,2.0838
134151312,2,15,2,13,-1,-1,2,1.8752
134151304,2,15,2,13,-1,-1,2,3.7936
134151301,2,15,2,13,-1,-1,2,2.9909
134151316,2,15,2,13,-1,-1,2,2.0476
134151313,2,15,2,13,-1,-1,2,2.365
133151319,2,15,2,13,-1,-1,3,2.2403
133151302,2,15,2,13,-1,-1,3,3.297
133151320,2,15,2,13,-1,-1,3,1.8911
133151309,2,15,2,13,-1,-1,3,2.1745
133151311,2,15,2,13,-1,-1,3,2.1315
133151318,2,15,2,13,-1,-1,3,4.2426
133151307,2,15,2,13,-1,-1,3,2.7482
133151314,2,15,2,13,-1,-1,3,2.8253
133151305,2,15,2,13,-1,-1,3,2.7868
133151303,2,15,2,13,-1,-1,3,1.9863
133151306,2,15,2,13,-1,-1,3,3.0521
133151315,2,15,2,13,-1,-1,3,2.2562
133151310,2,15,2,13,-1,-1,3,2.9841
133151308,2,15,2,13,-1,-1,3,2.7074
133151317,2,15,2,13,-1,-1,3,2.0634
133151312,2,15,2,13,-1,-1,3,1.882
133151304,2,15,2,13,-1,-1,3,3.7936
133151301,2,15,2,13,-1,-1,3,3.0249
133151316,2,15,2,13,-1,-1,3,2.068
133151313,2,15,2,13,-1,-1,3,2.365
135151319,2,15,2,13,-1,-1,4,2.2626
135151302,2,15,2,13,-1,-1,4,3.3001
135151320,2,15,2,13,-1,-1,4,1.8751
135151309,2,15,2,13,-1,-1,4,2.1564
135151311,2,15,2,13,-1,-1,4,2.1126
135151318,2,15,2,13,-1,-1,4,4.2376
135151307,2,15,2,13,-1,-1,4,2.7501
135151314,2,15,2,13,-1,-1,4,2.8376
135151305,2,15,2,13,-1,-1,4,2.7876
135151303,2,15,2,13,-1,-1,4,1.9814
135151306,2,15,2,13,-1,-1,4,3.0501
135151315,2,15,2,13,-1,-1,4,2.2564
135151310,2,15,2,13,-1,-1,4,3.0001
135151308,2,15,2,13,-1,-1,4,2.7189
135151317,2,15,2,13,-1,-1,4,2.0689
135151312,2,15,2,13,-1,-1,4,1.8939
135151304,2,15,2,13,-1,-1,4,3.8001
135151301,2,15,2,13,-1,-1,4,3.0189
135151316,2,15,2,13,-1,-1,4,2.0626
135151313,2,15,2,13,-1,-1,4,2.3439
134151419,2,15,2,14,-1,-1,2,2.3219
134151402,2,15,2,14,-1,-1,2,2.0407
134151420,2,15,2,14,-1,-1,2,2.492
134151409,2,15,2,14,-1,-1,2,1.8639
134151411,2,15,2,14,-1,-1,2,2.3741
134151418,2,15,2,14,-1,-1,2,2.7051
134151407,2,15,2,14,-1,-1,2,2.8843
134151414,2,15,2,14,-1,-1,2,2.6847
134151405,2,15,2,14,-1,-1,2,2.3968
134151403,2,15,2,14,-1,-1,2,1.8752
134151406,2,15,2,14,-1,-1,2,2.068
134151415,2,15,2,14,-1,-1,2,2.4285
134151410,2,15,2,14,-1,-1,2,2.0453
134151408,2,15,2,14,-1,-1,2,2.5351
134151417,2,15,2,14,-1,-1,2,2.4716
134151412,2,15,2,14,-1,-1,2,3.1337
134151404,2,15,2,14,-1,-1,2,2.4036
134151401,2,15,2,14,-1,-1,2,6.3704
134151416,2,15,2,14,-1,-1,2,2.941
134151413,2,15,2,14,-1,-1,2,2.4285
133151419,2,15,2,14,-1,-1,3,2.331
133151402,2,15,2,14,-1,-1,3,2.0362
133151420,2,15,2,14,-1,-1,3,2.4852
133151409,2,15,2,14,-1,-1,3,1.8752
133151411,2,15,2,14,-1,-1,3,2.3559
133151418,2,15,2,14,-1,-1,3,2.7051
133151407,2,15,2,14,-1,-1,3,2.8775
133151414,2,15,2,14,-1,-1,3,2.6507
133151405,2,15,2,14,-1,-1,3,2.4262
133151403,2,15,2,14,-1,-1,3,1.8752
133151406,2,15,2,14,-1,-1,3,2.0566
133151415,2,15,2,14,-1,-1,3,2.4217
133151410,2,15,2,14,-1,-1,3,2.0544
133151408,2,15,2,14,-1,-1,3,2.526
133151417,2,15,2,14,-1,-1,3,2.4716
133151412,2,15,2,14,-1,-1,3,3.1791
133151404,2,15,2,14,-1,-1,3,2.3854
133151401,2,15,2,14,-1,-1,3,6.3817
133151416,2,15,2,14,-1,-1,3,2.941
133151413,2,15,2,14,-1,-1,3,2.4376
135151419,2,15,2,14,-1,-1,4,2.3251
135151402,2,15,2,14,-1,-1,4,2.0376
135151420,2,15,2,14,-1,-1,4,2.4939
135151409,2,15,2,14,-1,-1,4,1.8751
135151411,2,15,2,14,-1,-1,4,2.3626
135151418,2,15,2,14,-1,-1,4,2.7001
135151407,2,15,2,14,-1,-1,4,2.8751
135151414,2,15,2,14,-1,-1,4,2.6814
135151405,2,15,2,14,-1,-1,4,2.4064
135151403,2,15,2,14,-1,-1,4,1.8689
135151406,2,15,2,14,-1,-1,4,2.0689
135151415,2,15,2,14,-1,-1,4,2.4314
135151410,2,15,2,14,-1,-1,4,2.0439
135151408,2,15,2,14,-1,-1,4,2.5314
135151417,2,15,2,14,-1,-1,4,2.4751
135151412,2,15,2,14,-1,-1,4,3.1564
135151404,2,15,2,14,-1,-1,4,2.3876
135151401,2,15,2,14,-1,-1,4,6.3775
135151416,2,15,2,14,-1,-1,4,2.9376
135151413,2,15,2,14,-1,-1,4,2.4314
134161419,2,16,2,14,-1,-1,2,2.4421
134161402,2,16,2,14,-1,-1,2,3.3877
134161420,2,16,2,14,-1,-1,2,4.1791
134161409,2,16,2,14,-1,-1,2,3.0566
134161411,2,16,2,14,-1,-1,2,3.1745
134161418,2,16,2,14,-1,-1,2,2.2108
134161407,2,16,2,14,-1,-1,2,2.1451
134161414,2,16,2,14,-1,-1,2,2.7233
134161405,2,16,2,14,-1,-1,2,2.5487
134161403,2,16,2,14,-1,-1,2,2.2834
134161406,2,16,2,14,-1,-1,2,2.6621
134161415,2,16,2,14,-1,-1,2,2.9954
134161410,2,16,2,14,-1,-1,2,2.5328
134161408,2,16,2,14,-1,-1,2,2.229
134161417,2,16,2,14,-1,-1,2,3.0135
134161412,2,16,2,14,-1,-1,2,3.3242
134161404,2,16,2,14,-1,-1,2,2.7392
134161401,2,16,2,14,-1,-1,2,2.2834
134161416,2,16,2,14,-1,-1,2,2.5782
134161413,2,16,2,14,-1,-1,2,3.1541
133161419,2,16,2,14,-1,-1,3,2.4852
133161402,2,16,2,14,-1,-1,3,3.3877
133161420,2,16,2,14,-1,-1,3,4.1881
133161409,2,16,2,14,-1,-1,3,3.0476
133161411,2,16,2,14,-1,-1,3,3.1337
133161418,2,16,2,14,-1,-1,3,2.2017
133161407,2,16,2,14,-1,-1,3,2.1315
133161414,2,16,2,14,-1,-1,3,2.7074
133161405,2,16,2,14,-1,-1,3,2.5578
133161403,2,16,2,14,-1,-1,3,2.2788
133161406,2,16,2,14,-1,-1,3,2.6621
133161415,2,16,2,14,-1,-1,3,3.0045
133161410,2,16,2,14,-1,-1,3,2.5578
133161408,2,16,2,14,-1,-1,3,2.2358
133161417,2,16,2,14,-1,-1,3,2.975
133161412,2,16,2,14,-1,-1,3,3.3673
133161404,2,16,2,14,-1,-1,3,2.7482
133161401,2,16,2,14,-1,-1,3,2.3129
133161416,2,16,2,14,-1,-1,3,2.5782
133161413,2,16,2,14,-1,-1,3,3.1541
135161419,2,16,2,14,-1,-1,4,2.4939
135161402,2,16,2,14,-1,-1,4,3.3876
135161420,2,16,2,14,-1,-1,4,4.1814
135161409,2,16,2,14,-1,-1,4,3.0439
135161411,2,16,2,14,-1,-1,4,3.1314
135161418,2,16,2,14,-1,-1,4,2.2001
135161407,2,16,2,14,-1,-1,4,2.1314
135161414,2,16,2,14,-1,-1,4,2.7314
135161405,2,16,2,14,-1,-1,4,2.5564
135161403,2,16,2,14,-1,-1,4,2.2814
135161406,2,16,2,14,-1,-1,4,2.6626
135161415,2,16,2,14,-1,-1,4,2.9814
135161410,2,16,2,14,-1,-1,4,2.5564
135161408,2,16,2,14,-1,-1,4,2.2376
135161417,2,16,2,14,-1,-1,4,3.0001
135161412,2,16,2,14,-1,-1,4,3.3689
135161404,2,16,2,14,-1,-1,4,2.7501
135161401,2,16,2,14,-1,-1,4,2.2939
135161416,2,16,2,14,-1,-1,4,2.5814
135161413,2,16,2,14,-1,-1,4,3.1501
134161507,2,16,2,15,-1,-1,2,3.1881
134161512,2,16,2,15,-1,-1,2,2.4512
134161505,2,16,2,15,-1,-1,2,2.9047
134161511,2,16,2,15,-1,-1,2,2.5147
134161503,2,16,2,15,-1,-1,2,2.2584
134161509,2,16,2,15,-1,-1,2,2.9206
134161502,2,16,2,15,-1,-1,2,2.1178
134161508,2,16,2,15,-1,-1,2,3.9115
134161510,2,16,2,15,-1,-1,2,2.4693
134161504,2,16,2,15,-1,-1,2,2.4081
134161501,2,16,2,15,-1,-1,2,6.3591
134161506,2,16,2,15,-1,-1,2,2.3106
133161507,2,16,2,15,-1,-1,3,3.1972
133161512,2,16,2,15,-1,-1,3,2.4512
133161505,2,16,2,15,-1,-1,3,2.9002
133161511,2,16,2,15,-1,-1,3,2.5147
133161503,2,16,2,15,-1,-1,3,2.2584
133161509,2,16,2,15,-1,-1,3,2.9183
133161502,2,16,2,15,-1,-1,3,2.1042
133161508,2,16,2,15,-1,-1,3,3.9228
133161510,2,16,2,15,-1,-1,3,2.4716
133161504,2,16,2,15,-1,-1,3,2.4058
133161501,2,16,2,15,-1,-1,3,6.4339
133161506,2,16,2,15,-1,-1,3,2.2993
135161507,2,16,2,15,-1,-1,4,3.2064
135161512,2,16,2,15,-1,-1,4,2.4689
135161505,2,16,2,15,-1,-1,4,2.8939
135161511,2,16,2,15,-1,-1,4,2.5126
135161503,2,16,2,15,-1,-1,4,2.2626
135161509,2,16,2,15,-1,-1,4,2.9189
135161502,2,16,2,15,-1,-1,4,2.1064
135161508,2,16,2,15,-1,-1,4,3.9376
135161510,2,16,2,15,-1,-1,4,2.4564
135161504,2,16,2,15,-1,-1,4,2.4064
135161501,2,16,2,15,-1,-1,4,6.4275
135161506,2,16,2,15,-1,-1,4,2.2939
134171513,2,17,2,15,-1,-1,2,2.7913
134171502,2,17,2,15,-1,-1,2,3.4036
134171511,2,17,2,15,-1,-1,2,3.3559
134171521,2,17,2,15,-1,-1,2,2.941
134171517,2,17,2,15,-1,-1,2,3.0476
134171519,2,17,2,15,-1,-1,2,2.7278
134171507,2,17,2,15,-1,-1,2,4.1768
134171505,2,17,2,15,-1,-1,2,3.2403
134171503,2,17,2,15,-1,-1,2,3.043
134171506,2,17,2,15,-1,-1,2,6.5237
134171516,2,17,2,15,-1,-1,2,3.6462
134171512,2,17,2,15,-1,-1,2,2.7936
134171509,2,17,2,15,-1,-1,2,3.4534
134171520,2,17,2,15,-1,-1,2,2.6621
134171514,2,17,2,15,-1,-1,2,3.5169
134171504,2,17,2,15,-1,-1,2,3.8639
134171501,2,17,2,15,-1,-1,2,3.8911
134171518,2,17,2,15,-1,-1,2,4.2199
134171515,2,17,2,15,-1,-1,2,4.0271
133171513,2,17,2,15,-1,-1,3,2.7913
133171502,2,17,2,15,-1,-1,3,3.433
133171511,2,17,2,15,-1,-1,3,3.3537
133171521,2,17,2,15,-1,-1,3,2.9478
133171517,2,17,2,15,-1,-1,3,3.0407
133171519,2,17,2,15,-1,-1,3,2.7278
133171507,2,17,2,15,-1,-1,3,4.1791
133171505,2,17,2,15,-1,-1,3,3.238
133171503,2,17,2,15,-1,-1,3,3.0339
133171506,2,17,2,15,-1,-1,3,6.5237
133171516,2,17,2,15,-1,-1,3,3.653
133171512,2,17,2,15,-1,-1,3,2.7913
133171509,2,17,2,15,-1,-1,3,3.4534
133171520,2,17,2,15,-1,-1,3,2.6643
133171514,2,17,2,15,-1,-1,3,3.5169
133171504,2,17,2,15,-1,-1,3,3.8593
133171501,2,17,2,15,-1,-1,3,3.8775
133171518,2,17,2,15,-1,-1,3,4.2199
133171515,2,17,2,15,-1,-1,3,4.0294
135171513,2,17,2,15,-1,-1,4,2.7876
135171502,2,17,2,15,-1,-1,4,3.4251
135171511,2,17,2,15,-1,-1,4,3.3626
135171521,2,17,2,15,-1,-1,4,2.9376
135171517,2,17,2,15,-1,-1,4,3.0439
135171519,2,17,2,15,-1,-1,4,2.7314
135171507,2,17,2,15,-1,-1,4,4.1689
135171505,2,17,2,15,-1,-1,4,3.2439
135171503,2,17,2,15,-1,-1,4,3.0376
135171506,2,17,2,15,-1,-1,4,6.5376
135171516,2,17,2,15,-1,-1,4,3.6439
135171512,2,17,2,15,-1,-1,4,2.7939
135171509,2,17,2,15,-1,-1,4,3.4626
135171520,2,17,2,15,-1,-1,4,2.6626
135171514,2,17,2,15,-1,-1,4,3.5189
135171504,2,17,2,15,-1,-1,4,3.8626
135171501,2,17,2,15,-1,-1,4,3.9126
135171518,2,17,2,15,-1,-1,4,4.2189
135171515,2,17,2,15,-1,-1,4,4.0314
134171611,2,17,2,16,-1,-1,2,2.4489
134171602,2,17,2,16,-1,-1,2,4.56
134171609,2,17,2,16,-1,-1,2,3.0045
134171619,2,17,2,16,-1,-1,2,6.78
134171615,2,17,2,16,-1,-1,2,6.9296
134171617,2,17,2,16,-1,-1,2,3.0476
134171607,2,17,2,16,-1,-1,2,4.2834
134171605,2,17,2,16,-1,-1,2,3.56
134171603,2,17,2,16,-1,-1,2,2.1519
134171606,2,17,2,16,-1,-1,2,3.1972
134171614,2,17,2,16,-1,-1,2,2.3854
134171610,2,17,2,16,-1,-1,2,3.8389
134171608,2,17,2,16,-1,-1,2,2.7482
134171618,2,17,2,16,-1,-1,2,3.0476
134171612,2,17,2,16,-1,-1,2,3.111
134171604,2,17,2,16,-1,-1,2,2.4489
134171601,2,17,2,16,-1,-1,2,5.1385
134171616,2,17,2,16,-1,-1,2,2.6621
134171613,2,17,2,16,-1,-1,2,3.1949
133171611,2,17,2,16,-1,-1,3,2.4489
133171602,2,17,2,16,-1,-1,3,4.5283
133171609,2,17,2,16,-1,-1,3,3.0135
133171619,2,17,2,16,-1,-1,3,6.8004
133171615,2,17,2,16,-1,-1,3,6.9296
133171617,2,17,2,16,-1,-1,3,3.0385
133171607,2,17,2,16,-1,-1,3,4.2766
133171605,2,17,2,16,-1,-1,3,3.551
133171603,2,17,2,16,-1,-1,3,2.1587
133171606,2,17,2,16,-1,-1,3,3.204
133171614,2,17,2,16,-1,-1,3,2.3854
133171610,2,17,2,16,-1,-1,3,3.8367
133171608,2,17,2,16,-1,-1,3,2.7505
133171618,2,17,2,16,-1,-1,3,3.0476
133171612,2,17,2,16,-1,-1,3,3.1133
133171604,2,17,2,16,-1,-1,3,2.4512
133171601,2,17,2,16,-1,-1,3,5.1906
133171616,2,17,2,16,-1,-1,3,2.6643
133171613,2,17,2,16,-1,-1,3,3.1881
135171611,2,17,2,16,-1,-1,4,2.4501
135171602,2,17,2,16,-1,-1,4,4.5626
135171609,2,17,2,16,-1,-1,4,3.0001
135171619,2,17,2,16,-1,-1,4,6.7814
135171615,2,17,2,16,-1,-1,4,6.9314
135171617,2,17,2,16,-1,-1,4,3.0439
135171607,2,17,2,16,-1,-1,4,4.2876
135171605,2,17,2,16,-1,-1,4,3.5564
135171603,2,17,2,16,-1,-1,4,2.1501
135171606,2,17,2,16,-1,-1,4,3.1939
135171614,2,17,2,16,-1,-1,4,2.3876
135171610,2,17,2,16,-1,-1,4,3.8376
135171608,2,17,2,16,-1,-1,4,2.7501
135171618,2,17,2,16,-1,-1,4,3.0501
135171612,2,17,2,16,-1,-1,4,3.1126
135171604,2,17,2,16,-1,-1,4,2.4564
135171601,2,17,2,16,-1,-1,4,4.9901
135171616,2,17,2,16,-1,-1,4,2.6626
135171613,2,17,2,16,-1,-1,4,3.1939
134191112,2,19,2,11,-1,-1,2,2.1156
134191103,2,19,2,11,-1,-1,2,2.4149
134191110,2,19,2,11,-1,-1,2,2.5918
134191120,2,19,2,11,-1,-1,2,2.1042
134191116,2,19,2,11,-1,-1,2,2.7142
134191118,2,19,2,11,-1,-1,2,4.399
134191108,2,19,2,11,-1,-1,2,2.0226
134191106,2,19,2,11,-1,-1,2,3.8344
134191104,2,19,2,11,-1,-1,2,2.3877
134191107,2,19,2,11,-1,-1,2,5.2017
134191115,2,19,2,11,-1,-1,2,2.1292
134191111,2,19,2,11,-1,-1,2,3.4489
134191109,2,19,2,11,-1,-1,2,2.0997
134191119,2,19,2,11,-1,-1,2,2.1745
134191113,2,19,2,11,-1,-1,2,2.8117
134191105,2,19,2,11,-1,-1,2,2.5918
134191101,2,19,2,11,-1,-1,2,2.7188
134191117,2,19,2,11,-1,-1,2,2.492
134191114,2,19,2,11,-1,-1,2,3.2743
133191112,2,19,2,11,-1,-1,3,2.1088
133191103,2,19,2,11,-1,-1,3,2.4172
133191110,2,19,2,11,-1,-1,3,2.5782
133191120,2,19,2,11,-1,-1,3,2.0997
133191116,2,19,2,11,-1,-1,3,2.7278
133191118,2,19,2,11,-1,-1,3,4.39
133191108,2,19,2,11,-1,-1,3,2.0249
133191106,2,19,2,11,-1,-1,3,3.8299
133191104,2,19,2,11,-1,-1,3,2.3718
133191107,2,19,2,11,-1,-1,3,5.2063
133191115,2,19,2,11,-1,-1,3,2.1088
133191111,2,19,2,11,-1,-1,3,3.4693
133191109,2,19,2,11,-1,-1,3,2.0861
133191119,2,19,2,11,-1,-1,3,2.2017
133191113,2,19,2,11,-1,-1,3,2.8117
133191105,2,19,2,11,-1,-1,3,2.6008
133191101,2,19,2,11,-1,-1,3,2.7414
133191117,2,19,2,11,-1,-1,3,2.4943
133191114,2,19,2,11,-1,-1,3,3.2834
135191112,2,19,2,11,-1,-1,4,2.1126
135191103,2,19,2,11,-1,-1,4,2.4126
135191110,2,19,2,11,-1,-1,4,2.6001
135191120,2,19,2,11,-1,-1,4,2.0814
135191116,2,19,2,11,-1,-1,4,2.7064
135191118,2,19,2,11,-1,-1,4,4.3876
135191108,2,19,2,11,-1,-1,4,2.0001
135191106,2,19,2,11,-1,-1,4,3.8876
135191104,2,19,2,11,-1,-1,4,2.3439
135191107,2,19,2,11,-1,-1,4,5.1751
135191115,2,19,2,11,-1,-1,4,2.1064
135191111,2,19,2,11,-1,-1,4,3.4689
135191109,2,19,2,11,-1,-1,4,2.0876
135191119,2,19,2,11,-1,-1,4,2.2251
135191113,2,19,2,11,-1,-1,4,2.7876
135191105,2,19,2,11,-1,-1,4,2.6001
135191101,2,19,2,11,-1,-1,4,2.8251
135191117,2,19,2,11,-1,-1,4,2.4939
135191114,2,19,2,11,-1,-1,4,3.3064
134191219,2,19,2,12,-1,-1,2,2.5623
134191202,2,19,2,12,-1,-1,2,2.2131
134191220,2,19,2,12,-1,-1,2,2.4013
134191209,2,19,2,12,-1,-1,2,2.3197
134191211,2,19,2,12,-1,-1,2,1.9047
134191218,2,19,2,12,-1,-1,2,2.9909
134191207,2,19,2,12,-1,-1,2,2.3514
134191214,2,19,2,12,-1,-1,2,3.4104
134191205,2,19,2,12,-1,-1,2,3.8072
134191203,2,19,2,12,-1,-1,2,2.7233
134191206,2,19,2,12,-1,-1,2,2.6643
134191215,2,19,2,12,-1,-1,2,2.1519
134191210,2,19,2,12,-1,-1,2,3.5215
134191208,2,19,2,12,-1,-1,2,1.755
134191217,2,19,2,12,-1,-1,2,2.1042
134191212,2,19,2,12,-1,-1,2,2.0067
134191204,2,19,2,12,-1,-1,2,4.6621
134191201,2,19,2,12,-1,-1,2,6.5518
134191216,2,19,2,12,-1,-1,2,2.4875
134191213,2,19,2,12,-1,-1,2,2.4648
133191219,2,19,2,12,-1,-1,3,2.5555
133191202,2,19,2,12,-1,-1,3,2.2154
133191220,2,19,2,12,-1,-1,3,2.4081
133191209,2,19,2,12,-1,-1,3,2.3015
133191211,2,19,2,12,-1,-1,3,1.8956
133191218,2,19,2,12,-1,-1,3,3.009
133191207,2,19,2,12,-1,-1,3,2.3832
133191214,2,19,2,12,-1,-1,3,3.4126
133191205,2,19,2,12,-1,-1,3,3.7777
133191203,2,19,2,12,-1,-1,3,2.7278
133191206,2,19,2,12,-1,-1,3,2.6598
133191215,2,19,2,12,-1,-1,3,2.1496
133191210,2,19,2,12,-1,-1,3,3.5169
133191208,2,19,2,12,-1,-1,3,1.746
133191217,2,19,2,12,-1,-1,3,2.1088
133191212,2,19,2,12,-1,-1,3,2.0226
133191204,2,19,2,12,-1,-1,3,4.6643
133191201,2,19,2,12,-1,-1,3,6.5155
133191216,2,19,2,12,-1,-1,3,2.4716
133191213,2,19,2,12,-1,-1,3,2.492
135191219,2,19,2,12,-1,-1,4,2.5564
135191202,2,19,2,12,-1,-1,4,2.2064
135191220,2,19,2,12,-1,-1,4,2.4064
135191209,2,19,2,12,-1,-1,4,2.3064
135191211,2,19,2,12,-1,-1,4,1.9001
135191218,2,19,2,12,-1,-1,4,3.0064
135191207,2,19,2,12,-1,-1,4,2.3876
135191214,2,19,2,12,-1,-1,4,3.4126
135191205,2,19,2,12,-1,-1,4,3.7751
135191203,2,19,2,12,-1,-1,4,2.7439
135191206,2,19,2,12,-1,-1,4,2.6626
135191215,2,19,2,12,-1,-1,4,2.1564
135191210,2,19,2,12,-1,-1,4,3.5126
135191208,2,19,2,12,-1,-1,4,1.7439
135191217,2,19,2,12,-1,-1,4,2.1064
135191212,2,19,2,12,-1,-1,4,2.0251
135191204,2,19,2,12,-1,-1,4,4.6314
135191201,2,19,2,12,-1,-1,4,6.5963
135191216,2,19,2,12,-1,-1,4,2.4689
135191213,2,19,2,12,-1,-1,4,2.4876
134211319,2,21,2,13,-1,-1,2,7.1178
134211302,2,21,2,13,-1,-1,2,3.8866
134211320,2,21,2,13,-1,-1,2,3.2924
134211309,2,21,2,13,-1,-1,2,4.1995
134211311,2,21,2,13,-1,-1,2,3.8729
134211318,2,21,2,13,-1,-1,2,2.5033
134211307,2,21,2,13,-1,-1,2,2.56
134211314,2,21,2,13,-1,-1,2,3.2834
134211305,2,21,2,13,-1,-1,2,3.7097
134211303,2,21,2,13,-1,-1,2,2.3242
134211306,2,21,2,13,-1,-1,2,2.5578
134211315,2,21,2,13,-1,-1,2,3.1201
134211310,2,21,2,13,-1,-1,2,2.6893
134211308,2,21,2,13,-1,-1,2,3.2947
134211317,2,21,2,13,-1,-1,2,3.3922
134211312,2,21,2,13,-1,-1,2,2.6643
134211304,2,21,2,13,-1,-1,2,2.4489
134211301,2,21,2,13,-1,-1,2,3.1246
134211316,2,21,2,13,-1,-1,2,3.365
134211313,2,21,2,13,-1,-1,2,2.8049
133211319,2,21,2,13,-1,-1,3,7.1224
133211302,2,21,2,13,-1,-1,3,3.8004
133211320,2,21,2,13,-1,-1,3,3.3061
133211309,2,21,2,13,-1,-1,3,4.1995
133211311,2,21,2,13,-1,-1,3,3.8888
133211318,2,21,2,13,-1,-1,3,2.4739
133211307,2,21,2,13,-1,-1,3,2.5373
133211314,2,21,2,13,-1,-1,3,3.2811
133211305,2,21,2,13,-1,-1,3,3.7097
133211303,2,21,2,13,-1,-1,3,2.3219
133211306,2,21,2,13,-1,-1,3,2.5373
133211315,2,21,2,13,-1,-1,3,3.1337
133211310,2,21,2,13,-1,-1,3,2.6847
133211308,2,21,2,13,-1,-1,3,3.3038
133211317,2,21,2,13,-1,-1,3,3.4081
133211312,2,21,2,13,-1,-1,3,2.6553
133211304,2,21,2,13,-1,-1,3,2.4943
133211301,2,21,2,13,-1,-1,3,3.2358
133211316,2,21,2,13,-1,-1,3,3.3673
133211313,2,21,2,13,-1,-1,3,2.7913
135211319,2,21,2,13,-1,-1,4,7.1251
135211302,2,21,2,13,-1,-1,4,3.8751
135211320,2,21,2,13,-1,-1,4,3.2814
135211309,2,21,2,13,-1,-1,4,4.2439
135211311,2,21,2,13,-1,-1,4,3.9001
135211318,2,21,2,13,-1,-1,4,2.4876
135211307,2,21,2,13,-1,-1,4,2.5564
135211314,2,21,2,13,-1,-1,4,3.2564
135211305,2,21,2,13,-1,-1,4,3.7314
135211303,2,21,2,13,-1,-1,4,2.3189
135211306,2,21,2,13,-1,-1,4,2.5314
135211315,2,21,2,13,-1,-1,4,3.1564
135211310,2,21,2,13,-1,-1,4,2.6626
135211308,2,21,2,13,-1,-1,4,3.3064
135211317,2,21,2,13,-1,-1,4,3.4126
135211312,2,21,2,13,-1,-1,4,2.6189
135211304,2,21,2,13,-1,-1,4,2.4564
135211301,2,21,2,13,-1,-1,4,3.1876
135211316,2,21,2,13,-1,-1,4,3.3376
135211313,2,21,2,13,-1,-1,4,2.7876
134211419,2,21,2,14,-1,-1,2,2.8117
134211402,2,21,2,14,-1,-1,2,3.2063
134211420,2,21,2,14,-1,-1,2,3.3673
134211409,2,21,2,14,-1,-1,2,2.7278
134211411,2,21,2,14,-1,-1,2,3.1859
134211418,2,21,2,14,-1,-1,2,2.2154
134211407,2,21,2,14,-1,-1,2,2.7256
134211414,2,21,2,14,-1,-1,2,2.492
134211405,2,21,2,14,-1,-1,2,3.2403
134211403,2,21,2,14,-1,-1,2,3.7392
134211406,2,21,2,14,-1,-1,2,2.6847
134211415,2,21,2,14,-1,-1,2,2.077
134211410,2,21,2,14,-1,-1,2,2.0362
134211408,2,21,2,14,-1,-1,2,2.3854
134211417,2,21,2,14,-1,-1,2,2.3423
134211412,2,21,2,14,-1,-1,2,2.1723
134211404,2,21,2,14,-1,-1,2,3.068
134211401,2,21,2,14,-1,-1,2,7.4724
134211416,2,21,2,14,-1,-1,2,3.1428
134211413,2,21,2,14,-1,-1,2,2.2788
133211419,2,21,2,14,-1,-1,3,2.8117
133211402,2,21,2,14,-1,-1,3,3.1677
133211420,2,21,2,14,-1,-1,3,3.3695
133211409,2,21,2,14,-1,-1,3,2.7301
133211411,2,21,2,14,-1,-1,3,3.1768
133211418,2,21,2,14,-1,-1,3,2.2131
133211407,2,21,2,14,-1,-1,3,2.7233
133211414,2,21,2,14,-1,-1,3,2.4761
133211405,2,21,2,14,-1,-1,3,3.2448
133211403,2,21,2,14,-1,-1,3,3.8027
133211406,2,21,2,14,-1,-1,3,2.6847
133211415,2,21,2,14,-1,-1,3,2.0884
133211410,2,21,2,14,-1,-1,3,2.0453
133211408,2,21,2,14,-1,-1,3,2.3877
133211417,2,21,2,14,-1,-1,3,2.3446
133211412,2,21,2,14,-1,-1,3,2.1609
133211404,2,21,2,14,-1,-1,3,3.0702
133211401,2,21,2,14,-1,-1,3,7.4861
133211416,2,21,2,14,-1,-1,3,3.1315
133211413,2,21,2,14,-1,-1,3,2.2856
135211419,2,21,2,14,-1,-1,4,2.8126
135211402,2,21,2,14,-1,-1,4,3.2064
135211420,2,21,2,14,-1,-1,4,3.3689
135211409,2,21,2,14,-1,-1,4,2.7314
135211411,2,21,2,14,-1,-1,4,3.1751
135211418,2,21,2,14,-1,-1,4,2.2126
135211407,2,21,2,14,-1,-1,4,2.7251
135211414,2,21,2,14,-1,-1,4,2.4939
135211405,2,21,2,14,-1,-1,4,3.2439
135211403,2,21,2,14,-1,-1,4,3.7439
135211406,2,21,2,14,-1,-1,4,2.6814
135211415,2,21,2,14,-1,-1,4,2.0876
135211410,2,21,2,14,-1,-1,4,2.0439
135211408,2,21,2,14,-1,-1,4,2.3876
135211417,2,21,2,14,-1,-1,4,2.3439
135211412,2,21,2,14,-1,-1,4,2.1751
135211404,2,21,2,14,-1,-1,4,3.0689
135211401,2,21,2,14,-1,-1,4,7.4525
135211416,2,21,2,14,-1,-1,4,3.1314
135211413,2,21,2,14,-1,-1,4,2.2751
134222412,2,22,2,24,-1,-1,2,2.492
134222403,2,22,2,24,-1,-1,2,2.789
134222410,2,22,2,24,-1,-1,2,2.4943
134222420,2,22,2,24,-1,-1,2,3.3446
134222416,2,22,2,24,-1,-1,2,3.4081
134222418,2,22,2,24,-1,-1,2,3.4104
134222408,2,22,2,24,-1,-1,2,4.4353
134222406,2,22,2,24,-1,-1,2,3.1541
134222404,2,22,2,24,-1,-1,2,2.9115
134222407,2,22,2,24,-1,-1,2,2.2993
134222415,2,22,2,24,-1,-1,2,2.7278
134222411,2,22,2,24,-1,-1,2,3.7074
134222409,2,22,2,24,-1,-1,2,3.365
134222419,2,22,2,24,-1,-1,2,2.9183
134222413,2,22,2,24,-1,-1,2,3.0476
134222405,2,22,2,24,-1,-1,2,4.2017
134222402,2,22,2,24,-1,-1,2,2.8661
134222417,2,22,2,24,-1,-1,2,3.068
134222414,2,22,2,24,-1,-1,2,3.0249
133222412,2,22,2,24,-1,-1,3,2.4988
133222403,2,22,2,24,-1,-1,3,2.7936
133222410,2,22,2,24,-1,-1,3,2.4988
133222420,2,22,2,24,-1,-1,3,3.3559
133222416,2,22,2,24,-1,-1,3,3.4081
133222418,2,22,2,24,-1,-1,3,3.4081
133222408,2,22,2,24,-1,-1,3,4.424
133222406,2,22,2,24,-1,-1,3,3.1632
133222404,2,22,2,24,-1,-1,3,2.9115
133222407,2,22,2,24,-1,-1,3,2.3015
133222415,2,22,2,24,-1,-1,3,2.7278
133222411,2,22,2,24,-1,-1,3,3.7029
133222409,2,22,2,24,-1,-1,3,3.3718
133222419,2,22,2,24,-1,-1,3,2.9206
133222413,2,22,2,24,-1,-1,3,3.0385
133222405,2,22,2,24,-1,-1,3,4.1995
133222402,2,22,2,24,-1,-1,3,2.848
133222417,2,22,2,24,-1,-1,3,3.0702
133222414,2,22,2,24,-1,-1,3,3.0271
135222412,2,22,2,24,-1,-1,4,2.4439
135222403,2,22,2,24,-1,-1,4,2.7876
135222410,2,22,2,24,-1,-1,4,2.4939
135222420,2,22,2,24,-1,-1,4,3.4251
135222416,2,22,2,24,-1,-1,4,3.3939
135222418,2,22,2,24,-1,-1,4,3.3939
135222408,2,22,2,24,-1,-1,4,4.4814
135222406,2,22,2,24,-1,-1,4,3.1564
135222404,2,22,2,24,-1,-1,4,2.9439
135222407,2,22,2,24,-1,-1,4,2.3001
135222415,2,22,2,24,-1,-1,4,2.7251
135222411,2,22,2,24,-1,-1,4,3.7564
135222409,2,22,2,24,-1,-1,4,3.3189
135222419,2,22,2,24,-1,-1,4,2.8939
135222413,2,22,2,24,-1,-1,4,3.0939
135222405,2,22,2,24,-1,-1,4,4.1939
135222402,2,22,2,24,-1,-1,4,2.8626
135222417,2,22,2,24,-1,-1,4,3.0814
135222414,2,22,2,24,-1,-1,4,3.0314
134222519,2,22,2,25,-1,-1,2,3.1519
134222502,2,22,2,25,-1,-1,2,3.068
134222520,2,22,2,25,-1,-1,2,4.1133
134222509,2,22,2,25,-1,-1,2,3.5283
134222511,2,22,2,25,-1,-1,2,3.0045
134222518,2,22,2,25,-1,-1,2,2.6349
134222507,2,22,2,25,-1,-1,2,2.746
134222514,2,22,2,25,-1,-1,2,2.492
134222505,2,22,2,25,-1,-1,2,4.0884
134222503,2,22,2,25,-1,-1,2,5.0339
134222506,2,22,2,25,-1,-1,2,3.0317
134222515,2,22,2,25,-1,-1,2,2.5555
134222510,2,22,2,25,-1,-1,2,3.7959
134222508,2,22,2,25,-1,-1,2,3.6235
134222517,2,22,2,25,-1,-1,2,3.3741
134222512,2,22,2,25,-1,-1,2,2.9047
134222504,2,22,2,25,-1,-1,2,3.7573
134222501,2,22,2,25,-1,-1,2,7.3205
134222516,2,22,2,25,-1,-1,2,3.4943
134222513,2,22,2,25,-1,-1,2,4.2131
133222519,2,22,2,25,-1,-1,3,3.1564
133222502,2,22,2,25,-1,-1,3,3.0702
133222520,2,22,2,25,-1,-1,3,4.1156
133222509,2,22,2,25,-1,-1,3,3.5351
133222511,2,22,2,25,-1,-1,3,2.9773
133222518,2,22,2,25,-1,-1,3,2.6326
133222507,2,22,2,25,-1,-1,3,2.7709
133222514,2,22,2,25,-1,-1,3,2.492
133222505,2,22,2,25,-1,-1,3,4.0725
133222503,2,22,2,25,-1,-1,3,5.0294
133222506,2,22,2,25,-1,-1,3,3.0271
133222515,2,22,2,25,-1,-1,3,2.526
133222510,2,22,2,25,-1,-1,3,3.8253
133222508,2,22,2,25,-1,-1,3,3.6212
133222517,2,22,2,25,-1,-1,3,3.3469
133222512,2,22,2,25,-1,-1,3,2.8911
133222504,2,22,2,25,-1,-1,3,3.7505
133222501,2,22,2,25,-1,-1,3,7.3251
133222516,2,22,2,25,-1,-1,3,3.5237
133222513,2,22,2,25,-1,-1,3,4.263
135222509,2,22,2,25,-1,-1,4,3.6189
135222514,2,22,2,25,-1,-1,4,4.2189
135222521,2,22,2,25,-1,-1,4,4.0439
135222502,2,22,2,25,-1,-1,4,1.1314
135222512,2,22,2,25,-1,-1,4,3.0064
135222511,2,22,2,25,-1,-1,4,3.8126
135222515,2,22,2,25,-1,-1,4,2.4939
135222519,2,22,2,25,-1,-1,4,2.7251
135222507,2,22,2,25,-1,-1,4,3.0314
135222520,2,22,2,25,-1,-1,4,3.1626
135222505,2,22,2,25,-1,-1,4,3.7501
135222503,2,22,2,25,-1,-1,4,1.1814
135222506,2,22,2,25,-1,-1,4,4.0689
135222517,2,22,2,25,-1,-1,4,3.4751
135222510,2,22,2,25,-1,-1,4,3.5189
135222508,2,22,2,25,-1,-1,4,2.7689
135222518,2,22,2,25,-1,-1,4,3.3689
135222504,2,22,2,25,-1,-1,4,5.0314
135222501,2,22,2,25,-1,-1,4,7.3275
135222516,2,22,2,25,-1,-1,4,2.5501
134242109,2,24,2,21,-1,-1,2,3.7528
134242114,2,24,2,21,-1,-1,2,3.9659
134242121,2,24,2,21,-1,-1,2,3.7709
134242102,2,24,2,21,-1,-1,2,3.1315
134242112,2,24,2,21,-1,-1,2,3.5804
134242111,2,24,2,21,-1,-1,2,3.0045
134242115,2,24,2,21,-1,-1,2,4.0498
134242119,2,24,2,21,-1,-1,2,5.2176
134242107,2,24,2,21,-1,-1,2,2.9387
134242120,2,24,2,21,-1,-1,2,3.2879
134242105,2,24,2,21,-1,-1,2,3.5396
134242103,2,24,2,21,-1,-1,2,2.814
134242106,2,24,2,21,-1,-1,2,3.6235
134242117,2,24,2,21,-1,-1,2,3.2607
134242110,2,24,2,21,-1,-1,2,3.8571
134242108,2,24,2,21,-1,-1,2,2.7913
134242118,2,24,2,21,-1,-1,2,2.5782
134242104,2,24,2,21,-1,-1,2,2.6825
134242101,2,24,2,21,-1,-1,2,4.2638
134242116,2,24,2,21,-1,-1,2,3.8344
134242113,2,24,2,21,-1,-1,2,4.0702
133242109,2,24,2,21,-1,-1,3,3.746
133242114,2,24,2,21,-1,-1,3,3.9727
133242121,2,24,2,21,-1,-1,3,3.78
133242102,2,24,2,21,-1,-1,3,3.1246
133242112,2,24,2,21,-1,-1,3,3.5804
133242111,2,24,2,21,-1,-1,3,3.0067
133242115,2,24,2,21,-1,-1,3,4.0407
133242119,2,24,2,21,-1,-1,3,5.2244
133242107,2,24,2,21,-1,-1,3,2.907
133242120,2,24,2,21,-1,-1,3,3.2743
133242105,2,24,2,21,-1,-1,3,3.5373
133242103,2,24,2,21,-1,-1,3,2.8253
133242106,2,24,2,21,-1,-1,3,3.6553
133242117,2,24,2,21,-1,-1,3,3.2607
133242110,2,24,2,21,-1,-1,3,3.8571
133242108,2,24,2,21,-1,-1,3,2.7868
133242118,2,24,2,21,-1,-1,3,2.5782
133242104,2,24,2,21,-1,-1,3,2.6802
133242101,2,24,2,21,-1,-1,3,4.2752
133242116,2,24,2,21,-1,-1,3,3.8457
133242113,2,24,2,21,-1,-1,3,4.0702
135242109,2,24,2,21,-1,-1,4,3.7564
135242114,2,24,2,21,-1,-1,4,3.9626
135242121,2,24,2,21,-1,-1,4,3.7501
135242102,2,24,2,21,-1,-1,4,3.1314
135242112,2,24,2,21,-1,-1,4,3.6001
135242111,2,24,2,21,-1,-1,4,2.9814
135242115,2,24,2,21,-1,-1,4,4.0501
135242119,2,24,2,21,-1,-1,4,5.2251
135242107,2,24,2,21,-1,-1,4,2.2439
135242120,2,24,2,21,-1,-1,4,3.2814
135242105,2,24,2,21,-1,-1,4,3.5376
135242103,2,24,2,21,-1,-1,4,2.8126
135242106,2,24,2,21,-1,-1,4,3.6251
135242117,2,24,2,21,-1,-1,4,3.2564
135242110,2,24,2,21,-1,-1,4,3.8564
135242108,2,24,2,21,-1,-1,4,2.7876
135242118,2,24,2,21,-1,-1,4,2.5814
135242104,2,24,2,21,-1,-1,4,2.6814
135242101,2,24,2,21,-1,-1,4,4.2783
135242116,2,24,2,21,-1,-1,4,3.8376
135242113,2,24,2,21,-1,-1,4,4.0751
134242619,2,24,2,26,-1,-1,2,3.0498
134242602,2,24,2,26,-1,-1,2,3.0566
134242620,2,24,2,26,-1,-1,2,3.5237
134242609,2,24,2,26,-1,-1,2,3.5033
134242611,2,24,2,26,-1,-1,2,3.0476
134242618,2,24,2,26,-1,-1,2,3.1949
134242607,2,24,2,26,-1,-1,2,2.9138
134242614,2,24,2,26,-1,-1,2,2.9659
134242605,2,24,2,26,-1,-1,2,2.8027
134242603,2,24,2,26,-1,-1,2,3.077
134242606,2,24,2,26,-1,-1,2,3.0407
134242615,2,24,2,26,-1,-1,2,2.9364
134242610,2,24,2,26,-1,-1,2,3.1065
134242608,2,24,2,26,-1,-1,2,3.1881
134242617,2,24,2,26,-1,-1,2,2.5056
134242612,2,24,2,26,-1,-1,2,3.8911
134242604,2,24,2,26,-1,-1,2,2.6326
134242601,2,24,2,26,-1,-1,2,3.2584
134242616,2,24,2,26,-1,-1,2,2.7596
134242613,2,24,2,26,-1,-1,2,3.6643
133242619,2,24,2,26,-1,-1,3,4.102
133242602,2,24,2,26,-1,-1,3,3.0249
133242620,2,24,2,26,-1,-1,3,3.5169
133242609,2,24,2,26,-1,-1,3,3.4943
133242611,2,24,2,26,-1,-1,3,3.0476
133242618,2,24,2,26,-1,-1,3,3.1881
133242607,2,24,2,26,-1,-1,3,2.9206
133242614,2,24,2,26,-1,-1,3,2.9614
133242605,2,24,2,26,-1,-1,3,2.8117
133242603,2,24,2,26,-1,-1,3,3.0906
133242606,2,24,2,26,-1,-1,3,3.8798
133242615,2,24,2,26,-1,-1,3,2.9319
133242610,2,24,2,26,-1,-1,3,3.0906
133242608,2,24,2,26,-1,-1,3,3.1972
133242617,2,24,2,26,-1,-1,3,2.5147
133242612,2,24,2,26,-1,-1,3,4.8616
133242604,2,24,2,26,-1,-1,3,2.6507
133242601,2,24,2,26,-1,-1,3,3.1904
133242616,2,24,2,26,-1,-1,3,2.7573
133242613,2,24,2,26,-1,-1,3,3.6666
135242619,2,24,2,26,-1,-1,4,3.4064
135242602,2,24,2,26,-1,-1,4,3.0251
135242620,2,24,2,26,-1,-1,4,3.5001
135242609,2,24,2,26,-1,-1,4,2.7939
135242611,2,24,2,26,-1,-1,4,3.0439
135242618,2,24,2,26,-1,-1,4,2.4939
135242607,2,24,2,26,-1,-1,4,2.9189
135242614,2,24,2,26,-1,-1,4,2.9626
135242605,2,24,2,26,-1,-1,4,2.1126
135242603,2,24,2,26,-1,-1,4,3.0876
135242606,2,24,2,26,-1,-1,4,3.8814
135242615,2,24,2,26,-1,-1,4,2.9439
135242610,2,24,2,26,-1,-1,4,2.3939
135242608,2,24,2,26,-1,-1,4,3.1939
135242617,2,24,2,26,-1,-1,4,2.5126
135242612,2,24,2,26,-1,-1,4,4.8626
135242604,2,24,2,26,-1,-1,4,1.9439
135242601,2,24,2,26,-1,-1,4,3.2751
135242616,2,24,2,26,-1,-1,4,2.7501
135242613,2,24,2,26,-1,-1,4,3.6626
134252119,2,25,2,21,-1,-1,2,3.238
134252102,2,25,2,21,-1,-1,2,4.6122
134252120,2,25,2,21,-1,-1,2,3.1745
134252109,2,25,2,21,-1,-1,2,3.272
134252111,2,25,2,21,-1,-1,2,3.111
134252118,2,25,2,21,-1,-1,2,3.4104
134252107,2,25,2,21,-1,-1,2,2.9183
134252114,2,25,2,21,-1,-1,2,2.848
134252105,2,25,2,21,-1,-1,2,3.4534
134252103,2,25,2,21,-1,-1,2,5.3287
134252106,2,25,2,21,-1,-1,2,2.9841
134252115,2,25,2,21,-1,-1,2,5.0498
134252110,2,25,2,21,-1,-1,2,3.3129
134252108,2,25,2,21,-1,-1,2,2.7709
134252117,2,25,2,21,-1,-1,2,3.4943
134252112,2,25,2,21,-1,-1,2,4.0725
134252104,2,25,2,21,-1,-1,2,3.3197
134252101,2,25,2,21,-1,-1,2,3.7051
134252116,2,25,2,21,-1,-1,2,4.1995
134252113,2,25,2,21,-1,-1,2,3.6326
133252119,2,25,2,21,-1,-1,3,3.238
133252102,2,25,2,21,-1,-1,3,4.6054
133252120,2,25,2,21,-1,-1,3,3.1768
133252109,2,25,2,21,-1,-1,3,3.2743
133252111,2,25,2,21,-1,-1,3,3.0952
133252118,2,25,2,21,-1,-1,3,3.4217
133252107,2,25,2,21,-1,-1,3,2.9024
133252114,2,25,2,21,-1,-1,3,2.848
133252105,2,25,2,21,-1,-1,3,3.4534
133252103,2,25,2,21,-1,-1,3,5.3333
133252106,2,25,2,21,-1,-1,3,2.9841
133252115,2,25,2,21,-1,-1,3,5.0498
133252110,2,25,2,21,-1,-1,3,3.3265
133252108,2,25,2,21,-1,-1,3,2.7868
133252117,2,25,2,21,-1,-1,3,3.4489
133252112,2,25,2,21,-1,-1,3,4.102
133252104,2,25,2,21,-1,-1,3,3.3242
133252101,2,25,2,21,-1,-1,3,3.7369
133252116,2,25,2,21,-1,-1,3,4.2244
133252113,2,25,2,21,-1,-1,3,3.6258
135252119,2,25,2,21,-1,-1,4,3.2439
135252102,2,25,2,21,-1,-1,4,4.6001
135252120,2,25,2,21,-1,-1,4,3.1751
135252109,2,25,2,21,-1,-1,4,3.2814
135252111,2,25,2,21,-1,-1,4,3.0876
135252118,2,25,2,21,-1,-1,4,3.4064
135252107,2,25,2,21,-1,-1,4,2.9439
135252114,2,25,2,21,-1,-1,4,2.8501
135252105,2,25,2,21,-1,-1,4,3.4501
135252103,2,25,2,21,-1,-1,4,5.3064
135252106,2,25,2,21,-1,-1,4,2.9626
135252115,2,25,2,21,-1,-1,4,5.0564
135252110,2,25,2,21,-1,-1,4,3.3251
135252108,2,25,2,21,-1,-1,4,2.7501
135252117,2,25,2,21,-1,-1,4,3.4939
135252112,2,25,2,21,-1,-1,4,4.0939
135252104,2,25,2,21,-1,-1,4,3.3251
135252101,2,25,2,21,-1,-1,4,3.7376
135252116,2,25,2,21,-1,-1,4,4.2001
135252113,2,25,2,21,-1,-1,4,3.6251
134252219,2,25,2,22,-1,-1,2,3.2403
134252202,2,25,2,22,-1,-1,2,3.1609
134252220,2,25,2,22,-1,-1,2,2.526
134252209,2,25,2,22,-1,-1,2,3.1972
134252211,2,25,2,22,-1,-1,2,2.4716
134252218,2,25,2,22,-1,-1,2,3.6666
134252207,2,25,2,22,-1,-1,2,2.4126
134252214,2,25,2,22,-1,-1,2,2.8571
134252205,2,25,2,22,-1,-1,2,2.7074
134252203,2,25,2,22,-1,-1,2,3.9432
134252206,2,25,2,22,-1,-1,2,2.789
134252215,2,25,2,22,-1,-1,2,4.6893
134252210,2,25,2,22,-1,-1,2,3.6008
134252208,2,25,2,22,-1,-1,2,2.7913
134252217,2,25,2,22,-1,-1,2,3.4081
134252212,2,25,2,22,-1,-1,2,3.5578
134252204,2,25,2,22,-1,-1,2,2.3423
134252201,2,25,2,22,-1,-1,2,6.8239
134252216,2,25,2,22,-1,-1,2,3.2811
134252213,2,25,2,22,-1,-1,2,3.4534
133252219,2,25,2,22,-1,-1,3,3.238
133252202,2,25,2,22,-1,-1,3,3.1473
133252220,2,25,2,22,-1,-1,3,2.9002
133252209,2,25,2,22,-1,-1,3,3.1995
133252211,2,25,2,22,-1,-1,3,2.4716
133252218,2,25,2,22,-1,-1,3,3.6643
133252207,2,25,2,22,-1,-1,3,2.8344
133252214,2,25,2,22,-1,-1,3,2.8548
133252205,2,25,2,22,-1,-1,3,2.7074
133252203,2,25,2,22,-1,-1,3,3.9455
133252206,2,25,2,22,-1,-1,3,2.7913
133252215,2,25,2,22,-1,-1,3,4.6893
133252210,2,25,2,22,-1,-1,3,3.6008
133252208,2,25,2,22,-1,-1,3,2.7913
133252217,2,25,2,22,-1,-1,3,3.4126
133252212,2,25,2,22,-1,-1,3,3.5623
133252204,2,25,2,22,-1,-1,3,2.3423
133252201,2,25,2,22,-1,-1,3,6.8421
133252216,2,25,2,22,-1,-1,3,3.2834
133252213,2,25,2,22,-1,-1,3,3.4512
135252219,2,25,2,22,-1,-1,4,3.2376
135252202,2,25,2,22,-1,-1,4,3.1564
135252220,2,25,2,22,-1,-1,4,2.9001
135252209,2,25,2,22,-1,-1,4,3.2001
135252211,2,25,2,22,-1,-1,4,2.4689
135252218,2,25,2,22,-1,-1,4,3.6689
135252207,2,25,2,22,-1,-1,4,2.8314
135252214,2,25,2,22,-1,-1,4,2.8564
135252205,2,25,2,22,-1,-1,4,2.7064
135252203,2,25,2,22,-1,-1,4,3.9439
135252206,2,25,2,22,-1,-1,4,2.7876
135252215,2,25,2,22,-1,-1,4,4.6876
135252210,2,25,2,22,-1,-1,4,3.6001
135252208,2,25,2,22,-1,-1,4,2.7939
135252217,2,25,2,22,-1,-1,4,3.4064
135252212,2,25,2,22,-1,-1,4,3.5626
135252204,2,25,2,22,-1,-1,4,2.3439
135252201,2,25,2,22,-1,-1,4,6.8213
135252216,2,25,2,22,-1,-1,4,3.2876
135252213,2,25,2,22,-1,-1,4,3.4501
134262219,2,26,2,22,-1,-1,2,3.526
134262202,2,26,2,22,-1,-1,2,4.1655
134262220,2,26,2,22,-1,-1,2,2.8661
134262209,2,26,2,22,-1,-1,2,3.7233
134262211,2,26,2,22,-1,-1,2,3.7641
134262218,2,26,2,22,-1,-1,2,4.7686
134262207,2,26,2,22,-1,-1,2,3.3832
134262214,2,26,2,22,-1,-1,2,3.8163
134262205,2,26,2,22,-1,-1,2,3.1315
134262203,2,26,2,22,-1,-1,2,3.1972
134262206,2,26,2,22,-1,-1,2,4.2562
134262215,2,26,2,22,-1,-1,2,3.0022
134262210,2,26,2,22,-1,-1,2,3.4512
134262208,2,26,2,22,-1,-1,2,3.594
134262217,2,26,2,22,-1,-1,2,3.9206
134262212,2,26,2,22,-1,-1,2,3.8616
134262204,2,26,2,22,-1,-1,2,3.1315
134262201,2,26,2,22,-1,-1,2,3.814
134262216,2,26,2,22,-1,-1,2,2.7936
134262213,2,26,2,22,-1,-1,2,3.4421
133262219,2,26,2,22,-1,-1,3,3.5464
133262202,2,26,2,22,-1,-1,3,4.1564
133262220,2,26,2,22,-1,-1,3,2.8525
133262209,2,26,2,22,-1,-1,3,3.7528
133262211,2,26,2,22,-1,-1,3,3.7505
133262218,2,26,2,22,-1,-1,3,4.7754
133262207,2,26,2,22,-1,-1,3,3.3695
133262214,2,26,2,22,-1,-1,3,3.8163
133262205,2,26,2,22,-1,-1,3,3.111
133262203,2,26,2,22,-1,-1,3,3.1995
133262206,2,26,2,22,-1,-1,3,4.263
133262215,2,26,2,22,-1,-1,3,3.0045
133262210,2,26,2,22,-1,-1,3,3.4534
133262208,2,26,2,22,-1,-1,3,3.6008
133262217,2,26,2,22,-1,-1,3,3.941
133262212,2,26,2,22,-1,-1,3,3.8367
133262204,2,26,2,22,-1,-1,3,3.1519
133262201,2,26,2,22,-1,-1,3,3.8004
133262216,2,26,2,22,-1,-1,3,2.7936
133262213,2,26,2,22,-1,-1,3,3.4534
135262219,2,26,2,22,-1,-1,4,3.5439
135262202,2,26,2,22,-1,-1,4,4.1564
135262220,2,26,2,22,-1,-1,4,2.8501
135262209,2,26,2,22,-1,-1,4,3.7501
135262211,2,26,2,22,-1,-1,4,3.7564
135262218,2,26,2,22,-1,-1,4,4.7751
135262207,2,26,2,22,-1,-1,4,3.3626
135262214,2,26,2,22,-1,-1,4,3.8126
135262205,2,26,2,22,-1,-1,4,3.1126
135262203,2,26,2,22,-1,-1,4,3.1939
135262206,2,26,2,22,-1,-1,4,4.2626
135262215,2,26,2,22,-1,-1,4,3.0064
135262210,2,26,2,22,-1,-1,4,3.4501
135262208,2,26,2,22,-1,-1,4,2.9064
135262217,2,26,2,22,-1,-1,4,3.9439
135262212,2,26,2,22,-1,-1,4,3.8314
135262204,2,26,2,22,-1,-1,4,3.1564
135262201,2,26,2,22,-1,-1,4,3.6751
135262216,2,26,2,22,-1,-1,4,2.7876
135262213,2,26,2,22,-1,-1,4,3.4564
134262319,2,26,2,23,-1,-1,2,3.0929
134262302,2,26,2,23,-1,-1,2,3.2698
134262320,2,26,2,23,-1,-1,2,2.7936
134262309,2,26,2,23,-1,-1,2,2.9364
134262311,2,26,2,23,-1,-1,2,3.4172
134262318,2,26,2,23,-1,-1,2,3.1269
134262307,2,26,2,23,-1,-1,2,3.5079
134262314,2,26,2,23,-1,-1,2,2.5872
134262305,2,26,2,23,-1,-1,2,3.3673
134262303,2,26,2,23,-1,-1,2,3.0952
134262306,2,26,2,23,-1,-1,2,2.9296
134262315,2,26,2,23,-1,-1,2,3.5419
134262310,2,26,2,23,-1,-1,2,3.2743
134262308,2,26,2,23,-1,-1,2,3.5668
134262317,2,26,2,23,-1,-1,2,2.9228
134262312,2,26,2,23,-1,-1,2,2.9138
134262304,2,26,2,23,-1,-1,2,2.6553
134262301,2,26,2,23,-1,-1,2,3.6584
134262316,2,26,2,23,-1,-1,2,2.3446
134262313,2,26,2,23,-1,-1,2,3.8004
133262319,2,26,2,23,-1,-1,3,3.111
133262302,2,26,2,23,-1,-1,3,3.2607
133262320,2,26,2,23,-1,-1,3,2.7709
133262309,2,26,2,23,-1,-1,3,2.9387
133262311,2,26,2,23,-1,-1,3,3.4104
133262318,2,26,2,23,-1,-1,3,3.1337
133262307,2,26,2,23,-1,-1,3,3.5056
133262314,2,26,2,23,-1,-1,3,2.5714
133262305,2,26,2,23,-1,-1,3,3.3559
133262303,2,26,2,23,-1,-1,3,3.068
133262306,2,26,2,23,-1,-1,3,2.941
133262315,2,26,2,23,-1,-1,3,3.526
133262310,2,26,2,23,-1,-1,3,3.2834
133262308,2,26,2,23,-1,-1,3,3.56
133262317,2,26,2,23,-1,-1,3,2.9183
133262312,2,26,2,23,-1,-1,3,2.8979
133262304,2,26,2,23,-1,-1,3,2.687
133262301,2,26,2,23,-1,-1,3,3.638
133262316,2,26,2,23,-1,-1,3,2.365
133262313,2,26,2,23,-1,-1,3,3.814
135262319,2,26,2,23,-1,-1,4,3.1126
135262302,2,26,2,23,-1,-1,4,3.2626
135262320,2,26,2,23,-1,-1,4,2.7689
135262309,2,26,2,23,-1,-1,4,2.9439
135262311,2,26,2,23,-1,-1,4,3.4126
135262318,2,26,2,23,-1,-1,4,3.1314
135262307,2,26,2,23,-1,-1,4,3.4939
135262314,2,26,2,23,-1,-1,4,2.5751
135262305,2,26,2,23,-1,-1,4,3.3689
135262303,2,26,2,23,-1,-1,4,3.0689
135262306,2,26,2,23,-1,-1,4,2.9439
135262315,2,26,2,23,-1,-1,4,3.5189
135262310,2,26,2,23,-1,-1,4,3.2814
135262308,2,26,2,23,-1,-1,4,3.5564
135262317,2,26,2,23,-1,-1,4,2.9189
135262312,2,26,2,23,-1,-1,4,2.8939
135262304,2,26,2,23,-1,-1,4,2.6814
135262301,2,26,2,23,-1,-1,4,3.6526
135262316,2,26,2,23,-1,-1,4,2.3626
135262313,2,26,2,23,-1,-1,4,3.8189
134292519,2,29,2,25,-1,-1,2,2.5351
134292502,2,29,2,25,-1,-1,2,3.3877
134292520,2,29,2,25,-1,-1,2,3.0045
134292509,2,29,2,25,-1,-1,2,2.5578
134292511,2,29,2,25,-1,-1,2,4.2494
134292518,2,29,2,25,-1,-1,2,2.4285
134292507,2,29,2,25,-1,-1,2,2.7822
134292514,2,29,2,25,-1,-1,2,2.7618
134292505,2,29,2,25,-1,-1,2,3.3741
134292503,2,29,2,25,-1,-1,2,2.6938
134292506,2,29,2,25,-1,-1,2,3.2403
134292515,2,29,2,25,-1,-1,2,2.585
134292510,2,29,2,25,-1,-1,2,2.9818
134292508,2,29,2,25,-1,-1,2,3.068
134292517,2,29,2,25,-1,-1,2,3.3106
134292512,2,29,2,25,-1,-1,2,2.5147
134292504,2,29,2,25,-1,-1,2,2.7392
134292501,2,29,2,25,-1,-1,2,4.4308
134292516,2,29,2,25,-1,-1,2,2.9977
134292513,2,29,2,25,-1,-1,2,2.6417
133292519,2,29,2,25,-1,-1,3,2.5351
133292502,2,29,2,25,-1,-1,3,3.3877
133292520,2,29,2,25,-1,-1,3,3.0045
133292509,2,29,2,25,-1,-1,3,2.5578
133292511,2,29,2,25,-1,-1,3,4.2426
133292518,2,29,2,25,-1,-1,3,2.4308
133292507,2,29,2,25,-1,-1,3,2.7913
133292514,2,29,2,25,-1,-1,3,2.7686
133292505,2,29,2,25,-1,-1,3,3.3673
133292503,2,29,2,25,-1,-1,3,2.6847
133292506,2,29,2,25,-1,-1,3,3.2403
133292515,2,29,2,25,-1,-1,3,2.5782
133292510,2,29,2,25,-1,-1,3,2.9841
133292508,2,29,2,25,-1,-1,3,3.068
133292517,2,29,2,25,-1,-1,3,3.3038
133292512,2,29,2,25,-1,-1,3,2.5124
133292504,2,29,2,25,-1,-1,3,2.7505
133292501,2,29,2,25,-1,-1,3,4.5578
133292516,2,29,2,25,-1,-1,3,3.0045
133292513,2,29,2,25,-1,-1,3,2.6439
135292519,2,29,2,25,-1,-1,4,2.5376
135292502,2,29,2,25,-1,-1,4,3.3876
135292520,2,29,2,25,-1,-1,4,3.0001
135292509,2,29,2,25,-1,-1,4,2.5126
135292511,2,29,2,25,-1,-1,4,4.2439
135292518,2,29,2,25,-1,-1,4,2.4251
135292507,2,29,2,25,-1,-1,4,2.7939
135292514,2,29,2,25,-1,-1,4,2.7689
135292505,2,29,2,25,-1,-1,4,3.3689
135292503,2,29,2,25,-1,-1,4,2.6876
135292506,2,29,2,25,-1,-1,4,3.2376
135292515,2,29,2,25,-1,-1,4,2.5751
135292510,2,29,2,25,-1,-1,4,2.9814
135292508,2,29,2,25,-1,-1,4,3.0689
135292517,2,29,2,25,-1,-1,4,3.3064
135292512,2,29,2,25,-1,-1,4,2.5126
135292504,2,29,2,25,-1,-1,4,2.7439
135292501,2,29,2,25,-1,-1,4,4.5251
135292516,2,29,2,25,-1,-1,4,3.0064
135292513,2,29,2,25,-1,-1,4,2.6439
134292609,2,29,2,26,-1,-1,2,2.3015
134292614,2,29,2,26,-1,-1,2,4.5623
134292621,2,29,2,26,-1,-1,2,2.3355
134292602,2,29,2,26,-1,-1,2,3.9432
134292612,2,29,2,26,-1,-1,2,2.4081
134292611,2,29,2,26,-1,-1,2,3.2176
134292615,2,29,2,26,-1,-1,2,3.39
134292619,2,29,2,26,-1,-1,2,5.0725
134292607,2,29,2,26,-1,-1,2,2.7913
134292620,2,29,2,26,-1,-1,2,3.6008
134292605,2,29,2,26,-1,-1,2,3.2811
134292603,2,29,2,26,-1,-1,2,2.7482
134292606,2,29,2,26,-1,-1,2,2.5351
134292617,2,29,2,26,-1,-1,2,7.941
134292610,2,29,2,26,-1,-1,2,2.2358
134292608,2,29,2,26,-1,-1,2,2.2358
134292618,2,29,2,26,-1,-1,2,3.9002
134292604,2,29,2,26,-1,-1,2,2.5578
134292601,2,29,2,26,-1,-1,2,2.8307
134292616,2,29,2,26,-1,-1,2,2.9183
134292613,2,29,2,26,-1,-1,2,2.7686
133292609,2,29,2,26,-1,-1,3,2.3015
133292614,2,29,2,26,-1,-1,3,4.5646
133292621,2,29,2,26,-1,-1,3,2.3446
133292602,2,29,2,26,-1,-1,3,3.9024
133292612,2,29,2,26,-1,-1,3,2.4081
133292611,2,29,2,26,-1,-1,3,3.2154
133292615,2,29,2,26,-1,-1,3,3.3877
133292619,2,29,2,26,-1,-1,3,5.0748
133292607,2,29,2,26,-1,-1,3,2.7913
133292620,2,29,2,26,-1,-1,3,3.6008
133292605,2,29,2,26,-1,-1,3,3.2902
133292603,2,29,2,26,-1,-1,3,2.7732
133292606,2,29,2,26,-1,-1,3,2.5373
133292617,2,29,2,26,-1,-1,3,7.8956
133292610,2,29,2,26,-1,-1,3,2.2244
133292608,2,29,2,26,-1,-1,3,2.2267
133292618,2,29,2,26,-1,-1,3,3.9002
133292604,2,29,2,26,-1,-1,3,2.5487
133292601,2,29,2,26,-1,-1,3,2.8829
133292616,2,29,2,26,-1,-1,3,2.9591
133292613,2,29,2,26,-1,-1,3,2.7686
135292609,2,29,2,26,-1,-1,4,2.3001
135292614,2,29,2,26,-1,-1,4,4.5626
135292621,2,29,2,26,-1,-1,4,2.3439
135292602,2,29,2,26,-1,-1,4,3.9439
135292612,2,29,2,26,-1,-1,4,2.4064
135292611,2,29,2,26,-1,-1,4,3.2189
135292615,2,29,2,26,-1,-1,4,3.3876
135292619,2,29,2,26,-1,-1,4,5.0689
135292607,2,29,2,26,-1,-1,4,2.7876
135292620,2,29,2,26,-1,-1,4,3.6064
135292605,2,29,2,26,-1,-1,4,3.2814
135292603,2,29,2,26,-1,-1,4,2.7501
135292606,2,29,2,26,-1,-1,4,2.5376
135292617,2,29,2,26,-1,-1,4,7.9376
135292610,2,29,2,26,-1,-1,4,2.2376
135292608,2,29,2,26,-1,-1,4,2.2376
135292618,2,29,2,26,-1,-1,4,3.9001
135292604,2,29,2,26,-1,-1,4,2.5564
135292601,2,29,2,26,-1,-1,4,2.815
135292616,2,29,2,26,-1,-1,4,2.9189
135292613,2,29,2,26,-1,-1,4,2.7689
134302119,2,30,2,21,-1,-1,2,3.458
134302102,2,30,2,21,-1,-1,2,3.2312
134302120,2,30,2,21,-1,-1,2,4.5192
134302109,2,30,2,21,-1,-1,2,3.1768
134302111,2,30,2,21,-1,-1,2,3.551
134302118,2,30,2,21,-1,-1,2,3.3877
134302107,2,30,2,21,-1,-1,2,3.433
134302114,2,30,2,21,-1,-1,2,3.5804
134302105,2,30,2,21,-1,-1,2,3.2834
134302103,2,30,2,21,-1,-1,2,3.4739
134302106,2,30,2,21,-1,-1,2,3.7913
134302115,2,30,2,21,-1,-1,2,3.5192
134302110,2,30,2,21,-1,-1,2,3.5147
134302108,2,30,2,21,-1,-1,2,3.3582
134302117,2,30,2,21,-1,-1,2,3.6439
134302112,2,30,2,21,-1,-1,2,2.95
134302104,2,30,2,21,-1,-1,2,3.0249
134302101,2,30,2,21,-1,-1,2,4.6539
134302116,2,30,2,21,-1,-1,2,2.941
134302113,2,30,2,21,-1,-1,2,3.0022
133302119,2,30,2,21,-1,-1,3,3.4512
133302102,2,30,2,21,-1,-1,3,3.2494
133302120,2,30,2,21,-1,-1,3,4.5192
133302109,2,30,2,21,-1,-1,3,3.1745
133302111,2,30,2,21,-1,-1,3,3.56
133302118,2,30,2,21,-1,-1,3,3.39
133302107,2,30,2,21,-1,-1,3,3.4308
133302114,2,30,2,21,-1,-1,3,3.5804
133302105,2,30,2,21,-1,-1,3,3.2811
133302103,2,30,2,21,-1,-1,3,3.4739
133302106,2,30,2,21,-1,-1,3,3.7959
133302115,2,30,2,21,-1,-1,3,4.1587
133302110,2,30,2,21,-1,-1,3,3.5169
133302108,2,30,2,21,-1,-1,3,3.9659
133302117,2,30,2,21,-1,-1,3,3.6462
133302112,2,30,2,21,-1,-1,3,2.941
133302104,2,30,2,21,-1,-1,3,3.0271
133302101,2,30,2,21,-1,-1,3,5.189
133302116,2,30,2,21,-1,-1,3,2.9387
133302113,2,30,2,21,-1,-1,3,3.0045
135302119,2,30,2,21,-1,-1,4,3.4501
135302102,2,30,2,21,-1,-1,4,3.2376
135302120,2,30,2,21,-1,-1,4,4.5189
135302109,2,30,2,21,-1,-1,4,3.1814
135302111,2,30,2,21,-1,-1,4,3.5626
135302118,2,30,2,21,-1,-1,4,3.3939
135302107,2,30,2,21,-1,-1,4,3.4314
135302114,2,30,2,21,-1,-1,4,3.5814
135302105,2,30,2,21,-1,-1,4,3.2814
135302103,2,30,2,21,-1,-1,4,3.4751
135302106,2,30,2,21,-1,-1,4,3.7939
135302115,2,30,2,21,-1,-1,4,4.1564
135302110,2,30,2,21,-1,-1,4,3.5126
135302108,2,30,2,21,-1,-1,4,3.9626
135302117,2,30,2,21,-1,-1,4,3.6439
135302112,2,30,2,21,-1,-1,4,2.9376
135302104,2,30,2,21,-1,-1,4,3.0251
135302101,2,30,2,21,-1,-1,4,5.215
135302116,2,30,2,21,-1,-1,4,2.9376
135302113,2,30,2,21,-1,-1,4,3.0064
134302619,2,30,2,26,-1,-1,2,3.9614
134302602,2,30,2,26,-1,-1,2,4.3763
134302620,2,30,2,26,-1,-1,2,3.7981
134302609,2,30,2,26,-1,-1,2,4.1269
134302611,2,30,2,26,-1,-1,2,4.1995
134302618,2,30,2,26,-1,-1,2,7.551
134302607,2,30,2,26,-1,-1,2,3.6575
134302614,2,30,2,26,-1,-1,2,3.8231
134302605,2,30,2,26,-1,-1,2,4.4784
134302603,2,30,2,26,-1,-1,2,2.3469
134302606,2,30,2,26,-1,-1,2,3.8435
134302615,2,30,2,26,-1,-1,2,2.9931
134302610,2,30,2,26,-1,-1,2,3.6666
134302608,2,30,2,26,-1,-1,2,4.1133
134302617,2,30,2,26,-1,-1,2,3.8866
134302612,2,30,2,26,-1,-1,2,3.6893
134302604,2,30,2,26,-1,-1,2,4.9523
134302601,2,30,2,26,-1,-1,2,4.9342
134302616,2,30,2,26,-1,-1,2,3.1881
134302613,2,30,2,26,-1,-1,2,2.916
133302619,2,30,2,26,-1,-1,3,3.9432
133302602,2,30,2,26,-1,-1,3,4.3627
133302620,2,30,2,26,-1,-1,3,3.8163
133302609,2,30,2,26,-1,-1,3,4.1904
133302611,2,30,2,26,-1,-1,3,4.1995
133302618,2,30,2,26,-1,-1,3,7.5691
133302607,2,30,2,26,-1,-1,3,3.6734
133302614,2,30,2,26,-1,-1,3,3.8072
133302605,2,30,2,26,-1,-1,3,4.4852
133302603,2,30,2,26,-1,-1,3,2.8639
133302606,2,30,2,26,-1,-1,3,3.8389
133302615,2,30,2,26,-1,-1,3,2.9841
133302610,2,30,2,26,-1,-1,3,4.0158
133302608,2,30,2,26,-1,-1,3,4.1156
133302617,2,30,2,26,-1,-1,3,3.9024
133302612,2,30,2,26,-1,-1,3,3.6802
133302604,2,30,2,26,-1,-1,3,5.0135
133302601,2,30,2,26,-1,-1,3,4.9478
133302616,2,30,2,26,-1,-1,3,3.6666
133302613,2,30,2,26,-1,-1,3,2.9274
135302619,2,30,2,26,-1,-1,4,3.9439
135302602,2,30,2,26,-1,-1,4,4.3689
135302620,2,30,2,26,-1,-1,4,3.8189
135302609,2,30,2,26,-1,-1,4,4.2001
135302611,2,30,2,26,-1,-1,4,4.2001
135302618,2,30,2,26,-1,-1,4,7.5689
135302607,2,30,2,26,-1,-1,4,3.6689
135302614,2,30,2,26,-1,-1,4,3.8126
135302605,2,30,2,26,-1,-1,4,4.4751
135302603,2,30,2,26,-1,-1,4,2.8564
135302606,2,30,2,26,-1,-1,4,3.8376
135302615,2,30,2,26,-1,-1,4,2.9814
135302610,2,30,2,26,-1,-1,4,4.0064
135302608,2,30,2,26,-1,-1,4,4.1126
135302617,2,30,2,26,-1,-1,4,3.9001
135302612,2,30,2,26,-1,-1,4,3.6814
135302604,2,30,2,26,-1,-1,4,5.0314
135302601,2,30,2,26,-1,-1,4,4.9564
135302616,2,30,2,26,-1,-1,4,3.6689
135302613,2,30,2,26,-1,-1,4,2.9251
134333119,2,33,2,31,-1,-1,2,3.9432
134333102,2,33,2,31,-1,-1,2,2.7913
134333120,2,33,2,31,-1,-1,2,2.3627
134333109,2,33,2,31,-1,-1,2,2.9614
134333111,2,33,2,31,-1,-1,2,2.6643
134333118,2,33,2,31,-1,-1,2,3.7936
134333107,2,33,2,31,-1,-1,2,2.6417
134333114,2,33,2,31,-1,-1,2,3.4534
134333105,2,33,2,31,-1,-1,2,3.4739
134333103,2,33,2,31,-1,-1,2,2.1292
134333106,2,33,2,31,-1,-1,2,3.4739
134333115,2,33,2,31,-1,-1,2,3.1451
134333110,2,33,2,31,-1,-1,2,2.9818
134333108,2,33,2,31,-1,-1,2,2.9591
134333117,2,33,2,31,-1,-1,2,2.3083
134333112,2,33,2,31,-1,-1,2,3.0906
134333104,2,33,2,31,-1,-1,2,3.136
134333101,2,33,2,31,-1,-1,2,3.848
134333116,2,33,2,31,-1,-1,2,2.365
134333113,2,33,2,31,-1,-1,2,3.4943
133333119,2,33,2,31,-1,-1,3,3.9342
133333102,2,33,2,31,-1,-1,3,2.8027
133333120,2,33,2,31,-1,-1,3,2.365
133333109,2,33,2,31,-1,-1,3,2.9614
133333111,2,33,2,31,-1,-1,3,2.6553
133333118,2,33,2,31,-1,-1,3,3.7959
133333107,2,33,2,31,-1,-1,3,2.6417
133333114,2,33,2,31,-1,-1,3,3.4534
133333105,2,33,2,31,-1,-1,3,3.4648
133333103,2,33,2,31,-1,-1,3,2.1405
133333106,2,33,2,31,-1,-1,3,3.4739
133333115,2,33,2,31,-1,-1,3,3.1564
133333110,2,33,2,31,-1,-1,3,2.9863
133333108,2,33,2,31,-1,-1,3,2.9682
133333117,2,33,2,31,-1,-1,3,2.3083
133333112,2,33,2,31,-1,-1,3,3.0906
133333104,2,33,2,31,-1,-1,3,3.1224
133333101,2,33,2,31,-1,-1,3,3.8389
133333116,2,33,2,31,-1,-1,3,2.365
133333113,2,33,2,31,-1,-1,3,3.4943
135333119,2,33,2,31,-1,-1,4,3.2439
135333102,2,33,2,31,-1,-1,4,2.8376
135333120,2,33,2,31,-1,-1,4,2.3626
135333109,2,33,2,31,-1,-1,4,2.9626
135333111,2,33,2,31,-1,-1,4,2.6626
135333118,2,33,2,31,-1,-1,4,3.7939
135333107,2,33,2,31,-1,-1,4,2.6189
135333114,2,33,2,31,-1,-1,4,3.4564
135333105,2,33,2,31,-1,-1,4,3.4751
135333103,2,33,2,31,-1,-1,4,2.1001
135333106,2,33,2,31,-1,-1,4,3.4939
135333115,2,33,2,31,-1,-1,4,3.1501
135333110,2,33,2,31,-1,-1,4,2.9876
135333108,2,33,2,31,-1,-1,4,2.9626
135333117,2,33,2,31,-1,-1,4,2.3001
135333112,2,33,2,31,-1,-1,4,3.0876
135333104,2,33,2,31,-1,-1,4,3.1126
135333101,2,33,2,31,-1,-1,4,3.8126
135333116,2,33,2,31,-1,-1,4,2.3689
135333113,2,33,2,31,-1,-1,4,3.4939
134333419,2,33,2,34,-1,-1,2,3.8435
134333402,2,33,2,34,-1,-1,2,3.1337
134333420,2,33,2,34,-1,-1,2,3.4965
134333409,2,33,2,34,-1,-1,2,2.7278
134333411,2,33,2,34,-1,-1,2,2.5351
134333418,2,33,2,34,-1,-1,2,2.7188
134333407,2,33,2,34,-1,-1,2,2.6122
134333414,2,33,2,34,-1,-1,2,3.6054
134333405,2,33,2,34,-1,-1,2,2.6235
134333403,2,33,2,34,-1,-1,2,2.7981
134333406,2,33,2,34,-1,-1,2,3.1088
134333415,2,33,2,34,-1,-1,2,2.916
134333410,2,33,2,34,-1,-1,2,3.1337
134333408,2,33,2,34,-1,-1,2,2.4058
134333417,2,33,2,34,-1,-1,2,2.3129
134333412,2,33,2,34,-1,-1,2,4.9342
134333404,2,33,2,34,-1,-1,2,6.9002
134333401,2,33,2,34,-1,-1,2,6.2729
134333416,2,33,2,34,-1,-1,2,3.365
134333413,2,33,2,34,-1,-1,2,3.4739
133333419,2,33,2,34,-1,-1,3,3.8321
133333402,2,33,2,34,-1,-1,3,3.1337
133333420,2,33,2,34,-1,-1,3,3.5441
133333409,2,33,2,34,-1,-1,3,2.7256
133333411,2,33,2,34,-1,-1,3,2.5351
133333418,2,33,2,34,-1,-1,3,2.7301
133333407,2,33,2,34,-1,-1,3,2.6212
133333414,2,33,2,34,-1,-1,3,3.6008
133333405,2,33,2,34,-1,-1,3,2.6212
133333403,2,33,2,34,-1,-1,3,2.7913
133333406,2,33,2,34,-1,-1,3,3.111
133333415,2,33,2,34,-1,-1,3,2.9206
133333410,2,33,2,34,-1,-1,3,3.1337
133333408,2,33,2,34,-1,-1,3,2.4081
133333417,2,33,2,34,-1,-1,3,2.3219
133333412,2,33,2,34,-1,-1,3,4.9251
133333404,2,33,2,34,-1,-1,3,6.9092
133333401,2,33,2,34,-1,-1,3,6.3205
133333416,2,33,2,34,-1,-1,3,3.3446
133333413,2,33,2,34,-1,-1,3,3.4739
135333419,2,33,2,34,-1,-1,4,3.8189
135333402,2,33,2,34,-1,-1,4,2.4314
135333420,2,33,2,34,-1,-1,4,2.8314
135333409,2,33,2,34,-1,-1,4,2.7251
135333411,2,33,2,34,-1,-1,4,2.5376
135333418,2,33,2,34,-1,-1,4,2.7251
135333407,2,33,2,34,-1,-1,4,2.6189
135333414,2,33,2,34,-1,-1,4,3.6001
135333405,2,33,2,34,-1,-1,4,2.6189
135333403,2,33,2,34,-1,-1,4,2.7939
135333406,2,33,2,34,-1,-1,4,3.1126
135333415,2,33,2,34,-1,-1,4,2.9189
135333410,2,33,2,34,-1,-1,4,2.4314
135333408,2,33,2,34,-1,-1,4,2.4126
135333417,2,33,2,34,-1,-1,4,2.3251
135333412,2,33,2,34,-1,-1,4,4.9251
135333404,2,33,2,34,-1,-1,4,6.2064
135333401,2,33,2,34,-1,-1,4,6.3153
135333416,2,33,2,34,-1,-1,4,3.3439
135333413,2,33,2,34,-1,-1,4,2.7751
1274205,2,42,3,-1,-1,-1,2,3.8571
1274229,2,42,3,-1,-1,-1,2,3.3242
1274230,2,42,3,-1,-1,-1,2,5.1813
1274234,2,42,3,-1,-1,-1,2,5.6371
1274235,2,42,3,-1,-1,-1,2,3.8798
1274226,2,42,3,-1,-1,-1,2,3.8571
1274211,2,42,3,-1,-1,-1,2,3.6666
1274223,2,42,3,-1,-1,-1,2,3.1337
1274212,2,42,3,-1,-1,-1,2,4.6258
1274228,2,42,3,-1,-1,-1,2,4.721
1274219,2,42,3,-1,-1,-1,2,4.9432
1274216,2,42,3,-1,-1,-1,2,2.6779
1274203,2,42,3,-1,-1,-1,2,5.4376
1274239,2,42,3,-1,-1,-1,2,3.6689
1274221,2,42,3,-1,-1,-1,2,3.1655
1274237,2,42,3,-1,-1,-1,2,3.5169
1274217,2,42,3,-1,-1,-1,2,4.8639
1274236,2,42,3,-1,-1,-1,2,3.4308
1274209,2,42,3,-1,-1,-1,2,2.7664
1274214,2,42,3,-1,-1,-1,2,4.56
1274206,2,42,3,-1,-1,-1,2,6.2947
1274218,2,42,3,-1,-1,-1,2,5.755
1274215,2,42,3,-1,-1,-1,2,4.7142
1274233,2,42,3,-1,-1,-1,2,2.9183
1274208,2,42,3,-1,-1,-1,2,4.6485
1274232,2,42,3,-1,-1,-1,2,4.3922
1274202,2,42,3,-1,-1,-1,2,3.3559
1274227,2,42,3,-1,-1,-1,2,3.9863
1274213,2,42,3,-1,-1,-1,2,4.9251
1274231,2,42,3,-1,-1,-1,2,3.7278
1274225,2,42,3,-1,-1,-1,2,4.2426
1274207,2,42,3,-1,-1,-1,2,5.0929
1274224,2,42,3,-1,-1,-1,2,3.3242
1274222,2,42,3,-1,-1,-1,2,4.1337
1274220,2,42,3,-1,-1,-1,2,4.2017
1274210,2,42,3,-1,-1,-1,2,2.6054
1274238,2,42,3,-1,-1,-1,2,4.4988
1274204,2,42,3,-1,-1,-1,2,5.6303
1274201,2,42,3,-1,-1,-1,2,3.1451
1264223,2,42,3,-1,-1,-1,3,4.1383
1264221,2,42,3,-1,-1,-1,3,4.1995
1264226,2,42,3,-1,-1,-1,3,4.2403
1264205,2,42,3,-1,-1,-1,3,2.8117
1264211,2,42,3,-1,-1,-1,3,3.7528
1264216,2,42,3,-1,-1,-1,3,5.7822
1264229,2,42,3,-1,-1,-1,3,5.78
1264212,2,42,3,-1,-1,-1,3,3.6666
1264219,2,42,3,-1,-1,-1,3,5.7596
1264230,2,42,3,-1,-1,-1,3,3.3265
1264228,2,42,3,-1,-1,-1,3,3.9863
1264236,2,42,3,-1,-1,-1,3,3.882
1264238,2,42,3,-1,-1,-1,3,3.5169
1264203,2,42,3,-1,-1,-1,3,5.4376
1264240,2,42,3,-1,-1,-1,3,4.6689
1264231,2,42,3,-1,-1,-1,3,5.1768
1264235,2,42,3,-1,-1,-1,3,6.3106
1264217,2,42,3,-1,-1,-1,3,2.6598
1264237,2,42,3,-1,-1,-1,3,3.4308
1264209,2,42,3,-1,-1,-1,3,4.6485
1264214,2,42,3,-1,-1,-1,3,4.9274
1264206,2,42,3,-1,-1,-1,3,3.8593
1264218,2,42,3,-1,-1,-1,3,4.8843
1264215,2,42,3,-1,-1,-1,3,4.5623
1264234,2,42,3,-1,-1,-1,3,2.9206
1264208,2,42,3,-1,-1,-1,3,5.1178
1264233,2,42,3,-1,-1,-1,3,4.39
1264202,2,42,3,-1,-1,-1,3,3.3695
1264227,2,42,3,-1,-1,-1,3,3.8593
1264213,2,42,3,-1,-1,-1,3,4.6235
1264232,2,42,3,-1,-1,-1,3,3.7301
1264225,2,42,3,-1,-1,-1,3,3.3242
1264207,2,42,3,-1,-1,-1,3,6.2675
1264224,2,42,3,-1,-1,-1,3,3.1315
1264222,2,42,3,-1,-1,-1,3,4.238
1264220,2,42,3,-1,-1,-1,3,4.9478
1264210,2,42,3,-1,-1,-1,3,2.7686
1264239,2,42,3,-1,-1,-1,3,4.4988
1264204,2,42,3,-1,-1,-1,3,2.7482
1284223,2,42,3,-1,-1,-1,4,4.1376
1284221,2,42,3,-1,-1,-1,4,4.1126
1284226,2,42,3,-1,-1,-1,4,4.2439
1284205,2,42,3,-1,-1,-1,4,2.8126
1284211,2,42,3,-1,-1,-1,4,3.7376
1284216,2,42,3,-1,-1,-1,4,5.7564
1284229,2,42,3,-1,-1,-1,4,5.7814
1284212,2,42,3,-1,-1,-1,4,3.6939
1284219,2,42,3,-1,-1,-1,4,5.7689
1284230,2,42,3,-1,-1,-1,4,3.3251
1284228,2,42,3,-1,-1,-1,4,3.9876
1284236,2,42,3,-1,-1,-1,4,3.8751
1284238,2,42,3,-1,-1,-1,4,3.5189
1284203,2,42,3,-1,-1,-1,4,5.4314
1284240,2,42,3,-1,-1,-1,4,4.6689
1284231,2,42,3,-1,-1,-1,4,5.1814
1284235,2,42,3,-1,-1,-1,4,6.3126
1284217,2,42,3,-1,-1,-1,4,2.6626
1284237,2,42,3,-1,-1,-1,4,3.4314
1284209,2,42,3,-1,-1,-1,4,4.6439
1284214,2,42,3,-1,-1,-1,4,4.9314
1284206,2,42,3,-1,-1,-1,4,3.8751
1284218,2,42,3,-1,-1,-1,4,4.8689
1284215,2,42,3,-1,-1,-1,4,4.5626
1284234,2,42,3,-1,-1,-1,4,2.9189
1284208,2,42,3,-1,-1,-1,4,5.1189
1284233,2,42,3,-1,-1,-1,4,4.3939
1284202,2,42,3,-1,-1,-1,4,3.3751
1284227,2,42,3,-1,-1,-1,4,3.8564
1284213,2,42,3,-1,-1,-1,4,4.6314
1284232,2,42,3,-1,-1,-1,4,3.7251
1284225,2,42,3,-1,-1,-1,4,3.3189
1284207,2,42,3,-1,-1,-1,4,6.2564
1284224,2,42,3,-1,-1,-1,4,3.1314
1284222,2,42,3,-1,-1,-1,4,4.2439
1284220,2,42,3,-1,-1,-1,4,4.9439
1284210,2,42,3,-1,-1,-1,4,2.7876
1284239,2,42,3,-1,-1,-1,4,4.5001
1284204,2,42,3,-1,-1,-1,4,2.7501
131431132,2,43,4,11,-1,-1,2,1.7301
131431107,2,43,4,11,-1,-1,2,2.492
131431129,2,43,4,11,-1,-1,2,1.1927
131431133,2,43,4,11,-1,-1,2,1.3151
131431135,2,43,4,11,-1,-1,2,1.8934
131431140,2,43,4,11,-1,-1,2,1.6031
131431137,2,43,4,11,-1,-1,2,1.263
131431143,2,43,4,11,-1,-1,2,1.4262
131431110,2,43,4,11,-1,-1,2,1.0203
131431113,2,43,4,11,-1,-1,2,1.5963
131431114,2,43,4,11,-1,-1,2,1.4058
131431134,2,43,4,11,-1,-1,2,1.3718
131431136,2,43,4,11,-1,-1,2,1.619
131431130,2,43,4,11,-1,-1,2,1.1859
131431150,2,43,4,11,-1,-1,2,1.4875
131431105,2,43,4,11,-1,-1,2,3.068
131431149,2,43,4,11,-1,-1,2,1.2811
131431121,2,43,4,11,-1,-1,2,1.0203
131431118,2,43,4,11,-1,-1,2,2.2154
131431131,2,43,4,11,-1,-1,2,1.5963
131431125,2,43,4,11,-1,-1,2,0.8707
131431119,2,43,4,11,-1,-1,2,1.789
131431144,2,43,4,11,-1,-1,2,0.8503
131431123,2,43,4,11,-1,-1,2,1.2947
131431145,2,43,4,11,-1,-1,2,2.1723
131431111,2,43,4,11,-1,-1,2,1.3832
131431116,2,43,4,11,-1,-1,2,1.2358
131431128,2,43,4,11,-1,-1,2,1.3627
131431108,2,43,4,11,-1,-1,2,2.0476
131431120,2,43,4,11,-1,-1,2,1.0816
131431138,2,43,4,11,-1,-1,2,1.8525
131431117,2,43,4,11,-1,-1,2,2.2993
131431141,2,43,4,11,-1,-1,2,1.3401
131431104,2,43,4,11,-1,-1,2,1.0294
131431115,2,43,4,11,-1,-1,2,1.2902
131431146,2,43,4,11,-1,-1,2,1.7868
131431127,2,43,4,11,-1,-1,2,2.17
131431109,2,43,4,11,-1,-1,2,2.9047
131431126,2,43,4,11,-1,-1,2,0.9138
131431139,2,43,4,11,-1,-1,2,1.4058
131431124,2,43,4,11,-1,-1,2,1.0725
131431122,2,43,4,11,-1,-1,2,0.9591
131431112,2,43,4,11,-1,-1,2,1.6394
130431134,2,43,4,11,-1,-1,3,1.8956
130431140,2,43,4,11,-1,-1,3,1.3401
130431131,2,43,4,11,-1,-1,3,1.7256
130431107,2,43,4,11,-1,-1,3,2.5283
130431114,2,43,4,11,-1,-1,3,1.5963
130431129,2,43,4,11,-1,-1,3,1.1904
130431132,2,43,4,11,-1,-1,3,1.3197
130431115,2,43,4,11,-1,-1,3,1.4126
130431141,2,43,4,11,-1,-1,3,1.5305
130431135,2,43,4,11,-1,-1,3,1.6167
130431133,2,43,4,11,-1,-1,3,1.3627
130431124,2,43,4,11,-1,-1,3,1.0929
130431144,2,43,4,11,-1,-1,3,2.1745
130431105,2,43,4,11,-1,-1,3,3.0589
130431150,2,43,4,11,-1,-1,3,1.4852
130431122,2,43,4,11,-1,-1,3,1.0113
130431119,2,43,4,11,-1,-1,3,2.2154
130431126,2,43,4,11,-1,-1,3,2.1677
130431120,2,43,4,11,-1,-1,3,1.789
130431142,2,43,4,11,-1,-1,3,1.4285
130431112,2,43,4,11,-1,-1,3,1.3832
130431117,2,43,4,11,-1,-1,3,1.2335
130431108,2,43,4,11,-1,-1,3,2.6122
130431121,2,43,4,11,-1,-1,3,1.0657
130431136,2,43,4,11,-1,-1,3,1.2562
130431118,2,43,4,11,-1,-1,3,2.2993
130431139,2,43,4,11,-1,-1,3,1.619
130431111,2,43,4,11,-1,-1,3,1.0135
130431138,2,43,4,11,-1,-1,3,1.4104
130431104,2,43,4,11,-1,-1,3,1.0544
130431130,2,43,4,11,-1,-1,3,1.5963
130431116,2,43,4,11,-1,-1,3,1.2993
130431137,2,43,4,11,-1,-1,3,1.8457
130431128,2,43,4,11,-1,-1,3,1.1972
130431110,2,43,4,11,-1,-1,3,1.9206
130431127,2,43,4,11,-1,-1,3,1.3559
130431125,2,43,4,11,-1,-1,3,0.9206
130431123,2,43,4,11,-1,-1,3,1.1496
130431113,2,43,4,11,-1,-1,3,1.6394
130431143,2,43,4,11,-1,-1,3,0.8503
130431147,2,43,4,11,-1,-1,3,0.9999
130431106,2,43,4,11,-1,-1,3,2.7006
130431102,2,43,4,11,-1,-1,3,1.8775
132431131,2,43,4,11,-1,-1,4,1.7564
132431106,2,43,4,11,-1,-1,4,2.5376
132431128,2,43,4,11,-1,-1,4,1.1876
132431132,2,43,4,11,-1,-1,4,1.2939
132431134,2,43,4,11,-1,-1,4,1.8439
132431139,2,43,4,11,-1,-1,4,1.6189
132431136,2,43,4,11,-1,-1,4,1.2814
132431142,2,43,4,11,-1,-1,4,1.4501
132431109,2,43,4,11,-1,-1,4,1.0189
132431112,2,43,4,11,-1,-1,4,1.5751
132431113,2,43,4,11,-1,-1,4,1.4251
132431133,2,43,4,11,-1,-1,4,1.3876
132431135,2,43,4,11,-1,-1,4,1.6439
132431129,2,43,4,11,-1,-1,4,1.1689
132431149,2,43,4,11,-1,-1,4,1.5314
132431104,2,43,4,11,-1,-1,4,3.0751
132431148,2,43,4,11,-1,-1,4,1.3251
132431120,2,43,4,11,-1,-1,4,1.0189
132431117,2,43,4,11,-1,-1,4,2.2189
132431130,2,43,4,11,-1,-1,4,1.6189
132431124,2,43,4,11,-1,-1,4,0.8751
132431118,2,43,4,11,-1,-1,4,1.7876
132431143,2,43,4,11,-1,-1,4,1.5689
132431122,2,43,4,11,-1,-1,4,1.1001
132431144,2,43,4,11,-1,-1,4,2.1751
132431110,2,43,4,11,-1,-1,4,1.3876
132431115,2,43,4,11,-1,-1,4,1.2314
132431127,2,43,4,11,-1,-1,4,1.3689
132431107,2,43,4,11,-1,-1,4,2.6189
132431119,2,43,4,11,-1,-1,4,1.0626
132431137,2,43,4,11,-1,-1,4,1.8501
132431116,2,43,4,11,-1,-1,4,2.3001
132431140,2,43,4,11,-1,-1,4,1.3689
132431103,2,43,4,11,-1,-1,4,2.2126
132431114,2,43,4,11,-1,-1,4,1.3001
132431145,2,43,4,11,-1,-1,4,1.8126
132431126,2,43,4,11,-1,-1,4,2.1626
132431108,2,43,4,11,-1,-1,4,2.9001
132431125,2,43,4,11,-1,-1,4,0.9189
132431138,2,43,4,11,-1,-1,4,1.3564
132431123,2,43,4,11,-1,-1,4,1.0814
132431121,2,43,4,11,-1,-1,4,1.1501
132431111,2,43,4,11,-1,-1,4,1.6376
131432130,2,43,4,21,-1,-1,2,1.3514
131432105,2,43,4,21,-1,-1,2,2.2811
131432127,2,43,4,21,-1,-1,2,1.3559
131432131,2,43,4,21,-1,-1,2,1.7618
131432133,2,43,4,21,-1,-1,2,1.4693
131432138,2,43,4,21,-1,-1,2,2.3922
131432135,2,43,4,21,-1,-1,2,1.653
131432141,2,43,4,21,-1,-1,2,1.5396
131432108,2,43,4,21,-1,-1,2,2.6983
131432111,2,43,4,21,-1,-1,2,2.0453
131432112,2,43,4,21,-1,-1,2,1.4308
131432132,2,43,4,21,-1,-1,2,1.526
131432134,2,43,4,21,-1,-1,2,1.7074
131432128,2,43,4,21,-1,-1,2,1.2743
131432150,2,43,4,21,-1,-1,2,1.433
131432103,2,43,4,21,-1,-1,2,1.8503
131432148,2,43,4,21,-1,-1,2,0.9705
131432119,2,43,4,21,-1,-1,2,1.1995
131432116,2,43,4,21,-1,-1,2,1.2471
131432129,2,43,4,21,-1,-1,2,1.297
131432123,2,43,4,21,-1,-1,2,1.0407
131432117,2,43,4,21,-1,-1,2,1.6621
131432142,2,43,4,21,-1,-1,2,1.4761
131432121,2,43,4,21,-1,-1,2,1.1632
131432144,2,43,4,21,-1,-1,2,0.6961
131432109,2,43,4,21,-1,-1,2,1.17
131432114,2,43,4,21,-1,-1,2,1.2539
131432126,2,43,4,21,-1,-1,2,1.5532
131432106,2,43,4,21,-1,-1,2,2.17
131432118,2,43,4,21,-1,-1,2,1.5555
131432136,2,43,4,21,-1,-1,2,1.3061
131432115,2,43,4,21,-1,-1,2,0.9637
131432139,2,43,4,21,-1,-1,2,1.0453
131432102,2,43,4,21,-1,-1,2,1.9319
131432113,2,43,4,21,-1,-1,2,1.3786
131432145,2,43,4,21,-1,-1,2,1.8072
131432125,2,43,4,21,-1,-1,2,1.4398
131432107,2,43,4,21,-1,-1,2,2.3061
131432124,2,43,4,21,-1,-1,2,1.2085
131432137,2,43,4,21,-1,-1,2,1.8208
131432122,2,43,4,21,-1,-1,2,1.1496
131432120,2,43,4,21,-1,-1,2,1.3151
131432110,2,43,4,21,-1,-1,2,1.2766
131432140,2,43,4,21,-1,-1,2,1.3401
131432147,2,43,4,21,-1,-1,2,1.2811
131432104,2,43,4,21,-1,-1,2,2.365
131432101,2,43,4,21,-1,-1,2,1.2652
130432131,2,43,4,21,-1,-1,3,1.3446
130432136,2,43,4,21,-1,-1,3,1.6212
130432133,2,43,4,21,-1,-1,3,1.5237
130432106,2,43,4,21,-1,-1,3,1.5215
130432121,2,43,4,21,-1,-1,3,1.3287
130432113,2,43,4,21,-1,-1,3,1.4262
130432145,2,43,4,21,-1,-1,3,1.814
130432134,2,43,4,21,-1,-1,3,1.4648
130432125,2,43,4,21,-1,-1,3,1.1587
130432112,2,43,4,21,-1,-1,3,2.0407
130432130,2,43,4,21,-1,-1,3,1.2993
130432135,2,43,4,21,-1,-1,3,1.7074
130432132,2,43,4,21,-1,-1,3,1.7686
130432146,2,43,4,21,-1,-1,3,2.1178
130432104,2,43,4,21,-1,-1,3,1.8525
130432148,2,43,4,21,-1,-1,3,0.975
130432129,2,43,4,21,-1,-1,3,1.2834
130432118,2,43,4,21,-1,-1,3,1.6666
130432128,2,43,4,21,-1,-1,3,1.3582
130432119,2,43,4,21,-1,-1,3,1.5487
130432143,2,43,4,21,-1,-1,3,1.4693
130432123,2,43,4,21,-1,-1,3,1.1541
130432144,2,43,4,21,-1,-1,3,1.7188
130432110,2,43,4,21,-1,-1,3,1.1723
130432116,2,43,4,21,-1,-1,3,0.95
130432107,2,43,4,21,-1,-1,3,2.1791
130432120,2,43,4,21,-1,-1,3,1.1859
130432137,2,43,4,21,-1,-1,3,1.3423
130432117,2,43,4,21,-1,-1,3,1.2607
130432140,2,43,4,21,-1,-1,3,1.2448
130432109,2,43,4,21,-1,-1,3,2.712
130432141,2,43,4,21,-1,-1,3,1.3401
130432103,2,43,4,21,-1,-1,3,1.9591
130432115,2,43,4,21,-1,-1,3,1.2562
130432138,2,43,4,21,-1,-1,3,1.8956
130432127,2,43,4,21,-1,-1,3,1.5441
130432108,2,43,4,21,-1,-1,3,2.2879
130432126,2,43,4,21,-1,-1,3,1.458
130432139,2,43,4,21,-1,-1,3,2.8163
130432124,2,43,4,21,-1,-1,3,1.0725
130432122,2,43,4,21,-1,-1,3,1.1609
130432111,2,43,4,21,-1,-1,3,1.2788
130432142,2,43,4,21,-1,-1,3,1.5351
130432151,2,43,4,21,-1,-1,3,1.424
130432105,2,43,4,21,-1,-1,3,2.3446
130432102,2,43,4,21,-1,-1,3,1.2335
130432147,2,43,4,21,-1,-1,3,1.2924
132432130,2,43,4,21,-1,-1,4,1.4751
132432105,2,43,4,21,-1,-1,4,2.3064
132432127,2,43,4,21,-1,-1,4,1.3376
132432131,2,43,4,21,-1,-1,4,1.6376
132432133,2,43,4,21,-1,-1,4,1.4501
132432138,2,43,4,21,-1,-1,4,2.7439
132432135,2,43,4,21,-1,-1,4,1.5939
132432141,2,43,4,21,-1,-1,4,1.5564
132432108,2,43,4,21,-1,-1,4,2.6814
132432111,2,43,4,21,-1,-1,4,2.0439
132432112,2,43,4,21,-1,-1,4,1.4064
132432132,2,43,4,21,-1,-1,4,1.5751
132432134,2,43,4,21,-1,-1,4,1.7001
132432128,2,43,4,21,-1,-1,4,1.2876
132432149,2,43,4,21,-1,-1,4,1.4126
132432103,2,43,4,21,-1,-1,4,1.8814
132432147,2,43,4,21,-1,-1,4,0.9814
132432119,2,43,4,21,-1,-1,4,1.2626
132432116,2,43,4,21,-1,-1,4,1.2564
132432129,2,43,4,21,-1,-1,4,1.2626
132432123,2,43,4,21,-1,-1,4,1.0189
132432117,2,43,4,21,-1,-1,4,1.6626
132432142,2,43,4,21,-1,-1,4,1.5251
132432121,2,43,4,21,-1,-1,4,1.1689
132432143,2,43,4,21,-1,-1,4,1.6251
132432109,2,43,4,21,-1,-1,4,1.1689
132432114,2,43,4,21,-1,-1,4,1.2814
132432126,2,43,4,21,-1,-1,4,1.5564
132432106,2,43,4,21,-1,-1,4,2.1439
132432118,2,43,4,21,-1,-1,4,1.5751
132432136,2,43,4,21,-1,-1,4,1.3501
132432115,2,43,4,21,-1,-1,4,0.9314
132432139,2,43,4,21,-1,-1,4,1.2251
132432102,2,43,4,21,-1,-1,4,1.9501
132432113,2,43,4,21,-1,-1,4,1.3814
132432144,2,43,4,21,-1,-1,4,1.9939
132432125,2,43,4,21,-1,-1,4,1.4689
132432107,2,43,4,21,-1,-1,4,2.3251
132432124,2,43,4,21,-1,-1,4,1.2126
132432137,2,43,4,21,-1,-1,4,2.0001
132432122,2,43,4,21,-1,-1,4,1.1689
132432120,2,43,4,21,-1,-1,4,1.2251
132432110,2,43,4,21,-1,-1,4,1.3001
132432140,2,43,4,21,-1,-1,4,1.3251
132432146,2,43,4,21,-1,-1,4,1.2751
132432104,2,43,4,21,-1,-1,4,2.3189
132432101,2,43,4,21,-1,-1,4,1.2626
131451130,2,45,4,11,-1,-1,2,2.3015
131451105,2,45,4,11,-1,-1,2,2.7029
131451127,2,45,4,11,-1,-1,2,1.5963
131451131,2,45,4,11,-1,-1,2,1.916
131451133,2,45,4,11,-1,-1,2,1.4602
131451138,2,45,4,11,-1,-1,2,1.4149
131451135,2,45,4,11,-1,-1,2,1.5759
131451141,2,45,4,11,-1,-1,2,1.5872
131451108,2,45,4,11,-1,-1,2,2.8684
131451111,2,45,4,11,-1,-1,2,1.6371
131451112,2,45,4,11,-1,-1,2,1.6621
131451132,2,45,4,11,-1,-1,2,1.5759
131451134,2,45,4,11,-1,-1,2,1.7777
131451128,2,45,4,11,-1,-1,2,1.424
131451149,2,45,4,11,-1,-1,2,1.6598
131451103,2,45,4,11,-1,-1,2,3.1451
131451147,2,45,4,11,-1,-1,2,0.9364
131451119,2,45,4,11,-1,-1,2,1.3219
131451116,2,45,4,11,-1,-1,2,1.6915
131451129,2,45,4,11,-1,-1,2,0.9999
131451123,2,45,4,11,-1,-1,2,1.2335
131451117,2,45,4,11,-1,-1,2,1.8775
131451142,2,45,4,11,-1,-1,2,1.5441
131451121,2,45,4,11,-1,-1,2,1.619
131451143,2,45,4,11,-1,-1,2,1.9795
131451109,2,45,4,11,-1,-1,2,1.5305
131451114,2,45,4,11,-1,-1,2,1.39
131451126,2,45,4,11,-1,-1,2,1.8707
131451106,2,45,4,11,-1,-1,2,2.7845
131451118,2,45,4,11,-1,-1,2,2.1428
131451136,2,45,4,11,-1,-1,2,1.3219
131451115,2,45,4,11,-1,-1,2,1.3832
131451139,2,45,4,11,-1,-1,2,1.5124
131451102,2,45,4,11,-1,-1,2,2.9092
131451113,2,45,4,11,-1,-1,2,1.4988
131451144,2,45,4,11,-1,-1,2,2.3197
131451125,2,45,4,11,-1,-1,2,1.2856
131451107,2,45,4,11,-1,-1,2,2.6711
131451124,2,45,4,11,-1,-1,2,1.4557
131451137,2,45,4,11,-1,-1,2,1.6394
131451122,2,45,4,11,-1,-1,2,1.5532
131451120,2,45,4,11,-1,-1,2,1.6371
131451110,2,45,4,11,-1,-1,2,1.492
131451140,2,45,4,11,-1,-1,2,1.6258
131451146,2,45,4,11,-1,-1,2,1.331
131451104,2,45,4,11,-1,-1,2,2.5237
131451101,2,45,4,11,-1,-1,2,2.5872
131451148,2,45,4,11,-1,-1,2,2.3423
131451145,2,45,4,11,-1,-1,2,1.8435
130451130,2,45,4,11,-1,-1,3,2.3151
130451105,2,45,4,11,-1,-1,3,2.7482
130451127,2,45,4,11,-1,-1,3,1.6076
130451131,2,45,4,11,-1,-1,3,1.9092
130451133,2,45,4,11,-1,-1,3,1.458
130451138,2,45,4,11,-1,-1,3,1.4308
130451135,2,45,4,11,-1,-1,3,1.5441
130451141,2,45,4,11,-1,-1,3,1.619
130451108,2,45,4,11,-1,-1,3,2.8752
130451111,2,45,4,11,-1,-1,3,1.6394
130451112,2,45,4,11,-1,-1,3,1.6598
130451132,2,45,4,11,-1,-1,3,1.5736
130451134,2,45,4,11,-1,-1,3,1.7822
130451128,2,45,4,11,-1,-1,3,1.4104
130451149,2,45,4,11,-1,-1,3,1.6167
130451103,2,45,4,11,-1,-1,3,3.1133
130451147,2,45,4,11,-1,-1,3,0.9546
130451119,2,45,4,11,-1,-1,3,1.3151
130451116,2,45,4,11,-1,-1,3,1.7029
130451129,2,45,4,11,-1,-1,3,0.9931
130451123,2,45,4,11,-1,-1,3,1.2358
130451117,2,45,4,11,-1,-1,3,1.8525
130451142,2,45,4,11,-1,-1,3,1.5124
130451121,2,45,4,11,-1,-1,3,1.6235
130451143,2,45,4,11,-1,-1,3,1.9795
130451109,2,45,4,11,-1,-1,3,1.5351
130451114,2,45,4,11,-1,-1,3,1.4036
130451126,2,45,4,11,-1,-1,3,1.907
130451106,2,45,4,11,-1,-1,3,2.7936
130451118,2,45,4,11,-1,-1,3,2.136
130451136,2,45,4,11,-1,-1,3,1.3174
130451115,2,45,4,11,-1,-1,3,1.3854
130451139,2,45,4,11,-1,-1,3,1.5101
130451102,2,45,4,11,-1,-1,3,2.8979
130451113,2,45,4,11,-1,-1,3,1.4693
130451144,2,45,4,11,-1,-1,3,2.3219
130451125,2,45,4,11,-1,-1,3,1.2562
130451107,2,45,4,11,-1,-1,3,2.6643
130451124,2,45,4,11,-1,-1,3,1.4466
130451137,2,45,4,11,-1,-1,3,1.6394
130451122,2,45,4,11,-1,-1,3,1.5464
130451120,2,45,4,11,-1,-1,3,1.6825
130451110,2,45,4,11,-1,-1,3,1.4897
130451140,2,45,4,11,-1,-1,3,1.6167
130451146,2,45,4,11,-1,-1,3,1.3219
130451104,2,45,4,11,-1,-1,3,3.3015
130451101,2,45,4,11,-1,-1,3,2.5646
130451148,2,45,4,11,-1,-1,3,2.3627
130451145,2,45,4,11,-1,-1,3,1.8548
132451130,2,45,4,11,-1,-1,4,2.3001
132451105,2,45,4,11,-1,-1,4,2.7251
132451127,2,45,4,11,-1,-1,4,1.6251
132451131,2,45,4,11,-1,-1,4,1.2126
132451133,2,45,4,11,-1,-1,4,1.4564
132451138,2,45,4,11,-1,-1,4,1.4501
132451135,2,45,4,11,-1,-1,4,1.5501
132451141,2,45,4,11,-1,-1,4,1.5939
132451108,2,45,4,11,-1,-1,4,2.8501
132451111,2,45,4,11,-1,-1,4,1.6626
132451112,2,45,4,11,-1,-1,4,1.6626
132451132,2,45,4,11,-1,-1,4,1.6001
132451134,2,45,4,11,-1,-1,4,1.7689
132451128,2,45,4,11,-1,-1,4,1.4251
132451149,2,45,4,11,-1,-1,4,1.6189
132451103,2,45,4,11,-1,-1,4,3.0939
132451147,2,45,4,11,-1,-1,4,0.9564
132451119,2,45,4,11,-1,-1,4,1.3189
132451116,2,45,4,11,-1,-1,4,1.7001
132451129,2,45,4,11,-1,-1,4,1.0001
132451123,2,45,4,11,-1,-1,4,1.2376
132451117,2,45,4,11,-1,-1,4,1.8564
132451142,2,45,4,11,-1,-1,4,1.5126
132451121,2,45,4,11,-1,-1,4,1.6376
132451143,2,45,4,11,-1,-1,4,1.9814
132451109,2,45,4,11,-1,-1,4,1.5376
132451114,2,45,4,11,-1,-1,4,1.4251
132451126,2,45,4,11,-1,-1,4,1.8689
132451106,2,45,4,11,-1,-1,4,2.7939
132451118,2,45,4,11,-1,-1,4,2.1314
132451136,2,45,4,11,-1,-1,4,1.3064
132451115,2,45,4,11,-1,-1,4,1.3626
132451139,2,45,4,11,-1,-1,4,1.4939
132451102,2,45,4,11,-1,-1,4,2.9001
132451113,2,45,4,11,-1,-1,4,1.4439
132451144,2,45,4,11,-1,-1,4,2.3189
132451125,2,45,4,11,-1,-1,4,1.2814
132451107,2,45,4,11,-1,-1,4,2.6876
132451124,2,45,4,11,-1,-1,4,1.4439
132451137,2,45,4,11,-1,-1,4,1.6501
132451122,2,45,4,11,-1,-1,4,1.5314
132451120,2,45,4,11,-1,-1,4,1.6814
132451110,2,45,4,11,-1,-1,4,1.4876
132451140,2,45,4,11,-1,-1,4,1.6376
132451146,2,45,4,11,-1,-1,4,1.3439
132451104,2,45,4,11,-1,-1,4,3.3189
132451101,2,45,4,11,-1,-1,4,2.6064
132451148,2,45,4,11,-1,-1,4,2.3626
132451145,2,45,4,11,-1,-1,4,1.8314
131452130,2,45,4,21,-1,-1,2,1.5986
131452105,2,45,4,21,-1,-1,2,2.331
131452127,2,45,4,21,-1,-1,2,1.39
131452131,2,45,4,21,-1,-1,2,1.9909
131452133,2,45,4,21,-1,-1,2,1.5283
131452138,2,45,4,21,-1,-1,2,1.6258
131452135,2,45,4,21,-1,-1,2,1.6303
131452141,2,45,4,21,-1,-1,2,1.7641
131452108,2,45,4,21,-1,-1,2,2.3401
131452111,2,45,4,21,-1,-1,2,1.5804
131452112,2,45,4,21,-1,-1,2,1.6235
131452132,2,45,4,21,-1,-1,2,1.4716
131452134,2,45,4,21,-1,-1,2,1.8843
131452128,2,45,4,21,-1,-1,2,1.3786
131452150,2,45,4,21,-1,-1,2,1.628
131452103,2,45,4,21,-1,-1,2,2.2539
131452149,2,45,4,21,-1,-1,2,1.5192
131452119,2,45,4,21,-1,-1,2,1.4625
131452116,2,45,4,21,-1,-1,2,1.7845
131452129,2,45,4,21,-1,-1,2,1.4988
131452123,2,45,4,21,-1,-1,2,1.1904
131452117,2,45,4,21,-1,-1,2,2.2403
131452142,2,45,4,21,-1,-1,2,1.5963
131452121,2,45,4,21,-1,-1,2,1.6825
131452143,2,45,4,21,-1,-1,2,1.6099
131452109,2,45,4,21,-1,-1,2,1.1519
131452114,2,45,4,21,-1,-1,2,1.4829
131452126,2,45,4,21,-1,-1,2,1.5646
131452106,2,45,4,21,-1,-1,2,2.5305
131452118,2,45,4,21,-1,-1,2,1.916
131452136,2,45,4,21,-1,-1,2,1.2494
131452115,2,45,4,21,-1,-1,2,1.5124
131452139,2,45,4,21,-1,-1,2,1.6303
131452102,2,45,4,21,-1,-1,2,1.814
131452113,2,45,4,21,-1,-1,2,1.6575
131452144,2,45,4,21,-1,-1,2,2.1791
131452125,2,45,4,21,-1,-1,2,1.9886
131452107,2,45,4,21,-1,-1,2,2.3627
131452124,2,45,4,21,-1,-1,2,1.9818
131452137,2,45,4,21,-1,-1,2,1.4965
131452122,2,45,4,21,-1,-1,2,1.4897
131452120,2,45,4,21,-1,-1,2,1.3877
131452110,2,45,4,21,-1,-1,2,1.3968
131452140,2,45,4,21,-1,-1,2,1.5646
131452146,2,45,4,21,-1,-1,2,1.0203
131452104,2,45,4,21,-1,-1,2,2.6167
131452101,2,45,4,21,-1,-1,2,2.1496
131452145,2,45,4,21,-1,-1,2,2.043
130452130,2,45,4,21,-1,-1,3,1.5963
130452105,2,45,4,21,-1,-1,3,2.3446
130452127,2,45,4,21,-1,-1,3,1.4036
130452131,2,45,4,21,-1,-1,3,1.9818
130452133,2,45,4,21,-1,-1,3,1.56
130452138,2,45,4,21,-1,-1,3,1.6167
130452135,2,45,4,21,-1,-1,3,1.6417
130452141,2,45,4,21,-1,-1,3,1.8049
130452108,2,45,4,21,-1,-1,3,2.3423
130452111,2,45,4,21,-1,-1,3,1.5714
130452112,2,45,4,21,-1,-1,3,1.6144
130452132,2,45,4,21,-1,-1,3,1.4671
130452134,2,45,4,21,-1,-1,3,1.8684
130452128,2,45,4,21,-1,-1,3,1.3627
130452149,2,45,4,21,-1,-1,3,1.6258
130452103,2,45,4,21,-1,-1,3,2.2652
130452147,2,45,4,21,-1,-1,3,1.6439
130452119,2,45,4,21,-1,-1,3,1.4285
130452116,2,45,4,21,-1,-1,3,1.7686
130452129,2,45,4,21,-1,-1,3,1.5101
130452123,2,45,4,21,-1,-1,3,1.1904
130452117,2,45,4,21,-1,-1,3,2.2562
130452142,2,45,4,21,-1,-1,3,1.5668
130452121,2,45,4,21,-1,-1,3,1.6802
130452143,2,45,4,21,-1,-1,3,1.6076
130452109,2,45,4,21,-1,-1,3,1.1564
130452114,2,45,4,21,-1,-1,3,1.4897
130452126,2,45,4,21,-1,-1,3,1.5555
130452106,2,45,4,21,-1,-1,3,2.5351
130452118,2,45,4,21,-1,-1,3,1.9138
130452136,2,45,4,21,-1,-1,3,1.2108
130452115,2,45,4,21,-1,-1,3,1.5124
130452139,2,45,4,21,-1,-1,3,1.6507
130452102,2,45,4,21,-1,-1,3,1.8095
130452113,2,45,4,21,-1,-1,3,1.6666
130452144,2,45,4,21,-1,-1,3,2.1745
130452125,2,45,4,21,-1,-1,3,1.9863
130452107,2,45,4,21,-1,-1,3,2.3605
130452124,2,45,4,21,-1,-1,3,1.975
130452137,2,45,4,21,-1,-1,3,1.5396
130452122,2,45,4,21,-1,-1,3,1.4943
130452120,2,45,4,21,-1,-1,3,1.4285
130452110,2,45,4,21,-1,-1,3,1.4058
130452140,2,45,4,21,-1,-1,3,1.5373
130452146,2,45,4,21,-1,-1,3,1.0181
130452104,2,45,4,21,-1,-1,3,2.5918
130452101,2,45,4,21,-1,-1,3,2.1723
130452148,2,45,4,21,-1,-1,3,1.526
132452130,2,45,4,21,-1,-1,4,1.5939
132452105,2,45,4,21,-1,-1,4,2.3189
132452127,2,45,4,21,-1,-1,4,1.3876
132452131,2,45,4,21,-1,-1,4,1.9814
132452133,2,45,4,21,-1,-1,4,1.5564
132452138,2,45,4,21,-1,-1,4,1.6189
132452135,2,45,4,21,-1,-1,4,1.6939
132452141,2,45,4,21,-1,-1,4,1.6814
132452108,2,45,4,21,-1,-1,4,2.3439
132452111,2,45,4,21,-1,-1,4,1.6439
132452112,2,45,4,21,-1,-1,4,1.5626
132452132,2,45,4,21,-1,-1,4,1.4689
132452134,2,45,4,21,-1,-1,4,1.8876
132452128,2,45,4,21,-1,-1,4,1.3626
132452149,2,45,4,21,-1,-1,4,1.5564
132452103,2,45,4,21,-1,-1,4,2.2751
132452147,2,45,4,21,-1,-1,4,1.6064
132452119,2,45,4,21,-1,-1,4,1.4001
132452116,2,45,4,21,-1,-1,4,1.7626
132452129,2,45,4,21,-1,-1,4,1.5376
132452123,2,45,4,21,-1,-1,4,1.1689
132452117,2,45,4,21,-1,-1,4,2.2626
132452142,2,45,4,21,-1,-1,4,1.5939
132452121,2,45,4,21,-1,-1,4,1.6814
132452143,2,45,4,21,-1,-1,4,1.6314
132452109,2,45,4,21,-1,-1,4,1.1251
132452114,2,45,4,21,-1,-1,4,1.4751
132452126,2,45,4,21,-1,-1,4,1.4751
132452106,2,45,4,21,-1,-1,4,2.5439
132452118,2,45,4,21,-1,-1,4,1.9626
132452136,2,45,4,21,-1,-1,4,1.1626
132452115,2,45,4,21,-1,-1,4,1.5126
132452139,2,45,4,21,-1,-1,4,1.6439
132452102,2,45,4,21,-1,-1,4,1.8251
132452113,2,45,4,21,-1,-1,4,1.6626
132452144,2,45,4,21,-1,-1,4,2.1751
132452125,2,45,4,21,-1,-1,4,2.0314
132452107,2,45,4,21,-1,-1,4,2.3689
132452124,2,45,4,21,-1,-1,4,2.0001
132452137,2,45,4,21,-1,-1,4,1.5376
132452122,2,45,4,21,-1,-1,4,1.5001
132452120,2,45,4,21,-1,-1,4,1.4189
132452110,2,45,4,21,-1,-1,4,1.4251
132452140,2,45,4,21,-1,-1,4,1.6064
132452146,2,45,4,21,-1,-1,4,1.0251
132452104,2,45,4,21,-1,-1,4,2.5939
132452101,2,45,4,21,-1,-1,4,2.1626
132452148,2,45,4,21,-1,-1,4,1.5814
131471129,2,47,4,11,-1,-1,2,1.7686
131471112,2,47,4,11,-1,-1,2,1.6144
131471111,2,47,4,11,-1,-1,2,1.7233
131471142,2,47,4,11,-1,-1,2,1.6802
131471103,2,47,4,11,-1,-1,2,2.7686
131471128,2,47,4,11,-1,-1,2,1.6394
131471139,2,47,4,11,-1,-1,2,1.6349
131471132,2,47,4,11,-1,-1,2,1.8525
131471123,2,47,4,11,-1,-1,2,1.238
131471105,2,47,4,11,-1,-1,2,2.7732
131471134,2,47,4,11,-1,-1,2,1.8321
131471136,2,47,4,11,-1,-1,2,1.3401
131471127,2,47,4,11,-1,-1,2,1.7664
131471135,2,47,4,11,-1,-1,2,1.6621
131471119,2,47,4,11,-1,-1,2,1.4013
131471108,2,47,4,11,-1,-1,2,2.975
131471115,2,47,4,11,-1,-1,2,1.5101
131471147,2,47,4,11,-1,-1,2,1.5759
131471150,2,47,4,11,-1,-1,2,0.6802
131471130,2,47,4,11,-1,-1,2,2.3627
131471116,2,47,4,11,-1,-1,2,2.1133
131471131,2,47,4,11,-1,-1,2,2.5124
131471133,2,47,4,11,-1,-1,2,1.6371
131471117,2,47,4,11,-1,-1,2,2.4194
131471143,2,47,4,11,-1,-1,2,1.9886
131471121,2,47,4,11,-1,-1,2,1.5918
131471144,2,47,4,11,-1,-1,2,2.6439
131471109,2,47,4,11,-1,-1,2,1.8684
131471114,2,47,4,11,-1,-1,2,1.9115
131471126,2,47,4,11,-1,-1,2,1.8412
131471106,2,47,4,11,-1,-1,2,3.1768
131471118,2,47,4,11,-1,-1,2,2.1881
131471141,2,47,4,11,-1,-1,2,1.0589
131471151,2,47,4,11,-1,-1,2,0.5101
131471102,2,47,4,11,-1,-1,2,2.2788
131471113,2,47,4,11,-1,-1,2,1.5963
131471138,2,47,4,11,-1,-1,2,1.8798
131471125,2,47,4,11,-1,-1,2,1.4194
131471107,2,47,4,11,-1,-1,2,2.0793
131471124,2,47,4,11,-1,-1,2,1.3378
131471137,2,47,4,11,-1,-1,2,1.9364
131471122,2,47,4,11,-1,-1,2,1.5033
131471120,2,47,4,11,-1,-1,2,1.7051
131471110,2,47,4,11,-1,-1,2,1.8117
131471140,2,47,4,11,-1,-1,2,2.492
131471148,2,47,4,11,-1,-1,2,1.4194
131471104,2,47,4,11,-1,-1,2,3.5986
131471101,2,47,4,11,-1,-1,2,1.5895
131471149,2,47,4,11,-1,-1,2,1.7029
130471131,2,47,4,11,-1,-1,3,2.3832
130471106,2,47,4,11,-1,-1,3,1.2584
130471128,2,47,4,11,-1,-1,3,1.78
130471132,2,47,4,11,-1,-1,3,2.4852
130471134,2,47,4,11,-1,-1,3,1.6666
130471139,2,47,4,11,-1,-1,3,1.8639
130471136,2,47,4,11,-1,-1,3,1.6553
130471142,2,47,4,11,-1,-1,3,1.9863
130471109,2,47,4,11,-1,-1,3,2.9818
130471112,2,47,4,11,-1,-1,3,1.7256
130471113,2,47,4,11,-1,-1,3,1.653
130471133,2,47,4,11,-1,-1,3,1.8639
130471135,2,47,4,11,-1,-1,3,1.8117
130471129,2,47,4,11,-1,-1,3,1.6235
130471150,2,47,4,11,-1,-1,3,1.916
130471103,2,47,4,11,-1,-1,3,2.7709
130471148,2,47,4,11,-1,-1,3,1.4058
130471120,2,47,4,11,-1,-1,3,1.399
130471117,2,47,4,11,-1,-1,3,2.0952
130471130,2,47,4,11,-1,-1,3,1.7754
130471124,2,47,4,11,-1,-1,3,1.2426
130471118,2,47,4,11,-1,-1,3,2.4398
130471143,2,47,4,11,-1,-1,3,1.6825
130471122,2,47,4,11,-1,-1,3,1.5782
130471144,2,47,4,11,-1,-1,3,1.9841
130471110,2,47,4,11,-1,-1,3,1.8752
130471115,2,47,4,11,-1,-1,3,1.9183
130471127,2,47,4,11,-1,-1,3,1.8435
130471107,2,47,4,11,-1,-1,3,3.2471
130471119,2,47,4,11,-1,-1,3,2.1791
130471137,2,47,4,11,-1,-1,3,1.3355
130471116,2,47,4,11,-1,-1,3,1.5124
130471140,2,47,4,11,-1,-1,3,1.6394
130471102,2,47,4,11,-1,-1,3,2.2856
130471114,2,47,4,11,-1,-1,3,1.5623
130471145,2,47,4,11,-1,-1,3,2.6349
130471126,2,47,4,11,-1,-1,3,1.4466
130471108,2,47,4,11,-1,-1,3,3.1383
130471125,2,47,4,11,-1,-1,3,1.3038
130471138,2,47,4,11,-1,-1,3,1.9387
130471123,2,47,4,11,-1,-1,3,1.5578
130471121,2,47,4,11,-1,-1,3,1.6802
130471111,2,47,4,11,-1,-1,3,1.8095
130471141,2,47,4,11,-1,-1,3,2.5328
130471147,2,47,4,11,-1,-1,3,2.4013
130471104,2,47,4,11,-1,-1,3,3.585
130471101,2,47,4,11,-1,-1,3,2.6122
130471149,2,47,4,11,-1,-1,3,1.7029
130471146,2,47,4,11,-1,-1,3,2.5419
132471130,2,47,4,11,-1,-1,4,2.3626
132471105,2,47,4,11,-1,-1,4,2.7939
132471127,2,47,4,11,-1,-1,4,1.7689
132471131,2,47,4,11,-1,-1,4,2.5126
132471133,2,47,4,11,-1,-1,4,1.6376
132471138,2,47,4,11,-1,-1,4,1.8751
132471135,2,47,4,11,-1,-1,4,1.6626
132471141,2,47,4,11,-1,-1,4,2.0251
132471108,2,47,4,11,-1,-1,4,2.9626
132471111,2,47,4,11,-1,-1,4,1.7189
132471112,2,47,4,11,-1,-1,4,1.6126
132471132,2,47,4,11,-1,-1,4,1.8564
132471134,2,47,4,11,-1,-1,4,1.8314
132471128,2,47,4,11,-1,-1,4,1.6376
132471149,2,47,4,11,-1,-1,4,1.9376
132471103,2,47,4,11,-1,-1,4,2.7751
132471147,2,47,4,11,-1,-1,4,1.4064
132471119,2,47,4,11,-1,-1,4,1.4001
132471116,2,47,4,11,-1,-1,4,2.0876
132471129,2,47,4,11,-1,-1,4,1.7689
132471123,2,47,4,11,-1,-1,4,1.2314
132471117,2,47,4,11,-1,-1,4,2.4689
132471142,2,47,4,11,-1,-1,4,1.6814
132471121,2,47,4,11,-1,-1,4,1.6189
132471143,2,47,4,11,-1,-1,4,1.9814
132471109,2,47,4,11,-1,-1,4,1.8939
132471114,2,47,4,11,-1,-1,4,1.9501
132471126,2,47,4,11,-1,-1,4,1.8751
132471106,2,47,4,11,-1,-1,4,3.1751
132471118,2,47,4,11,-1,-1,4,2.1564
132471136,2,47,4,11,-1,-1,4,1.3376
132471115,2,47,4,11,-1,-1,4,1.4814
132471139,2,47,4,11,-1,-1,4,1.6376
132471102,2,47,4,11,-1,-1,4,2.2189
132471113,2,47,4,11,-1,-1,4,1.6189
132471144,2,47,4,11,-1,-1,4,2.6626
132471125,2,47,4,11,-1,-1,4,1.4064
132471107,2,47,4,11,-1,-1,4,3.1939
132471124,2,47,4,11,-1,-1,4,1.3189
132471137,2,47,4,11,-1,-1,4,1.9376
132471122,2,47,4,11,-1,-1,4,1.5314
132471120,2,47,4,11,-1,-1,4,1.6626
132471110,2,47,4,11,-1,-1,4,1.8126
132471140,2,47,4,11,-1,-1,4,2.4939
132471146,2,47,4,11,-1,-1,4,2.4064
132471104,2,47,4,11,-1,-1,4,3.5751
132471101,2,47,4,11,-1,-1,4,2.6251
132471148,2,47,4,11,-1,-1,4,1.7064
132471145,2,47,4,11,-1,-1,4,2.5126
131472130,2,47,4,21,-1,-1,2,1.4013
131472113,2,47,4,21,-1,-1,2,1.6417
131472112,2,47,4,21,-1,-1,2,1.4194
131472143,2,47,4,21,-1,-1,2,2.1315
131472104,2,47,4,21,-1,-1,2,1.9727
131472129,2,47,4,21,-1,-1,2,1.5759
131472140,2,47,4,21,-1,-1,2,1.9387
131472133,2,47,4,21,-1,-1,2,1.5578
131472124,2,47,4,21,-1,-1,2,1.0498
131472106,2,47,4,21,-1,-1,2,3.4716
131472135,2,47,4,21,-1,-1,2,1.6462
131472137,2,47,4,21,-1,-1,2,1.7414
131472128,2,47,4,21,-1,-1,2,1.4648
131472136,2,47,4,21,-1,-1,2,1.789
131472120,2,47,4,21,-1,-1,2,1.7392
131472109,2,47,4,21,-1,-1,2,2.8571
131472116,2,47,4,21,-1,-1,2,1.0997
131472147,2,47,4,21,-1,-1,2,2.5918
131472150,2,47,4,21,-1,-1,2,1.4421
131472131,2,47,4,21,-1,-1,2,1.6983
131472117,2,47,4,21,-1,-1,2,1.1156
131472132,2,47,4,21,-1,-1,2,1.7913
131472134,2,47,4,21,-1,-1,2,1.6983
131472118,2,47,4,21,-1,-1,2,1.6167
131472144,2,47,4,21,-1,-1,2,1.7641
131472122,2,47,4,21,-1,-1,2,1.424
131472145,2,47,4,21,-1,-1,2,2.0271
131472110,2,47,4,21,-1,-1,2,3.0498
131472115,2,47,4,21,-1,-1,2,1.2834
131472127,2,47,4,21,-1,-1,2,1.1972
131472107,2,47,4,21,-1,-1,2,2.8593
131472119,2,47,4,21,-1,-1,2,2.0816
131472142,2,47,4,21,-1,-1,2,1.7936
131472151,2,47,4,21,-1,-1,2,1.3559
131472103,2,47,4,21,-1,-1,2,2.6961
131472114,2,47,4,21,-1,-1,2,1.4058
131472139,2,47,4,21,-1,-1,2,1.8117
131472126,2,47,4,21,-1,-1,2,1.0453
131472108,2,47,4,21,-1,-1,2,2.7029
131472125,2,47,4,21,-1,-1,2,1.0521
131472138,2,47,4,21,-1,-1,2,1.3423
131472123,2,47,4,21,-1,-1,2,1.3832
131472121,2,47,4,21,-1,-1,2,1.0226
131472111,2,47,4,21,-1,-1,2,1.5986
131472141,2,47,4,21,-1,-1,2,1.8027
131472148,2,47,4,21,-1,-1,2,1.4036
131472105,2,47,4,21,-1,-1,2,2.5895
130472130,2,47,4,21,-1,-1,3,1.7868
130472105,2,47,4,21,-1,-1,3,2.8888
130472127,2,47,4,21,-1,-1,3,1.5668
130472131,2,47,4,21,-1,-1,3,1.5578
130472133,2,47,4,21,-1,-1,3,1.6371
130472140,2,47,4,21,-1,-1,3,1.7596
130472135,2,47,4,21,-1,-1,3,1.8004
130472143,2,47,4,21,-1,-1,3,1.8525
130472108,2,47,4,21,-1,-1,3,3.0566
130472111,2,47,4,21,-1,-1,3,1.6462
130472112,2,47,4,21,-1,-1,3,1.4013
130472132,2,47,4,21,-1,-1,3,1.7029
130472134,2,47,4,21,-1,-1,3,1.7573
130472128,2,47,4,21,-1,-1,3,1.4013
130472150,2,47,4,21,-1,-1,3,1.3673
130472103,2,47,4,21,-1,-1,3,2.6076
130472149,2,47,4,21,-1,-1,3,1.399
130472119,2,47,4,21,-1,-1,3,1.0203
130472116,2,47,4,21,-1,-1,3,1.5147
130472129,2,47,4,21,-1,-1,3,1.7074
130472123,2,47,4,21,-1,-1,3,1.068
130472117,2,47,4,21,-1,-1,3,2.0861
130472144,2,47,4,21,-1,-1,3,2.0113
130472121,2,47,4,21,-1,-1,3,1.3854
130472145,2,47,4,21,-1,-1,3,1.6711
130472109,2,47,4,21,-1,-1,3,1.5872
130472114,2,47,4,21,-1,-1,3,1.1224
130472126,2,47,4,21,-1,-1,3,1.4988
130472106,2,47,4,21,-1,-1,3,2.6734
130472118,2,47,4,21,-1,-1,3,1.7414
130472136,2,47,4,21,-1,-1,3,1.3151
130472115,2,47,4,21,-1,-1,3,1.2154
130472141,2,47,4,21,-1,-1,3,1.8253
130472102,2,47,4,21,-1,-1,3,1.9455
130472113,2,47,4,21,-1,-1,3,1.2584
130472146,2,47,4,21,-1,-1,3,2.628
130472125,2,47,4,21,-1,-1,3,1.1768
130472107,2,47,4,21,-1,-1,3,2.8525
130472124,2,47,4,21,-1,-1,3,1.0317
130472139,2,47,4,21,-1,-1,3,1.9342
130472122,2,47,4,21,-1,-1,3,1.043
130472120,2,47,4,21,-1,-1,3,1.4262
130472110,2,47,4,21,-1,-1,3,1.4262
130472142,2,47,4,21,-1,-1,3,2.0861
130472148,2,47,4,21,-1,-1,3,1.2584
130472104,2,47,4,21,-1,-1,3,3.4648
130472101,2,47,4,21,-1,-1,3,2.7256
132472129,2,47,4,21,-1,-1,4,1.7876
132472134,2,47,4,21,-1,-1,4,1.4314
132472131,2,47,4,21,-1,-1,4,1.6439
132472105,2,47,4,21,-1,-1,4,2.8439
132472119,2,47,4,21,-1,-1,4,0.9251
132472112,2,47,4,21,-1,-1,4,1.3689
132472143,2,47,4,21,-1,-1,4,2.5939
132472132,2,47,4,21,-1,-1,4,1.7564
132472123,2,47,4,21,-1,-1,4,1.0814
132472111,2,47,4,21,-1,-1,4,1.6626
132472128,2,47,4,21,-1,-1,4,1.7189
132472133,2,47,4,21,-1,-1,4,1.7751
132472130,2,47,4,21,-1,-1,4,1.5626
132472144,2,47,4,21,-1,-1,4,1.4126
132472103,2,47,4,21,-1,-1,4,2.6376
132472146,2,47,4,21,-1,-1,4,1.4314
132472127,2,47,4,21,-1,-1,4,1.4251
132472116,2,47,4,21,-1,-1,4,1.5314
132472126,2,47,4,21,-1,-1,4,1.5564
132472117,2,47,4,21,-1,-1,4,2.0876
132472141,2,47,4,21,-1,-1,4,2.0001
132472121,2,47,4,21,-1,-1,4,1.3751
132472142,2,47,4,21,-1,-1,4,1.7251
132472109,2,47,4,21,-1,-1,4,1.5564
132472114,2,47,4,21,-1,-1,4,1.1751
132472106,2,47,4,21,-1,-1,4,2.6876
132472118,2,47,4,21,-1,-1,4,1.8126
132472135,2,47,4,21,-1,-1,4,1.7689
132472115,2,47,4,21,-1,-1,4,1.1564
132472138,2,47,4,21,-1,-1,4,1.8064
132472108,2,47,4,21,-1,-1,4,3.0689
132472139,2,47,4,21,-1,-1,4,2.1064
132472102,2,47,4,21,-1,-1,4,1.9626
132472113,2,47,4,21,-1,-1,4,1.2689
132472136,2,47,4,21,-1,-1,4,1.9751
132472125,2,47,4,21,-1,-1,4,1.5001
132472107,2,47,4,21,-1,-1,4,2.7064
132472124,2,47,4,21,-1,-1,4,1.0876
132472137,2,47,4,21,-1,-1,4,1.7064
132472122,2,47,4,21,-1,-1,4,1.0314
132472120,2,47,4,21,-1,-1,4,1.4439
132472110,2,47,4,21,-1,-1,4,1.4376
132472140,2,47,4,21,-1,-1,4,1.8126
132472147,2,47,4,21,-1,-1,4,1.3439
132472104,2,47,4,21,-1,-1,4,3.4689
132472101,2,47,4,21,-1,-1,4,2.6814
132472145,2,47,4,21,-1,-1,4,1.2064
131491330,2,49,4,13,-1,-1,2,1.9274
131491305,2,49,4,13,-1,-1,2,2.5555
131491327,2,49,4,13,-1,-1,2,1.6371
131491331,2,49,4,13,-1,-1,2,2.4875
131491333,2,49,4,13,-1,-1,2,1.7142
131491338,2,49,4,13,-1,-1,2,1.814
131491335,2,49,4,13,-1,-1,2,1.5215
131491341,2,49,4,13,-1,-1,2,1.9614
131491308,2,49,4,13,-1,-1,2,2.8593
131491311,2,49,4,13,-1,-1,2,1.9432
131491312,2,49,4,13,-1,-1,2,1.5759
131491332,2,49,4,13,-1,-1,2,1.4897
131491334,2,49,4,13,-1,-1,2,1.8684
131491328,2,49,4,13,-1,-1,2,1.5305
131491348,2,49,4,13,-1,-1,2,2.4512
131491303,2,49,4,13,-1,-1,2,2.4058
131491347,2,49,4,13,-1,-1,2,1.9886
131491319,2,49,4,13,-1,-1,2,1.102
131491316,2,49,4,13,-1,-1,2,1.7392
131491329,2,49,4,13,-1,-1,2,1.4988
131491323,2,49,4,13,-1,-1,2,0.585
131491317,2,49,4,13,-1,-1,2,2.0226
131491342,2,49,4,13,-1,-1,2,1.789
131491321,2,49,4,13,-1,-1,2,1.6983
131491343,2,49,4,13,-1,-1,2,2.1859
131491309,2,49,4,13,-1,-1,2,1.3514
131491314,2,49,4,13,-1,-1,2,1.263
131491326,2,49,4,13,-1,-1,2,2.3514
131491306,2,49,4,13,-1,-1,2,2.619
131491318,2,49,4,13,-1,-1,2,1.9002
131491336,2,49,4,13,-1,-1,2,1.5011
131491315,2,49,4,13,-1,-1,2,1.1927
131491339,2,49,4,13,-1,-1,2,1.7618
131491302,2,49,4,13,-1,-1,2,2.136
131491313,2,49,4,13,-1,-1,2,1.2471
131491344,2,49,4,13,-1,-1,2,3.3106
131491325,2,49,4,13,-1,-1,2,1.0158
131491307,2,49,4,13,-1,-1,2,2.8027
131491324,2,49,4,13,-1,-1,2,1.0612
131491337,2,49,4,13,-1,-1,2,1.9591
131491322,2,49,4,13,-1,-1,2,1.3401
131491320,2,49,4,13,-1,-1,2,1.5283
131491310,2,49,4,13,-1,-1,2,1.1564
131491340,2,49,4,13,-1,-1,2,2.238
131491346,2,49,4,13,-1,-1,2,1.5419
131491304,2,49,4,13,-1,-1,2,2.6847
131491301,2,49,4,13,-1,-1,2,2.0952
131491345,2,49,4,13,-1,-1,2,2.9342
130491330,2,49,4,13,-1,-1,3,1.9115
130491305,2,49,4,13,-1,-1,3,2.5736
130491327,2,49,4,13,-1,-1,3,1.6326
130491331,2,49,4,13,-1,-1,3,2.4716
130491333,2,49,4,13,-1,-1,3,1.7097
130491338,2,49,4,13,-1,-1,3,1.8004
130491335,2,49,4,13,-1,-1,3,1.9387
130491341,2,49,4,13,-1,-1,3,1.9523
130491308,2,49,4,13,-1,-1,3,2.8548
130491311,2,49,4,13,-1,-1,3,1.9478
130491312,2,49,4,13,-1,-1,3,1.5895
130491332,2,49,4,13,-1,-1,3,1.5147
130491334,2,49,4,13,-1,-1,3,1.8707
130491328,2,49,4,13,-1,-1,3,1.5373
130491349,2,49,4,13,-1,-1,3,2.4512
130491303,2,49,4,13,-1,-1,3,2.3741
130491347,2,49,4,13,-1,-1,3,1.5759
130491319,2,49,4,13,-1,-1,3,1.1088
130491316,2,49,4,13,-1,-1,3,1.755
130491329,2,49,4,13,-1,-1,3,1.5124
130491323,2,49,4,13,-1,-1,3,1.1949
130491317,2,49,4,13,-1,-1,3,2.0521
130491342,2,49,4,13,-1,-1,3,1.789
130491321,2,49,4,13,-1,-1,3,1.7006
130491343,2,49,4,13,-1,-1,3,2.1927
130491309,2,49,4,13,-1,-1,3,1.3695
130491314,2,49,4,13,-1,-1,3,1.2584
130491326,2,49,4,13,-1,-1,3,2.3401
130491306,2,49,4,13,-1,-1,3,2.6099
130491318,2,49,4,13,-1,-1,3,1.8639
130491336,2,49,4,13,-1,-1,3,1.7256
130491315,2,49,4,13,-1,-1,3,1.1836
130491339,2,49,4,13,-1,-1,3,1.7686
130491302,2,49,4,13,-1,-1,3,2.1451
130491313,2,49,4,13,-1,-1,3,1.2358
130491344,2,49,4,13,-1,-1,3,3.3038
130491325,2,49,4,13,-1,-1,3,0.9841
130491307,2,49,4,13,-1,-1,3,2.7845
130491324,2,49,4,13,-1,-1,3,1.0725
130491337,2,49,4,13,-1,-1,3,1.9705
130491322,2,49,4,13,-1,-1,3,1.3469
130491320,2,49,4,13,-1,-1,3,1.5328
130491310,2,49,4,13,-1,-1,3,1.8072
130491340,2,49,4,13,-1,-1,3,2.2358
130491346,2,49,4,13,-1,-1,3,1.5328
130491304,2,49,4,13,-1,-1,3,2.7029
130491301,2,49,4,13,-1,-1,3,2.0974
130491348,2,49,4,13,-1,-1,3,1.9999
132491330,2,49,4,13,-1,-1,4,1.9376
132491305,2,49,4,13,-1,-1,4,2.5564
132491327,2,49,4,13,-1,-1,4,1.7001
132491331,2,49,4,13,-1,-1,4,2.4251
132491333,2,49,4,13,-1,-1,4,1.7064
132491338,2,49,4,13,-1,-1,4,1.8064
132491335,2,49,4,13,-1,-1,4,1.9376
132491341,2,49,4,13,-1,-1,4,1.9376
132491308,2,49,4,13,-1,-1,4,2.8439
132491311,2,49,4,13,-1,-1,4,1.9501
132491312,2,49,4,13,-1,-1,4,1.5564
132491332,2,49,4,13,-1,-1,4,1.5064
132491334,2,49,4,13,-1,-1,4,1.8751
132491328,2,49,4,13,-1,-1,4,1.4751
132491349,2,49,4,13,-1,-1,4,2.4626
132491303,2,49,4,13,-1,-1,4,2.3814
132491347,2,49,4,13,-1,-1,4,1.5689
132491319,2,49,4,13,-1,-1,4,1.1064
132491316,2,49,4,13,-1,-1,4,1.7689
132491329,2,49,4,13,-1,-1,4,1.5126
132491323,2,49,4,13,-1,-1,4,1.1939
132491317,2,49,4,13,-1,-1,4,2.0001
132491342,2,49,4,13,-1,-1,4,1.7876
132491321,2,49,4,13,-1,-1,4,1.6876
132491343,2,49,4,13,-1,-1,4,2.1939
132491309,2,49,4,13,-1,-1,4,1.4439
132491314,2,49,4,13,-1,-1,4,1.2564
132491326,2,49,4,13,-1,-1,4,2.3376
132491306,2,49,4,13,-1,-1,4,2.6314
132491318,2,49,4,13,-1,-1,4,1.9001
132491336,2,49,4,13,-1,-1,4,1.7251
132491315,2,49,4,13,-1,-1,4,1.1939
132491339,2,49,4,13,-1,-1,4,1.7689
132491302,2,49,4,13,-1,-1,4,2.1251
132491313,2,49,4,13,-1,-1,4,1.2564
132491344,2,49,4,13,-1,-1,4,3.3126
132491325,2,49,4,13,-1,-1,4,1.0501
132491307,2,49,4,13,-1,-1,4,2.7939
132491324,2,49,4,13,-1,-1,4,1.0564
132491337,2,49,4,13,-1,-1,4,1.9626
132491322,2,49,4,13,-1,-1,4,1.3376
132491320,2,49,4,13,-1,-1,4,1.5314
132491310,2,49,4,13,-1,-1,4,1.7376
132491340,2,49,4,13,-1,-1,4,2.2439
132491346,2,49,4,13,-1,-1,4,1.5376
132491304,2,49,4,13,-1,-1,4,2.7064
132491301,2,49,4,13,-1,-1,4,2.1126
132491348,2,49,4,13,-1,-1,4,2.0064
131492332,2,49,4,23,-1,-1,2,1.5986
131492337,2,49,4,23,-1,-1,2,1.814
131492334,2,49,4,23,-1,-1,2,1.3809
131492306,2,49,4,23,-1,-1,2,2.6031
131492322,2,49,4,23,-1,-1,2,1.0362
131492315,2,49,4,23,-1,-1,2,1.4421
131492346,2,49,4,23,-1,-1,2,1.7437
131492335,2,49,4,23,-1,-1,2,1.5305
131492326,2,49,4,23,-1,-1,2,1.5918
131492314,2,49,4,23,-1,-1,2,1.8253
131492331,2,49,4,23,-1,-1,2,1.7709
131492336,2,49,4,23,-1,-1,2,1.8707
131492333,2,49,4,23,-1,-1,2,2.0838
131492348,2,49,4,23,-1,-1,2,0.6303
131492304,2,49,4,23,-1,-1,2,2.3197
131492351,2,49,4,23,-1,-1,2,1.6825
131492330,2,49,4,23,-1,-1,2,1.551
131492319,2,49,4,23,-1,-1,2,1.8095
131492329,2,49,4,23,-1,-1,2,1.2154
131492320,2,49,4,23,-1,-1,2,1.9228
131492344,2,49,4,23,-1,-1,2,1.7029
131492324,2,49,4,23,-1,-1,2,1.2766
131492345,2,49,4,23,-1,-1,2,2.0271
131492312,2,49,4,23,-1,-1,2,1.2879
131492317,2,49,4,23,-1,-1,2,1.2902
131492308,2,49,4,23,-1,-1,2,1.6462
131492321,2,49,4,23,-1,-1,2,1.9002
131492338,2,49,4,23,-1,-1,2,2.1042
131492318,2,49,4,23,-1,-1,2,1.3854
131492341,2,49,4,23,-1,-1,2,1.9478
131492311,2,49,4,23,-1,-1,2,2.6915
131492342,2,49,4,23,-1,-1,2,2.0453
131492303,2,49,4,23,-1,-1,2,1.8979
131492316,2,49,4,23,-1,-1,2,1.7959
131492339,2,49,4,23,-1,-1,2,2.1156
131492328,2,49,4,23,-1,-1,2,1.2516
131492309,2,49,4,23,-1,-1,2,1.5782
131492327,2,49,4,23,-1,-1,2,1.2176
131492340,2,49,4,23,-1,-1,2,2.1632
131492325,2,49,4,23,-1,-1,2,0.5578
131492323,2,49,4,23,-1,-1,2,1.4036
131492313,2,49,4,23,-1,-1,2,1.4988
131492343,2,49,4,23,-1,-1,2,1.6507
131492352,2,49,4,23,-1,-1,2,1.7233
131492305,2,49,4,23,-1,-1,2,2.6643
131492302,2,49,4,23,-1,-1,2,2.0566
130492330,2,49,4,23,-1,-1,3,2.0884
130492305,2,49,4,23,-1,-1,3,2.6462
130492327,2,49,4,23,-1,-1,3,1.5918
130492331,2,49,4,23,-1,-1,3,2.0884
130492333,2,49,4,23,-1,-1,3,1.882
130492338,2,49,4,23,-1,-1,3,2.1632
130492335,2,49,4,23,-1,-1,3,2.111
130492341,2,49,4,23,-1,-1,3,1.6598
130492308,2,49,4,23,-1,-1,3,2.6938
130492311,2,49,4,23,-1,-1,3,1.8344
130492312,2,49,4,23,-1,-1,3,1.4557
130492332,2,49,4,23,-1,-1,3,1.5351
130492334,2,49,4,23,-1,-1,3,1.7981
130492328,2,49,4,23,-1,-1,3,1.7732
130492349,2,49,4,23,-1,-1,3,1.7324
130492303,2,49,4,23,-1,-1,3,2.3265
130492347,2,49,4,23,-1,-1,3,0.8911
130492319,2,49,4,23,-1,-1,3,1.043
130492316,2,49,4,23,-1,-1,3,1.8208
130492329,2,49,4,23,-1,-1,3,1.5986
130492323,2,49,4,23,-1,-1,3,1.5691
130492317,2,49,4,23,-1,-1,3,1.9047
130492342,2,49,4,23,-1,-1,3,1.7097
130492321,2,49,4,23,-1,-1,3,1.2788
130492343,2,49,4,23,-1,-1,3,2.0158
130492309,2,49,4,23,-1,-1,3,1.2947
130492314,2,49,4,23,-1,-1,3,1.2993
130492326,2,49,4,23,-1,-1,3,1.8321
130492306,2,49,4,23,-1,-1,3,2.6212
130492318,2,49,4,23,-1,-1,3,1.8956
130492336,2,49,4,23,-1,-1,3,1.3537
130492315,2,49,4,23,-1,-1,3,1.3763
130492339,2,49,4,23,-1,-1,3,1.9659
130492302,2,49,4,23,-1,-1,3,1.8956
130492313,2,49,4,23,-1,-1,3,1.7845
130492344,2,49,4,23,-1,-1,3,1.7437
130492325,2,49,4,23,-1,-1,3,1.2902
130492307,2,49,4,23,-1,-1,3,2.6167
130492324,2,49,4,23,-1,-1,3,1.2199
130492337,2,49,4,23,-1,-1,3,2.1133
130492322,2,49,4,23,-1,-1,3,1.3287
130492320,2,49,4,23,-1,-1,3,1.4036
130492310,2,49,4,23,-1,-1,3,1.4829
130492340,2,49,4,23,-1,-1,3,2.0294
130492346,2,49,4,23,-1,-1,3,1.077
130492304,2,49,4,23,-1,-1,3,2.6099
132492326,2,49,4,23,-1,-1,4,1.7876
132492323,2,49,4,23,-1,-1,4,1.2189
132492329,2,49,4,23,-1,-1,4,2.0939
132492305,2,49,4,23,-1,-1,4,2.6564
132492311,2,49,4,23,-1,-1,4,1.4501
132492332,2,49,4,23,-1,-1,4,1.7939
132492330,2,49,4,23,-1,-1,4,1.5251
132492312,2,49,4,23,-1,-1,4,1.7876
132492321,2,49,4,23,-1,-1,4,1.3001
132492333,2,49,4,23,-1,-1,4,2.1126
132492331,2,49,4,23,-1,-1,4,1.8814
132492339,2,49,4,23,-1,-1,4,1.7001
132492343,2,49,4,23,-1,-1,4,1.0876
132492303,2,49,4,23,-1,-1,4,2.3314
132492346,2,49,4,23,-1,-1,4,1.7251
132492319,2,49,4,23,-1,-1,4,1.4001
132492316,2,49,4,23,-1,-1,4,1.9126
132492328,2,49,4,23,-1,-1,4,2.0751
132492317,2,49,4,23,-1,-1,4,1.9064
132492342,2,49,4,23,-1,-1,4,2.2939
132492341,2,49,4,23,-1,-1,4,1.7376
132492309,2,49,4,23,-1,-1,4,1.4939
132492314,2,49,4,23,-1,-1,4,1.4064
132492306,2,49,4,23,-1,-1,4,2.6001
132492318,2,49,4,23,-1,-1,4,1.0314
132492334,2,49,4,23,-1,-1,4,2.1064
132492315,2,49,4,23,-1,-1,4,1.7939
132492338,2,49,4,23,-1,-1,4,1.7064
132492308,2,49,4,23,-1,-1,4,2.6626
132492336,2,49,4,23,-1,-1,4,1.9564
132492302,2,49,4,23,-1,-1,4,1.8751
132492327,2,49,4,23,-1,-1,4,1.5939
132492313,2,49,4,23,-1,-1,4,1.2939
132492335,2,49,4,23,-1,-1,4,2.1564
132492325,2,49,4,23,-1,-1,4,1.8939
132492307,2,49,4,23,-1,-1,4,2.6251
132492324,2,49,4,23,-1,-1,4,1.2314
132492337,2,49,4,23,-1,-1,4,2.0001
132492322,2,49,4,23,-1,-1,4,1.6126
132492320,2,49,4,23,-1,-1,4,1.2814
132492310,2,49,4,23,-1,-1,4,1.8314
132492340,2,49,4,23,-1,-1,4,2.0376
132492344,2,49,4,23,-1,-1,4,0.8939
132492304,2,49,4,23,-1,-1,4,2.6126
132492301,2,49,4,23,-1,-1,4,2.0876
132492345,2,49,4,23,-1,-1,4,1.6814
131501630,2,50,4,16,-1,-1,2,2.9478
131501605,2,50,4,16,-1,-1,2,2.5691
131501627,2,50,4,16,-1,-1,2,2.3514
131501631,2,50,4,16,-1,-1,2,2.6757
131501633,2,50,4,16,-1,-1,2,2.1065
131501638,2,50,4,16,-1,-1,2,1.9863
131501635,2,50,4,16,-1,-1,2,2.6643
131501641,2,50,4,16,-1,-1,2,2.043
131501608,2,50,4,16,-1,-1,2,3.1315
131501611,2,50,4,16,-1,-1,2,1.9364
131501612,2,50,4,16,-1,-1,2,1.7414
131501632,2,50,4,16,-1,-1,2,1.8752
131501634,2,50,4,16,-1,-1,2,2.5555
131501628,2,50,4,16,-1,-1,2,2.4126
131501649,2,50,4,16,-1,-1,2,1.8525
131501603,2,50,4,16,-1,-1,2,2.2811
131501647,2,50,4,16,-1,-1,2,1.0294
131501619,2,50,4,16,-1,-1,2,1.1677
131501616,2,50,4,16,-1,-1,2,1.7369
131501629,2,50,4,16,-1,-1,2,1.6553
131501623,2,50,4,16,-1,-1,2,1.1496
131501617,2,50,4,16,-1,-1,2,2.7392
131501642,2,50,4,16,-1,-1,2,2.1519
131501621,2,50,4,16,-1,-1,2,1.7188
131501643,2,50,4,16,-1,-1,2,2.712
131501609,2,50,4,16,-1,-1,2,1.2539
131501614,2,50,4,16,-1,-1,2,1.8049
131501626,2,50,4,16,-1,-1,2,2.6575
131501606,2,50,4,16,-1,-1,2,1.6439
131501618,2,50,4,16,-1,-1,2,2.3968
131501636,2,50,4,16,-1,-1,2,1.4058
131501615,2,50,4,16,-1,-1,2,1.2154
131501639,2,50,4,16,-1,-1,2,1.8616
131501602,2,50,4,16,-1,-1,2,2.009
131501613,2,50,4,16,-1,-1,2,1.6167
131501644,2,50,4,16,-1,-1,2,3.0022
131501625,2,50,4,16,-1,-1,2,1.2131
131501607,2,50,4,16,-1,-1,2,2.6439
131501624,2,50,4,16,-1,-1,2,1.2562
131501637,2,50,4,16,-1,-1,2,2.5646
131501622,2,50,4,16,-1,-1,2,1.3605
131501620,2,50,4,16,-1,-1,2,1.6303
131501610,2,50,4,16,-1,-1,2,1.8525
131501640,2,50,4,16,-1,-1,2,2.1655
131501646,2,50,4,16,-1,-1,2,1.4648
131501604,2,50,4,16,-1,-1,2,3.1178
131501601,2,50,4,16,-1,-1,2,2.1224
131501648,2,50,4,16,-1,-1,2,1.6303
131501645,2,50,4,16,-1,-1,2,2.4671
130501630,2,50,4,16,-1,-1,3,2.5578
130501605,2,50,4,16,-1,-1,3,2.5441
130501627,2,50,4,16,-1,-1,3,2.3605
130501631,2,50,4,16,-1,-1,3,2.6915
130501633,2,50,4,16,-1,-1,3,2.1156
130501639,2,50,4,16,-1,-1,3,1.9999
130501636,2,50,4,16,-1,-1,3,2.6666
130501642,2,50,4,16,-1,-1,3,2.0385
130501608,2,50,4,16,-1,-1,3,3.0861
130501611,2,50,4,16,-1,-1,3,1.9387
130501612,2,50,4,16,-1,-1,3,1.746
130501632,2,50,4,16,-1,-1,3,1.8888
130501635,2,50,4,16,-1,-1,3,1.4534
130501628,2,50,4,16,-1,-1,3,2.4081
130501651,2,50,4,16,-1,-1,3,1.8525
130501603,2,50,4,16,-1,-1,3,2.297
130501649,2,50,4,16,-1,-1,3,1.0226
130501619,2,50,4,16,-1,-1,3,1.1315
130501616,2,50,4,16,-1,-1,3,2.1768
130501629,2,50,4,16,-1,-1,3,2.0226
130501623,2,50,4,16,-1,-1,3,1.1337
130501617,2,50,4,16,-1,-1,3,2.7392
130501643,2,50,4,16,-1,-1,3,1.8911
130501621,2,50,4,16,-1,-1,3,1.7165
130501644,2,50,4,16,-1,-1,3,2.9818
130501609,2,50,4,16,-1,-1,3,1.2993
130501614,2,50,4,16,-1,-1,3,1.4965
130501626,2,50,4,16,-1,-1,3,2.6462
130501606,2,50,4,16,-1,-1,3,2.8299
130501618,2,50,4,16,-1,-1,3,2.3877
130501637,2,50,4,16,-1,-1,3,1.4104
130501615,2,50,4,16,-1,-1,3,1.2154
130501640,2,50,4,16,-1,-1,3,1.8571
130501602,2,50,4,16,-1,-1,3,1.975
130501613,2,50,4,16,-1,-1,3,1.2312
130501646,2,50,4,16,-1,-1,3,1.9727
130501625,2,50,4,16,-1,-1,3,1.204
130501607,2,50,4,16,-1,-1,3,2.6371
130501624,2,50,4,16,-1,-1,3,1.263
130501638,2,50,4,16,-1,-1,3,2.5487
130501622,2,50,4,16,-1,-1,3,1.3809
130501620,2,50,4,16,-1,-1,3,1.6371
130501610,2,50,4,16,-1,-1,3,1.8525
130501641,2,50,4,16,-1,-1,3,2.1745
130501648,2,50,4,16,-1,-1,3,1.4897
130501604,2,50,4,16,-1,-1,3,3.1201
130501601,2,50,4,16,-1,-1,3,2.1405
130501650,2,50,4,16,-1,-1,3,1.6394
130501647,2,50,4,16,-1,-1,3,2.4489
132501630,2,50,4,16,-1,-1,4,2.5314
132501605,2,50,4,16,-1,-1,4,2.5376
132501627,2,50,4,16,-1,-1,4,2.3064
132501631,2,50,4,16,-1,-1,4,2.7001
132501633,2,50,4,16,-1,-1,4,2.1001
132501638,2,50,4,16,-1,-1,4,1.9439
132501635,2,50,4,16,-1,-1,4,2.6814
132501641,2,50,4,16,-1,-1,4,2.0501
132501608,2,50,4,16,-1,-1,4,3.0689
132501611,2,50,4,16,-1,-1,4,2.0439
132501612,2,50,4,16,-1,-1,4,1.6564
132501632,2,50,4,16,-1,-1,4,1.8814
132501634,2,50,4,16,-1,-1,4,2.5564
132501628,2,50,4,16,-1,-1,4,2.3876
132501649,2,50,4,16,-1,-1,4,1.9501
132501603,2,50,4,16,-1,-1,4,2.3251
132501647,2,50,4,16,-1,-1,4,1.0001
132501619,2,50,4,16,-1,-1,4,1.0501
132501616,2,50,4,16,-1,-1,4,2.0814
132501629,2,50,4,16,-1,-1,4,2.0501
132501623,2,50,4,16,-1,-1,4,1.1376
132501617,2,50,4,16,-1,-1,4,2.7501
132501642,2,50,4,16,-1,-1,4,2.1439
132501621,2,50,4,16,-1,-1,4,1.6939
132501643,2,50,4,16,-1,-1,4,2.6751
132501609,2,50,4,16,-1,-1,4,1.3189
132501614,2,50,4,16,-1,-1,4,1.8126
132501626,2,50,4,16,-1,-1,4,2.7064
132501606,2,50,4,16,-1,-1,4,2.8064
132501618,2,50,4,16,-1,-1,4,2.5064
132501636,2,50,4,16,-1,-1,4,1.3814
132501615,2,50,4,16,-1,-1,4,1.2501
132501639,2,50,4,16,-1,-1,4,1.8751
132501602,2,50,4,16,-1,-1,4,1.9314
132501613,2,50,4,16,-1,-1,4,1.6251
132501644,2,50,4,16,-1,-1,4,3.0126
132501625,2,50,4,16,-1,-1,4,1.2314
132501607,2,50,4,16,-1,-1,4,2.6626
132501624,2,50,4,16,-1,-1,4,1.2564
132501637,2,50,4,16,-1,-1,4,2.5814
132501622,2,50,4,16,-1,-1,4,1.3939
132501620,2,50,4,16,-1,-1,4,1.6439
132501610,2,50,4,16,-1,-1,4,1.8314
132501640,2,50,4,16,-1,-1,4,2.1939
132501646,2,50,4,16,-1,-1,4,1.5126
132501604,2,50,4,16,-1,-1,4,3.0876
132501601,2,50,4,16,-1,-1,4,2.1189
132501648,2,50,4,16,-1,-1,4,1.6376
132501645,2,50,4,16,-1,-1,4,2.4751
131502629,2,50,4,26,-1,-1,2,1.5963
131502612,2,50,4,26,-1,-1,2,1.6417
131502611,2,50,4,26,-1,-1,2,1.4149
131502642,2,50,4,26,-1,-1,2,1.78
131502603,2,50,4,26,-1,-1,2,4.1451
131502628,2,50,4,26,-1,-1,2,1.4897
131502639,2,50,4,26,-1,-1,2,2.0022
131502632,2,50,4,26,-1,-1,2,1.5101
131502623,2,50,4,26,-1,-1,2,1.2993
131502605,2,50,4,26,-1,-1,2,2.1745
131502634,2,50,4,26,-1,-1,2,1.9342
131502636,2,50,4,26,-1,-1,2,1.4693
131502627,2,50,4,26,-1,-1,2,1.17
131502635,2,50,4,26,-1,-1,2,2.2788
131502619,2,50,4,26,-1,-1,2,1.2516
131502608,2,50,4,26,-1,-1,2,2.4217
131502615,2,50,4,26,-1,-1,2,1.3469
131502646,2,50,4,26,-1,-1,2,1.297
131502649,2,50,4,26,-1,-1,2,1.9818
131502630,2,50,4,26,-1,-1,2,2.0748
131502616,2,50,4,26,-1,-1,2,1.4602
131502631,2,50,4,26,-1,-1,2,2.3355
131502633,2,50,4,26,-1,-1,2,2.8571
131502617,2,50,4,26,-1,-1,2,2.0929
131502643,2,50,4,26,-1,-1,2,2.0702
131502621,2,50,4,26,-1,-1,2,1.6847
131502644,2,50,4,26,-1,-1,2,2.6983
131502609,2,50,4,26,-1,-1,2,1.1428
131502614,2,50,4,26,-1,-1,2,1.8253
131502626,2,50,4,26,-1,-1,2,2.4466
131502606,2,50,4,26,-1,-1,2,2.7868
131502618,2,50,4,26,-1,-1,2,1.9841
131502641,2,50,4,26,-1,-1,2,2.1836
131502650,2,50,4,26,-1,-1,2,0.8911
131502602,2,50,4,26,-1,-1,2,1.9342
131502613,2,50,4,26,-1,-1,2,1.7505
131502638,2,50,4,26,-1,-1,2,1.9591
131502625,2,50,4,26,-1,-1,2,1.0884
131502607,2,50,4,26,-1,-1,2,2.3129
131502624,2,50,4,26,-1,-1,2,1.2766
131502637,2,50,4,26,-1,-1,2,1.746
131502622,2,50,4,26,-1,-1,2,0.5079
131502620,2,50,4,26,-1,-1,2,1.5305
131502610,2,50,4,26,-1,-1,2,2.8457
131502640,2,50,4,26,-1,-1,2,1.9591
131502647,2,50,4,26,-1,-1,2,1.0476
131502604,2,50,4,26,-1,-1,2,2.882
131502601,2,50,4,26,-1,-1,2,2.0702
131502648,2,50,4,26,-1,-1,2,1.3129
130502630,2,50,4,26,-1,-1,3,1.5986
130502605,2,50,4,26,-1,-1,3,2.9002
130502627,2,50,4,26,-1,-1,3,2.4489
130502631,2,50,4,26,-1,-1,3,2.0634
130502633,2,50,4,26,-1,-1,3,1.5079
130502638,2,50,4,26,-1,-1,3,1.746
130502635,2,50,4,26,-1,-1,3,1.9342
130502641,2,50,4,26,-1,-1,3,1.9705
130502608,2,50,4,26,-1,-1,3,2.3151
130502611,2,50,4,26,-1,-1,3,2.7868
130502612,2,50,4,26,-1,-1,3,1.4671
130502632,2,50,4,26,-1,-1,3,2.3469
130502634,2,50,4,26,-1,-1,3,2.8593
130502628,2,50,4,26,-1,-1,3,1.17
130502651,2,50,4,26,-1,-1,3,1.9886
130502603,2,50,4,26,-1,-1,3,2.4081
130502647,2,50,4,26,-1,-1,3,1.2924
130502619,2,50,4,26,-1,-1,3,1.9863
130502616,2,50,4,26,-1,-1,3,1.3197
130502629,2,50,4,26,-1,-1,3,1.4897
130502623,2,50,4,26,-1,-1,3,1.3083
130502617,2,50,4,26,-1,-1,3,1.4671
130502642,2,50,4,26,-1,-1,3,2.17
130502621,2,50,4,26,-1,-1,3,1.5396
130502643,2,50,4,26,-1,-1,3,1.7777
130502609,2,50,4,26,-1,-1,3,2.4149
130502614,2,50,4,26,-1,-1,3,1.755
130502626,2,50,4,26,-1,-1,3,1.0861
130502606,2,50,4,26,-1,-1,3,2.5305
130502618,2,50,4,26,-1,-1,3,2.0861
130502636,2,50,4,26,-1,-1,3,2.2834
130502615,2,50,4,26,-1,-1,3,1.8435
130502639,2,50,4,26,-1,-1,3,1.9591
130502602,2,50,4,26,-1,-1,3,1.9319
130502613,2,50,4,26,-1,-1,3,1.6417
130502644,2,50,4,26,-1,-1,3,2.0702
130502625,2,50,4,26,-1,-1,3,1.2766
130502607,2,50,4,26,-1,-1,3,2.424
130502624,2,50,4,26,-1,-1,3,1.297
130502637,2,50,4,26,-1,-1,3,1.4671
130502622,2,50,4,26,-1,-1,3,1.687
130502620,2,50,4,26,-1,-1,3,1.2516
130502610,2,50,4,26,-1,-1,3,1.1519
130502640,2,50,4,26,-1,-1,3,2.0045
130502646,2,50,4,26,-1,-1,3,2.0476
130502604,2,50,4,26,-1,-1,3,0.9841
130502601,2,50,4,26,-1,-1,3,2.077
130502648,2,50,4,26,-1,-1,3,1.0407
130502645,2,50,4,26,-1,-1,3,2.7074
132502630,2,50,4,26,-1,-1,4,1.9626
132502605,2,50,4,26,-1,-1,4,2.5314
132502627,2,50,4,26,-1,-1,4,1.2251
132502631,2,50,4,26,-1,-1,4,2.4439
132502633,2,50,4,26,-1,-1,4,2.9501
132502638,2,50,4,26,-1,-1,4,1.9564
132502635,2,50,4,26,-1,-1,4,2.3126
132502641,2,50,4,26,-1,-1,4,2.1376
132502608,2,50,4,26,-1,-1,4,2.4439
132502611,2,50,4,26,-1,-1,4,1.4939
132502612,2,50,4,26,-1,-1,4,1.6439
132502632,2,50,4,26,-1,-1,4,1.4126
132502634,2,50,4,26,-1,-1,4,1.9126
132502628,2,50,4,26,-1,-1,4,1.4126
132502649,2,50,4,26,-1,-1,4,1.9689
132502603,2,50,4,26,-1,-1,4,4.1751
132502647,2,50,4,26,-1,-1,4,1.0376
132502619,2,50,4,26,-1,-1,4,1.2564
132502616,2,50,4,26,-1,-1,4,1.4689
132502629,2,50,4,26,-1,-1,4,1.7001
132502623,2,50,4,26,-1,-1,4,1.3251
132502617,2,50,4,26,-1,-1,4,2.0626
132502642,2,50,4,26,-1,-1,4,1.7876
132502621,2,50,4,26,-1,-1,4,1.6814
132502643,2,50,4,26,-1,-1,4,2.0814
132502609,2,50,4,26,-1,-1,4,1.1251
132502614,2,50,4,26,-1,-1,4,1.8564
132502626,2,50,4,26,-1,-1,4,2.4439
132502606,2,50,4,26,-1,-1,4,2.4251
132502618,2,50,4,26,-1,-1,4,1.9814
132502636,2,50,4,26,-1,-1,4,1.4126
132502615,2,50,4,26,-1,-1,4,1.3376
132502639,2,50,4,26,-1,-1,4,2.0689
132502602,2,50,4,26,-1,-1,4,1.9126
132502613,2,50,4,26,-1,-1,4,1.7189
132502644,2,50,4,26,-1,-1,4,2.7314
132502625,2,50,4,26,-1,-1,4,1.0876
132502607,2,50,4,26,-1,-1,4,2.3064
132502624,2,50,4,26,-1,-1,4,1.2751
132502637,2,50,4,26,-1,-1,4,1.7251
132502622,2,50,4,26,-1,-1,4,1.3189
132502620,2,50,4,26,-1,-1,4,1.5314
132502610,2,50,4,26,-1,-1,4,2.7751
132502640,2,50,4,26,-1,-1,4,1.9251
132502646,2,50,4,26,-1,-1,4,1.2689
132502604,2,50,4,26,-1,-1,4,2.8876
132502601,2,50,4,26,-1,-1,4,2.0564
132502648,2,50,4,26,-1,-1,4,1.3314
132502645,2,50,4,26,-1,-1,4,2.0439
1180003,3,1,1,1,1,1,2,2.526
1180008,3,1,1,1,1,1,2,2.0838
1180010,3,1,1,1,1,1,2,2.3242
1180012,3,1,1,1,1,1,2,3.0544
1180016,3,1,1,1,1,1,2,2.4376
1180006,3,1,1,1,1,1,2,2.4534
1180004,3,1,1,1,1,1,2,3.0476
1180018,3,1,1,1,1,1,2,2.3945
1180019,3,1,1,1,1,1,2,3.0135
1180011,3,1,1,1,1,1,2,2.7641
1180009,3,1,1,1,1,1,2,2.7256
1180015,3,1,1,1,1,1,2,2.6212
1180013,3,1,1,1,1,1,2,2.2584
1180005,3,1,1,1,1,1,2,6.3627
1180002,3,1,1,1,1,1,2,2.8525
1180007,3,1,1,1,1,1,2,2.4489
1180017,3,1,1,1,1,1,2,2.6575
1180014,3,1,1,1,1,1,2,2.272
1160463,3,1,1,1,1,1,3,2.7914
1160454,3,1,1,1,1,1,3,2.8524
1160461,3,1,1,1,1,1,3,2.7256
1160471,3,1,1,1,1,1,3,3.0136
1160467,3,1,1,1,1,1,3,2.6191
1160469,3,1,1,1,1,1,3,2.6576
1160459,3,1,1,1,1,1,3,2.4467
1160457,3,1,1,1,1,1,3,6.3651
1160455,3,1,1,1,1,1,3,2.5259
1160458,3,1,1,1,1,1,3,2.4526
1160466,3,1,1,1,1,1,3,2.2744
1160462,3,1,1,1,1,1,3,2.3243
1160460,3,1,1,1,1,1,3,2.0862
1160470,3,1,1,1,1,1,3,2.3946
1160464,3,1,1,1,1,1,3,3.0522
1160456,3,1,1,1,1,1,3,3.0476
1160453,3,1,1,1,1,1,3,3.4195
1160468,3,1,1,1,1,1,3,2.4399
1170011,3,1,1,1,1,1,4,2.7914
1170002,3,1,1,1,1,1,4,2.8524
1170009,3,1,1,1,1,1,4,2.7257
1170019,3,1,1,1,1,1,4,3.0137
1170015,3,1,1,1,1,1,4,2.6191
1170017,3,1,1,1,1,1,4,2.6577
1170007,3,1,1,1,1,1,4,2.4468
1170005,3,1,1,1,1,1,4,6.3652
1170003,3,1,1,1,1,1,4,2.5259
1170006,3,1,1,1,1,1,4,2.4526
1170014,3,1,1,1,1,1,4,2.2744
1170010,3,1,1,1,1,1,4,2.3243
1170008,3,1,1,1,1,1,4,2.0863
1170018,3,1,1,1,1,1,4,2.3946
1170012,3,1,1,1,1,1,4,3.0523
1170004,3,1,1,1,1,1,4,3.0477
1170001,3,1,1,1,1,1,4,3.4196
1170016,3,1,1,1,1,1,4,2.4399
1180041,3,1,1,1,1,3,2,2.526
1180046,3,1,1,1,1,3,2,1.4625
1180048,3,1,1,1,1,3,2,2.3242
1180050,3,1,1,1,1,3,2,3.0544
1180054,3,1,1,1,1,3,2,2.4398
1180044,3,1,1,1,1,3,2,2.4557
1180042,3,1,1,1,1,3,2,3.0476
1180056,3,1,1,1,1,3,2,2.3945
1180057,3,1,1,1,1,3,2,3.0135
1180049,3,1,1,1,1,3,2,2.789
1180047,3,1,1,1,1,3,2,1.619
1180053,3,1,1,1,1,3,2,2.619
1180051,3,1,1,1,1,3,2,2.2335
1180043,3,1,1,1,1,3,2,6.3627
1180040,3,1,1,1,1,3,2,2.8525
1180045,3,1,1,1,1,3,2,2.4466
1180055,3,1,1,1,1,3,2,2.6575
1180052,3,1,1,1,1,3,2,2.272
1160501,3,1,1,1,1,3,3,2.7914
1160492,3,1,1,1,1,3,3,2.8524
1160499,3,1,1,1,1,3,3,2.7256
1160509,3,1,1,1,1,3,3,3.0136
1160505,3,1,1,1,1,3,3,2.6191
1160507,3,1,1,1,1,3,3,2.6576
1160497,3,1,1,1,1,3,3,2.4467
1160495,3,1,1,1,1,3,3,6.3651
1160493,3,1,1,1,1,3,3,2.5259
1160496,3,1,1,1,1,3,3,2.4526
1160504,3,1,1,1,1,3,3,2.2744
1160500,3,1,1,1,1,3,3,2.3243
1160498,3,1,1,1,1,3,3,2.0862
1160508,3,1,1,1,1,3,3,2.3946
1160502,3,1,1,1,1,3,3,3.0522
1160494,3,1,1,1,1,3,3,3.0476
1160491,3,1,1,1,1,3,3,3.4195
1160506,3,1,1,1,1,3,3,2.4399
1170049,3,1,1,1,1,3,4,2.7914
1170040,3,1,1,1,1,3,4,2.8524
1170047,3,1,1,1,1,3,4,2.7257
1170057,3,1,1,1,1,3,4,3.0137
1170053,3,1,1,1,1,3,4,2.6191
1170055,3,1,1,1,1,3,4,2.6577
1170045,3,1,1,1,1,3,4,2.4468
1170043,3,1,1,1,1,3,4,6.3652
1170041,3,1,1,1,1,3,4,2.5259
1170044,3,1,1,1,1,3,4,2.4526
1170052,3,1,1,1,1,3,4,2.2744
1170048,3,1,1,1,1,3,4,2.3243
1170046,3,1,1,1,1,3,4,2.0863
1170056,3,1,1,1,1,3,4,2.3946
1170050,3,1,1,1,1,3,4,3.0523
1170042,3,1,1,1,1,3,4,3.0477
1170039,3,1,1,1,1,3,4,3.4196
1170054,3,1,1,1,1,3,4,2.4399
1420301005,3,1,3,-1,2,1,2,2.1292
1420301029,3,1,3,-1,2,1,2,1.8412
1420301030,3,1,3,-1,2,1,2,2.6235
1420301034,3,1,3,-1,2,1,2,2.9637
1420301035,3,1,3,-1,2,1,2,2.5101
1420301026,3,1,3,-1,2,1,2,2.229
1420301011,3,1,3,-1,2,1,2,2.8684
1420301023,3,1,3,-1,2,1,2,2.3559
1420301012,3,1,3,-1,2,1,2,2.5373
1420301028,3,1,3,-1,2,1,2,2.7256
1420301019,3,1,3,-1,2,1,2,2.2199
1420301016,3,1,3,-1,2,1,2,1.9364
1420301003,3,1,3,-1,2,1,2,2.5804
1420301039,3,1,3,-1,2,1,2,2.5487
1420301021,3,1,3,-1,2,1,2,4.204
1420301037,3,1,3,-1,2,1,2,3.7142
1420301017,3,1,3,-1,2,1,2,2.3718
1420301036,3,1,3,-1,2,1,2,2.2063
1420301009,3,1,3,-1,2,1,2,2.7709
1420301014,3,1,3,-1,2,1,2,2.1315
1420301006,3,1,3,-1,2,1,2,2.1292
1420301018,3,1,3,-1,2,1,2,2.3446
1420301015,3,1,3,-1,2,1,2,3.2267
1420301033,3,1,3,-1,2,1,2,2.17
1420301008,3,1,3,-1,2,1,2,2.2743
1420301032,3,1,3,-1,2,1,2,2.5782
1420301002,3,1,3,-1,2,1,2,2.7278
1420301027,3,1,3,-1,2,1,2,2.3242
1420301013,3,1,3,-1,2,1,2,2.5147
1420301031,3,1,3,-1,2,1,2,2.2108
1420301025,3,1,3,-1,2,1,2,2.6417
1420301007,3,1,3,-1,2,1,2,3.4376
1420301024,3,1,3,-1,2,1,2,2.8525
1420301022,3,1,3,-1,2,1,2,2.5736
1420301020,3,1,3,-1,2,1,2,2.1949
1420301010,3,1,3,-1,2,1,2,3.653
1420301038,3,1,3,-1,2,1,2,1.9364
1420301004,3,1,3,-1,2,1,2,2.3197
1420301001,3,1,3,-1,2,1,2,3.1292
1380301005,3,1,3,-1,2,1,3,2.1292
1380301029,3,1,3,-1,2,1,3,1.8367
1380301030,3,1,3,-1,2,1,3,2.6371
1380301034,3,1,3,-1,2,1,3,2.9637
1380301035,3,1,3,-1,2,1,3,2.5124
1380301026,3,1,3,-1,2,1,3,2.2244
1380301011,3,1,3,-1,2,1,3,2.5328
1380301023,3,1,3,-1,2,1,3,2.3423
1380301012,3,1,3,-1,2,1,3,2.5192
1380301028,3,1,3,-1,2,1,3,2.7256
1380301019,3,1,3,-1,2,1,3,2.6621
1380301016,3,1,3,-1,2,1,3,2.3877
1380301003,3,1,3,-1,2,1,3,2.3174
1380301039,3,1,3,-1,2,1,3,2.5464
1380301021,3,1,3,-1,2,1,3,2.7981
1380301037,3,1,3,-1,2,1,3,3.7142
1380301017,3,1,3,-1,2,1,3,2.3242
1380301036,3,1,3,-1,2,1,3,2.2017
1380301009,3,1,3,-1,2,1,3,3.6621
1380301014,3,1,3,-1,2,1,3,3.2675
1380301006,3,1,3,-1,2,1,3,3.4398
1380301018,3,1,3,-1,2,1,3,2.2267
1380301015,3,1,3,-1,2,1,3,1.8979
1380301033,3,1,3,-1,2,1,3,2.17
1380301008,3,1,3,-1,2,1,3,2.7686
1380301032,3,1,3,-1,2,1,3,2.5804
1380301002,3,1,3,-1,2,1,3,2.5827
1380301027,3,1,3,-1,2,1,3,2.3333
1380301013,3,1,3,-1,2,1,3,2.1315
1380301031,3,1,3,-1,2,1,3,2.1972
1380301025,3,1,3,-1,2,1,3,2.6439
1380301007,3,1,3,-1,2,1,3,2.272
1380301024,3,1,3,-1,2,1,3,2.8571
1380301022,3,1,3,-1,2,1,3,2.5872
1380301020,3,1,3,-1,2,1,3,2.4648
1380301010,3,1,3,-1,2,1,3,2.8661
1380301038,3,1,3,-1,2,1,3,1.9387
1380301004,3,1,3,-1,2,1,3,2.1315
1380301001,3,1,3,-1,2,1,3,2.6802
1400301024,3,1,3,-1,2,1,4,2.3439
1400301022,3,1,3,-1,2,1,4,2.7939
1400301027,3,1,3,-1,2,1,4,1.0751
1400301005,3,1,3,-1,2,1,4,2.1314
1400301011,3,1,3,-1,2,1,4,2.5564
1400301016,3,1,3,-1,2,1,4,2.3876
1400301030,3,1,3,-1,2,1,4,2.7314
1400301012,3,1,3,-1,2,1,4,2.5189
1400301020,3,1,3,-1,2,1,4,2.6814
1400301031,3,1,3,-1,2,1,4,1.8501
1400301029,3,1,3,-1,2,1,4,2.3251
1400301038,3,1,3,-1,2,1,4,2.5126
1400301040,3,1,3,-1,2,1,4,3.7064
1400301003,3,1,3,-1,2,1,4,2.3251
1400301042,3,1,3,-1,2,1,4,2.5814
1400301032,3,1,3,-1,2,1,4,2.6189
1400301037,3,1,3,-1,2,1,4,2.9626
1400301018,3,1,3,-1,2,1,4,1.4501
1400301039,3,1,3,-1,2,1,4,2.2251
1400301009,3,1,3,-1,2,1,4,3.6251
1400301014,3,1,3,-1,2,1,4,3.2126
1400301006,3,1,3,-1,2,1,4,3.4314
1400301019,3,1,3,-1,2,1,4,2.1751
1400301015,3,1,3,-1,2,1,4,1.9376
1400301035,3,1,3,-1,2,1,4,1.1064
1400301008,3,1,3,-1,2,1,4,2.7689
1400301034,3,1,3,-1,2,1,4,2.5876
1400301002,3,1,3,-1,2,1,4,2.5751
1400301028,3,1,3,-1,2,1,4,2.2189
1400301013,3,1,3,-1,2,1,4,2.1251
1400301033,3,1,3,-1,2,1,4,2.2001
1400301026,3,1,3,-1,2,1,4,0.8189
1400301007,3,1,3,-1,2,1,4,2.2814
1400301025,3,1,3,-1,2,1,4,2.8626
1400301023,3,1,3,-1,2,1,4,2.5814
1400301021,3,1,3,-1,2,1,4,2.4314
1400301010,3,1,3,-1,2,1,4,2.8751
1400301041,3,1,3,-1,2,1,4,1.9376
1400301004,3,1,3,-1,2,1,4,2.1251
1420401005,3,1,3,-1,2,2,2,2.1269
1420401029,3,1,3,-1,2,2,2,1.8525
1420401030,3,1,3,-1,2,2,2,2.619
1420401034,3,1,3,-1,2,2,2,2.9614
1420401035,3,1,3,-1,2,2,2,2.5101
1420401026,3,1,3,-1,2,2,2,2.1972
1420401011,3,1,3,-1,2,2,2,2.5532
1420401023,3,1,3,-1,2,2,2,2.3401
1420401012,3,1,3,-1,2,2,2,2.5101
1420401028,3,1,3,-1,2,2,2,2.6847
1420401019,3,1,3,-1,2,2,2,2.6008
1420401016,3,1,3,-1,2,2,2,2.3854
1420401003,3,1,3,-1,2,2,2,2.3197
1420401039,3,1,3,-1,2,2,2,2.5532
1420401021,3,1,3,-1,2,2,2,2.8208
1420401037,3,1,3,-1,2,2,2,3.6825
1420401017,3,1,3,-1,2,2,2,2.3401
1420401036,3,1,3,-1,2,2,2,2.2494
1420401009,3,1,3,-1,2,2,2,3.6462
1420401014,3,1,3,-1,2,2,2,3.2607
1420401006,3,1,3,-1,2,2,2,3.4308
1420401018,3,1,3,-1,2,2,2,2.2244
1420401015,3,1,3,-1,2,2,2,1.882
1420401033,3,1,3,-1,2,2,2,2.1677
1420401008,3,1,3,-1,2,2,2,2.7664
1420401032,3,1,3,-1,2,2,2,2.5714
1420401002,3,1,3,-1,2,2,2,2.5759
1420401027,3,1,3,-1,2,2,2,2.3627
1420401013,3,1,3,-1,2,2,2,2.1315
1420401031,3,1,3,-1,2,2,2,2.2199
1420401025,3,1,3,-1,2,2,2,2.6553
1420401007,3,1,3,-1,2,2,2,2.2788
1420401024,3,1,3,-1,2,2,2,2.8525
1420401022,3,1,3,-1,2,2,2,2.5714
1420401020,3,1,3,-1,2,2,2,2.5011
1420401010,3,1,3,-1,2,2,2,2.8616
1420401038,3,1,3,-1,2,2,2,1.5782
1420401004,3,1,3,-1,2,2,2,2.1292
1420401001,3,1,3,-1,2,2,2,2.7278
1380401005,3,1,3,-1,2,2,3,2.1315
1380401029,3,1,3,-1,2,2,3,1.8503
1380401030,3,1,3,-1,2,2,3,2.6212
1380401034,3,1,3,-1,2,2,3,2.9637
1380401035,3,1,3,-1,2,2,3,2.5079
1380401026,3,1,3,-1,2,2,3,2.1904
1380401011,3,1,3,-1,2,2,3,2.5373
1380401023,3,1,3,-1,2,2,3,2.3582
1380401012,3,1,3,-1,2,2,3,2.5192
1380401028,3,1,3,-1,2,2,3,2.7278
1380401019,3,1,3,-1,2,2,3,2.6598
1380401016,3,1,3,-1,2,2,3,2.3854
1380401003,3,1,3,-1,2,2,3,2.3174
1380401039,3,1,3,-1,2,2,3,2.5827
1380401021,3,1,3,-1,2,2,3,2.8208
1380401037,3,1,3,-1,2,2,3,3.712
1380401017,3,1,3,-1,2,2,3,2.3446
1380401036,3,1,3,-1,2,2,3,2.2244
1380401009,3,1,3,-1,2,2,3,3.6212
1380401014,3,1,3,-1,2,2,3,3.2652
1380401006,3,1,3,-1,2,2,3,3.4285
1380401018,3,1,3,-1,2,2,3,2.229
1380401015,3,1,3,-1,2,2,3,1.8798
1380401033,3,1,3,-1,2,2,3,2.1655
1380401008,3,1,3,-1,2,2,3,2.7709
1380401032,3,1,3,-1,2,2,3,2.5827
1380401002,3,1,3,-1,2,2,3,2.5782
1380401027,3,1,3,-1,2,2,3,2.3242
1380401013,3,1,3,-1,2,2,3,2.1315
1380401031,3,1,3,-1,2,2,3,2.2108
1380401025,3,1,3,-1,2,2,3,2.6598
1380401007,3,1,3,-1,2,2,3,2.2788
1380401024,3,1,3,-1,2,2,3,2.8367
1380401022,3,1,3,-1,2,2,3,2.5736
1380401020,3,1,3,-1,2,2,3,2.4353
1380401010,3,1,3,-1,2,2,3,2.8911
1380401038,3,1,3,-1,2,2,3,1.9228
1380401004,3,1,3,-1,2,2,3,2.1292
1380401001,3,1,3,-1,2,2,3,2.7256
1400401005,3,1,3,-1,2,2,4,2.1314
1400401029,3,1,3,-1,2,2,4,1.8439
1400401030,3,1,3,-1,2,2,4,2.6189
1400401034,3,1,3,-1,2,2,4,2.9626
1400401035,3,1,3,-1,2,2,4,2.5126
1400401026,3,1,3,-1,2,2,4,2.2189
1400401011,3,1,3,-1,2,2,4,2.5501
1400401023,3,1,3,-1,2,2,4,2.3439
1400401012,3,1,3,-1,2,2,4,2.5126
1400401028,3,1,3,-1,2,2,4,2.7251
1400401019,3,1,3,-1,2,2,4,2.6814
1400401016,3,1,3,-1,2,2,4,2.3814
1400401003,3,1,3,-1,2,2,4,2.3251
1400401039,3,1,3,-1,2,2,4,2.6564
1400401021,3,1,3,-1,2,2,4,2.8064
1400401037,3,1,3,-1,2,2,4,3.6876
1400401017,3,1,3,-1,2,2,4,2.3626
1400401036,3,1,3,-1,2,2,4,2.2314
1400401009,3,1,3,-1,2,2,4,3.6189
1400401014,3,1,3,-1,2,2,4,3.2126
1400401006,3,1,3,-1,2,2,4,3.4314
1400401018,3,1,3,-1,2,2,4,2.2126
1400401015,3,1,3,-1,2,2,4,1.9376
1400401033,3,1,3,-1,2,2,4,2.1689
1400401008,3,1,3,-1,2,2,4,2.7689
1400401032,3,1,3,-1,2,2,4,2.5814
1400401002,3,1,3,-1,2,2,4,2.5751
1400401027,3,1,3,-1,2,2,4,2.3314
1400401013,3,1,3,-1,2,2,4,2.1314
1400401031,3,1,3,-1,2,2,4,2.2001
1400401025,3,1,3,-1,2,2,4,2.6439
1400401007,3,1,3,-1,2,2,4,2.2751
1400401024,3,1,3,-1,2,2,4,2.8564
1400401022,3,1,3,-1,2,2,4,2.5814
1400401020,3,1,3,-1,2,2,4,2.4126
1400401010,3,1,3,-1,2,2,4,2.8814
1400401038,3,1,3,-1,2,2,4,1.9439
1400401004,3,1,3,-1,2,2,4,2.1251
1400401001,3,1,3,-1,2,2,4,2.7126
148170130,3,1,4,4,2,3,2,1.8911
148170105,3,1,4,4,2,3,2,2.2085
148170127,3,1,4,4,2,3,2,1.5441
148170131,3,1,4,4,2,3,2,1.9024
148170133,3,1,4,4,2,3,2,1.1337
148170138,3,1,4,4,2,3,2,1.4104
148170135,3,1,4,4,2,3,2,1.3695
148170141,3,1,4,4,2,3,2,1.3673
148170108,3,1,4,4,2,3,2,2.4852
148170111,3,1,4,4,2,3,2,1.399
148170112,3,1,4,4,2,3,2,1.4534
148170132,3,1,4,4,2,3,2,1.4761
148170134,3,1,4,4,2,3,2,1.6031
148170128,3,1,4,4,2,3,2,1.6099
148170149,3,1,4,4,2,3,2,1.653
148170103,3,1,4,4,2,3,2,2.3378
148170147,3,1,4,4,2,3,2,0.8888
148170119,3,1,4,4,2,3,2,1.204
148170116,3,1,4,4,2,3,2,1.4104
148170129,3,1,4,4,2,3,2,1.4512
148170123,3,1,4,4,2,3,2,1.0725
148170117,3,1,4,4,2,3,2,2.0861
148170142,3,1,4,4,2,3,2,1.4512
148170121,3,1,4,4,2,3,2,1.3763
148170143,3,1,4,4,2,3,2,1.6076
148170109,3,1,4,4,2,3,2,1.2856
148170114,3,1,4,4,2,3,2,1.2312
148170126,3,1,4,4,2,3,2,1.8616
148170106,3,1,4,4,2,3,2,2.6915
148170118,3,1,4,4,2,3,2,1.7414
148170136,3,1,4,4,2,3,2,1.2902
148170115,3,1,4,4,2,3,2,1.1768
148170139,3,1,4,4,2,3,2,0.6598
148170102,3,1,4,4,2,3,2,2.009
148170113,3,1,4,4,2,3,2,1.4671
148170144,3,1,4,4,2,3,2,1.8548
148170125,3,1,4,4,2,3,2,1.2267
148170107,3,1,4,4,2,3,2,2.4557
148170124,3,1,4,4,2,3,2,1.1677
148170137,3,1,4,4,2,3,2,1.6485
148170122,3,1,4,4,2,3,2,1.3446
148170120,3,1,4,4,2,3,2,1.4829
148170110,3,1,4,4,2,3,2,1.3423
148170140,3,1,4,4,2,3,2,1.399
148170146,3,1,4,4,2,3,2,1.0498
148170104,3,1,4,4,2,3,2,2.7256
146170129,3,1,4,4,2,3,3,1.6122
146170112,3,1,4,4,2,3,3,1.4149
146170111,3,1,4,4,2,3,3,1.3287
146170142,3,1,4,4,2,3,3,1.3695
146170103,3,1,4,4,2,3,3,2.0113
146170128,3,1,4,4,2,3,3,1.551
146170139,3,1,4,4,2,3,3,1.4013
146170132,3,1,4,4,2,3,3,1.9568
146170123,3,1,4,4,2,3,3,1.5986
146170105,3,1,4,4,2,3,3,2.7686
146170134,3,1,4,4,2,3,3,1.1292
146170136,3,1,4,4,2,3,3,1.3627
146170127,3,1,4,4,2,3,3,1.8593
146170135,3,1,4,4,2,3,3,1.6167
146170119,3,1,4,4,2,3,3,1.6938
146170108,3,1,4,4,2,3,3,2.4512
146170115,3,1,4,4,2,3,3,1.2494
146170146,3,1,4,4,2,3,3,1.7301
146170149,3,1,4,4,2,3,3,0.7732
146170130,3,1,4,4,2,3,3,1.4512
146170116,3,1,4,4,2,3,3,1.1677
146170131,3,1,4,4,2,3,3,1.8866
146170133,3,1,4,4,2,3,3,1.4262
146170117,3,1,4,4,2,3,3,1.4036
146170143,3,1,4,4,2,3,3,1.4489
146170121,3,1,4,4,2,3,3,1.4489
146170144,3,1,4,4,2,3,3,1.6099
146170109,3,1,4,4,2,3,3,2.4943
146170114,3,1,4,4,2,3,3,1.4512
146170126,3,1,4,4,2,3,3,1.2131
146170106,3,1,4,4,2,3,3,2.2063
146170118,3,1,4,4,2,3,3,2.0906
146170141,3,1,4,4,2,3,3,1.3491
146170150,3,1,4,4,2,3,3,1.6462
146170102,3,1,4,4,2,3,3,2.043
146170113,3,1,4,4,2,3,3,1.4512
146170138,3,1,4,4,2,3,3,1.6462
146170125,3,1,4,4,2,3,3,1.1541
146170107,3,1,4,4,2,3,3,2.6938
146170124,3,1,4,4,2,3,3,0.8412
146170137,3,1,4,4,2,3,3,1.3015
146170122,3,1,4,4,2,3,3,1.4104
146170120,3,1,4,4,2,3,3,1.2516
146170110,3,1,4,4,2,3,3,1.2856
146170140,3,1,4,4,2,3,3,1.594
146170147,3,1,4,4,2,3,3,1.0498
150160126,3,1,4,4,2,3,4,1.6189
150160123,3,1,4,4,2,3,4,1.2126
150160129,3,1,4,4,2,3,4,1.9001
150160105,3,1,4,4,2,3,4,2.2064
150160111,3,1,4,4,2,3,4,1.4126
150160134,3,1,4,4,2,3,4,1.3689
150160132,3,1,4,4,2,3,4,1.1314
150160112,3,1,4,4,2,3,4,1.4501
150160121,3,1,4,4,2,3,4,1.0876
150160135,3,1,4,4,2,3,4,1.2939
150160133,3,1,4,4,2,3,4,1.6064
150160141,3,1,4,4,2,3,4,1.4564
150160145,3,1,4,4,2,3,4,1.0564
150160103,3,1,4,4,2,3,4,2.2876
150160148,3,1,4,4,2,3,4,1.6501
150160119,3,1,4,4,2,3,4,1.4126
150160116,3,1,4,4,2,3,4,1.6939
150160128,3,1,4,4,2,3,4,1.8876
150160117,3,1,4,4,2,3,4,1.2439
150160144,3,1,4,4,2,3,4,1.7251
150160143,3,1,4,4,2,3,4,1.8564
150160109,3,1,4,4,2,3,4,1.2939
150160114,3,1,4,4,2,3,4,1.2501
150160106,3,1,4,4,2,3,4,2.7751
150160118,3,1,4,4,2,3,4,1.4501
150160136,3,1,4,4,2,3,4,1.6501
150160115,3,1,4,4,2,3,4,1.1689
150160140,3,1,4,4,2,3,4,1.3689
150160108,3,1,4,4,2,3,4,2.4939
150160138,3,1,4,4,2,3,4,1.5314
150160102,3,1,4,4,2,3,4,2.0064
150160127,3,1,4,4,2,3,4,0.5876
150160113,3,1,4,4,2,3,4,1.4501
150160137,3,1,4,4,2,3,4,1.4064
150160125,3,1,4,4,2,3,4,1.5626
150160107,3,1,4,4,2,3,4,2.3689
150160124,3,1,4,4,2,3,4,1.8439
150160139,3,1,4,4,2,3,4,1.4126
150160122,3,1,4,4,2,3,4,1.1751
150160120,3,1,4,4,2,3,4,1.3376
150160110,3,1,4,4,2,3,4,1.3251
150160142,3,1,4,4,2,3,4,1.6001
150160146,3,1,4,4,2,3,4,0.8876
150160104,3,1,4,4,2,3,4,2.7689
150160101,3,1,4,4,2,3,4,2.0564
150160147,3,1,4,4,2,3,4,0.7689
148180130,3,1,4,4,2,4,2,1.8888
148180105,3,1,4,4,2,4,2,2.2085
148180127,3,1,4,4,2,4,2,1.5419
148180131,3,1,4,4,2,4,2,1.8911
148180133,3,1,4,4,2,4,2,1.1292
148180138,3,1,4,4,2,4,2,1.4104
148180135,3,1,4,4,2,4,2,1.3673
148180141,3,1,4,4,2,4,2,1.3695
148180108,3,1,4,4,2,4,2,2.492
148180111,3,1,4,4,2,4,2,1.4104
148180112,3,1,4,4,2,4,2,1.4489
148180132,3,1,4,4,2,4,2,1.4897
148180134,3,1,4,4,2,4,2,1.6122
148180128,3,1,4,4,2,4,2,1.6099
148180149,3,1,4,4,2,4,2,1.653
148180103,3,1,4,4,2,4,2,2.2856
148180147,3,1,4,4,2,4,2,0.8888
148180119,3,1,4,4,2,4,2,1.2471
148180116,3,1,4,4,2,4,2,1.4081
148180129,3,1,4,4,2,4,2,1.4512
148180123,3,1,4,4,2,4,2,1.0793
148180117,3,1,4,4,2,4,2,2.102
148180142,3,1,4,4,2,4,2,1.4512
148180121,3,1,4,4,2,4,2,1.4126
148180143,3,1,4,4,2,4,2,1.619
148180109,3,1,4,4,2,4,2,1.3219
148180114,3,1,4,4,2,4,2,1.1995
148180126,3,1,4,4,2,4,2,1.8639
148180106,3,1,4,4,2,4,2,2.687
148180118,3,1,4,4,2,4,2,1.6802
148180136,3,1,4,4,2,4,2,1.2902
148180115,3,1,4,4,2,4,2,1.1632
148180139,3,1,4,4,2,4,2,1.5305
148180102,3,1,4,4,2,4,2,2.0135
148180113,3,1,4,4,2,4,2,1.5079
148180144,3,1,4,4,2,4,2,1.8412
148180125,3,1,4,4,2,4,2,1.2199
148180107,3,1,4,4,2,4,2,2.4512
148180124,3,1,4,4,2,4,2,1.1723
148180137,3,1,4,4,2,4,2,1.6507
148180122,3,1,4,4,2,4,2,1.3401
148180120,3,1,4,4,2,4,2,1.4512
148180110,3,1,4,4,2,4,2,1.2947
148180140,3,1,4,4,2,4,2,1.4081
148180146,3,1,4,4,2,4,2,1.0476
148180104,3,1,4,4,2,4,2,2.7732
148180101,3,1,4,4,2,4,2,1.5215
148180148,3,1,4,4,2,4,2,0.7686
148180145,3,1,4,4,2,4,2,1.7324
146180130,3,1,4,4,2,4,3,1.8934
146180105,3,1,4,4,2,4,3,2.2063
146180127,3,1,4,4,2,4,3,1.5714
146180131,3,1,4,4,2,4,3,1.8866
146180133,3,1,4,4,2,4,3,1.1315
146180138,3,1,4,4,2,4,3,1.3945
146180135,3,1,4,4,2,4,3,1.3673
146180141,3,1,4,4,2,4,3,1.3695
146180108,3,1,4,4,2,4,3,2.4671
146180111,3,1,4,4,2,4,3,1.4126
146180112,3,1,4,4,2,4,3,1.4466
146180132,3,1,4,4,2,4,3,1.492
146180134,3,1,4,4,2,4,3,1.6099
146180128,3,1,4,4,2,4,3,1.6122
146180149,3,1,4,4,2,4,3,1.6643
146180103,3,1,4,4,2,4,3,2.3061
146180147,3,1,4,4,2,4,3,0.8888
146180119,3,1,4,4,2,4,3,1.2516
146180116,3,1,4,4,2,4,3,1.4081
146180129,3,1,4,4,2,4,3,1.4489
146180123,3,1,4,4,2,4,3,1.0816
146180117,3,1,4,4,2,4,3,2.0906
146180142,3,1,4,4,2,4,3,1.4489
146180121,3,1,4,4,2,4,3,1.4058
146180143,3,1,4,4,2,4,3,1.6122
146180109,3,1,4,4,2,4,3,1.2856
146180114,3,1,4,4,2,4,3,1.2516
146180126,3,1,4,4,2,4,3,1.8435
146180106,3,1,4,4,2,4,3,2.6915
146180118,3,1,4,4,2,4,3,1.6893
146180136,3,1,4,4,2,4,3,1.2902
146180115,3,1,4,4,2,4,3,1.1564
146180139,3,1,4,4,2,4,3,1.5283
146180102,3,1,4,4,2,4,3,2.0067
146180113,3,1,4,4,2,4,3,1.4648
146180144,3,1,4,4,2,4,3,1.848
146180125,3,1,4,4,2,4,3,1.2085
146180107,3,1,4,4,2,4,3,2.4784
146180124,3,1,4,4,2,4,3,1.1768
146180137,3,1,4,4,2,4,3,1.6689
146180122,3,1,4,4,2,4,3,1.3423
146180120,3,1,4,4,2,4,3,1.4512
146180110,3,1,4,4,2,4,3,1.3287
146180140,3,1,4,4,2,4,3,1.4104
146180146,3,1,4,4,2,4,3,1.0226
146180104,3,1,4,4,2,4,3,2.755
146180101,3,1,4,4,2,4,3,2.0589
146180148,3,1,4,4,2,4,3,0.789
146180145,3,1,4,4,2,4,3,1.7596
150170130,3,1,4,4,2,4,4,1.8939
150170105,3,1,4,4,2,4,4,2.2001
150170127,3,1,4,4,2,4,4,1.5751
150170131,3,1,4,4,2,4,4,1.8876
150170133,3,1,4,4,2,4,4,1.1376
150170138,3,1,4,4,2,4,4,1.4064
150170135,3,1,4,4,2,4,4,1.3501
150170141,3,1,4,4,2,4,4,1.3751
150170108,3,1,4,4,2,4,4,2.4876
150170111,3,1,4,4,2,4,4,1.4126
150170112,3,1,4,4,2,4,4,1.4501
150170132,3,1,4,4,2,4,4,1.4814
150170134,3,1,4,4,2,4,4,1.6314
150170128,3,1,4,4,2,4,4,0.8564
150170149,3,1,4,4,2,4,4,1.6501
150170103,3,1,4,4,2,4,4,2.2876
150170147,3,1,4,4,2,4,4,0.8876
150170119,3,1,4,4,2,4,4,1.2439
150170116,3,1,4,4,2,4,4,1.4126
150170129,3,1,4,4,2,4,4,1.4501
150170123,3,1,4,4,2,4,4,1.0876
150170117,3,1,4,4,2,4,4,2.0876
150170142,3,1,4,4,2,4,4,1.4501
150170121,3,1,4,4,2,4,4,1.4126
150170143,3,1,4,4,2,4,4,1.6064
150170109,3,1,4,4,2,4,4,1.2939
150170114,3,1,4,4,2,4,4,1.2501
150170126,3,1,4,4,2,4,4,1.8376
150170106,3,1,4,4,2,4,4,2.6876
150170118,3,1,4,4,2,4,4,1.6939
150170136,3,1,4,4,2,4,4,1.2876
150170115,3,1,4,4,2,4,4,1.1689
150170139,3,1,4,4,2,4,4,1.5439
150170102,3,1,4,4,2,4,4,2.0126
150170113,3,1,4,4,2,4,4,1.4501
150170144,3,1,4,4,2,4,4,1.8501
150170125,3,1,4,4,2,4,4,1.2189
150170107,3,1,4,4,2,4,4,2.4564
150170124,3,1,4,4,2,4,4,1.1751
150170137,3,1,4,4,2,4,4,1.6501
150170122,3,1,4,4,2,4,4,1.3314
150170120,3,1,4,4,2,4,4,1.4501
150170110,3,1,4,4,2,4,4,1.3251
150170140,3,1,4,4,2,4,4,1.4001
150170146,3,1,4,4,2,4,4,1.0564
150170104,3,1,4,4,2,4,4,2.7814
150170101,3,1,4,4,2,4,4,2.0439
150170148,3,1,4,4,2,4,4,0.7689
150170145,3,1,4,4,2,4,4,1.7251
1180334,3,4,1,2,1,3,2,3.2811
1180332,3,4,1,2,1,3,2,2.619
1180330,3,4,1,2,1,3,2,3.8661
1180338,3,4,1,2,1,3,2,4.458
1180328,3,4,1,2,1,3,2,3.5736
1180341,3,4,1,2,1,3,2,6.8616
1180335,3,4,1,2,1,3,2,4.2471
1180327,3,4,1,2,1,3,2,3.5668
1180333,3,4,1,2,1,3,2,3.4285
1180336,3,4,1,2,1,3,2,6.551
1180329,3,4,1,2,1,3,2,2.8095
1180326,3,4,1,2,1,3,2,4.0045
1180331,3,4,1,2,1,3,2,2.7097
1160789,3,4,1,2,1,3,3,2.6191
1160796,3,4,1,2,1,3,3,3.508
1160787,3,4,1,2,1,3,3,3.8662
1160795,3,4,1,2,1,3,3,4.4558
1160785,3,4,1,2,1,3,3,3.5737
1160791,3,4,1,2,1,3,3,3.2789
1160784,3,4,1,2,1,3,3,3.5692
1160790,3,4,1,2,1,3,3,3.4309
1160792,3,4,1,2,1,3,3,4.2472
1160786,3,4,1,2,1,3,3,2.8095
1160783,3,4,1,2,1,3,3,4.0023
1160788,3,4,1,2,1,3,3,2.7098
1160798,3,4,1,2,1,3,3,6.8708
1170337,3,4,1,2,1,3,4,2.6191
1170344,3,4,1,2,1,3,4,3.508
1170335,3,4,1,2,1,3,4,3.8663
1170343,3,4,1,2,1,3,4,4.4559
1170333,3,4,1,2,1,3,4,3.5738
1170339,3,4,1,2,1,3,4,3.279
1170332,3,4,1,2,1,3,4,3.5693
1170338,3,4,1,2,1,3,4,3.4309
1170340,3,4,1,2,1,3,4,4.2473
1170334,3,4,1,2,1,3,4,2.8096
1170331,3,4,1,2,1,3,4,4.0024
1170336,3,4,1,2,1,3,4,2.7098
1170346,3,4,1,2,1,3,4,6.8708
1180367,3,4,1,2,1,4,2,2.619
1180374,3,4,1,2,1,4,2,3.4829
1180365,3,4,1,2,1,4,2,3.8661
1180373,3,4,1,2,1,4,2,4.4557
1180363,3,4,1,2,1,4,2,3.5736
1180369,3,4,1,2,1,4,2,3.2562
1180362,3,4,1,2,1,4,2,3.5668
1180368,3,4,1,2,1,4,2,3.4285
1180370,3,4,1,2,1,4,2,4.272
1180364,3,4,1,2,1,4,2,2.8095
1180361,3,4,1,2,1,4,2,4.0045
1180366,3,4,1,2,1,4,2,2.7097
1180376,3,4,1,2,1,4,2,6.8616
1160825,3,4,1,2,1,4,3,2.6191
1160832,3,4,1,2,1,4,3,3.508
1160823,3,4,1,2,1,4,3,3.8662
1160831,3,4,1,2,1,4,3,4.4558
1160821,3,4,1,2,1,4,3,3.5737
1160827,3,4,1,2,1,4,3,3.2789
1160820,3,4,1,2,1,4,3,3.5692
1160826,3,4,1,2,1,4,3,3.4309
1160828,3,4,1,2,1,4,3,4.2472
1160822,3,4,1,2,1,4,3,2.8095
1160819,3,4,1,2,1,4,3,4.0023
1160824,3,4,1,2,1,4,3,2.7098
1160834,3,4,1,2,1,4,3,6.8708
1170373,3,4,1,2,1,4,4,2.6191
1170380,3,4,1,2,1,4,4,3.508
1170371,3,4,1,2,1,4,4,3.8663
1170379,3,4,1,2,1,4,4,4.4559
1170369,3,4,1,2,1,4,4,3.5738
1170375,3,4,1,2,1,4,4,3.279
1170368,3,4,1,2,1,4,4,3.5693
1170374,3,4,1,2,1,4,4,3.4309
1170376,3,4,1,2,1,4,4,4.2473
1170370,3,4,1,2,1,4,4,2.8096
1170367,3,4,1,2,1,4,4,4.0024
1170372,3,4,1,2,1,4,4,2.7098
1170382,3,4,1,2,1,4,4,6.8708
1180080,3,5,1,1,1,2,2,2.8412
1180085,3,5,1,1,1,2,2,3.043
1180087,3,5,1,1,1,2,2,2.6802
1180088,3,5,1,1,1,2,2,3.1133
1180093,3,5,1,1,1,2,2,3.6711
1180083,3,5,1,1,1,2,2,4.4625
1180081,3,5,1,1,1,2,2,4.1677
1180094,3,5,1,1,1,2,2,3.331
1180090,3,5,1,1,1,2,2,3.8163
1180086,3,5,1,1,1,2,2,3.0725
1180096,3,5,1,1,1,2,2,3.0838
1180091,3,5,1,1,1,2,2,2.7528
1180082,3,5,1,1,1,2,2,2.5283
1180079,3,5,1,1,1,2,2,2.6371
1180084,3,5,1,1,1,2,2,3.263
1180095,3,5,1,1,1,2,2,4.3083
1180092,3,5,1,1,1,2,2,3.1972
1160530,3,5,1,1,1,2,3,2.6393
1160535,3,5,1,1,1,2,3,3.2631
1160537,3,5,1,1,1,2,3,3.0749
1160539,3,5,1,1,1,2,3,3.1179
1160544,3,5,1,1,1,2,3,3.6735
1160533,3,5,1,1,1,2,3,2.5329
1160531,3,5,1,1,1,2,3,2.8433
1160546,3,5,1,1,1,2,3,4.3084
1160547,3,5,1,1,1,2,3,3.0885
1160538,3,5,1,1,1,2,3,2.6803
1160536,3,5,1,1,1,2,3,3.0454
1160543,3,5,1,1,1,2,3,3.1996
1160541,3,5,1,1,1,2,3,3.8186
1160532,3,5,1,1,1,2,3,4.1678
1160529,3,5,1,1,1,2,3,6.9342
1160534,3,5,1,1,1,2,3,4.464
1160545,3,5,1,1,1,2,3,3.3334
1170078,3,5,1,1,1,2,4,2.6393
1170083,3,5,1,1,1,2,4,3.2631
1170085,3,5,1,1,1,2,4,3.0749
1170087,3,5,1,1,1,2,4,3.118
1170092,3,5,1,1,1,2,4,3.6736
1170081,3,5,1,1,1,2,4,2.5329
1170079,3,5,1,1,1,2,4,2.8434
1170094,3,5,1,1,1,2,4,4.3084
1170095,3,5,1,1,1,2,4,3.0885
1170086,3,5,1,1,1,2,4,2.6803
1170084,3,5,1,1,1,2,4,3.0454
1170091,3,5,1,1,1,2,4,3.1996
1170089,3,5,1,1,1,2,4,3.8187
1170080,3,5,1,1,1,2,4,4.1679
1170077,3,5,1,1,1,2,4,6.9343
1170082,3,5,1,1,1,2,4,4.464
1170093,3,5,1,1,1,2,4,3.3334
1180115,3,5,1,1,1,4,2,2.8435
1180120,3,5,1,1,1,4,2,3.043
1180122,3,5,1,1,1,4,2,2.6825
1180123,3,5,1,1,1,4,2,3.1156
1180128,3,5,1,1,1,4,2,3.6711
1180118,3,5,1,1,1,4,2,4.4648
1180116,3,5,1,1,1,4,2,4.1677
1180129,3,5,1,1,1,4,2,3.3333
1180125,3,5,1,1,1,4,2,3.8185
1180121,3,5,1,1,1,4,2,3.0748
1180131,3,5,1,1,1,4,2,3.0861
1180126,3,5,1,1,1,4,2,2.755
1180117,3,5,1,1,1,4,2,2.5328
1180114,3,5,1,1,1,4,2,2.6371
1180119,3,5,1,1,1,4,2,3.2607
1180130,3,5,1,1,1,4,2,4.3106
1180127,3,5,1,1,1,4,2,3.1995
1160567,3,5,1,1,1,4,3,2.6393
1160572,3,5,1,1,1,4,3,3.2631
1160574,3,5,1,1,1,4,3,3.0749
1160576,3,5,1,1,1,4,3,3.1179
1160581,3,5,1,1,1,4,3,3.6735
1160570,3,5,1,1,1,4,3,2.5329
1160568,3,5,1,1,1,4,3,2.8433
1160583,3,5,1,1,1,4,3,4.3084
1160584,3,5,1,1,1,4,3,3.0885
1160575,3,5,1,1,1,4,3,2.6803
1160573,3,5,1,1,1,4,3,3.0454
1160580,3,5,1,1,1,4,3,3.1996
1160578,3,5,1,1,1,4,3,3.8186
1160569,3,5,1,1,1,4,3,4.1678
1160566,3,5,1,1,1,4,3,6.9342
1160571,3,5,1,1,1,4,3,4.464
1160582,3,5,1,1,1,4,3,3.3334
1170115,3,5,1,1,1,4,4,2.6393
1170120,3,5,1,1,1,4,4,3.2631
1170122,3,5,1,1,1,4,4,3.0749
1170124,3,5,1,1,1,4,4,3.118
1170129,3,5,1,1,1,4,4,3.6736
1170118,3,5,1,1,1,4,4,2.5329
1170116,3,5,1,1,1,4,4,2.8434
1170131,3,5,1,1,1,4,4,4.3084
1170132,3,5,1,1,1,4,4,3.0885
1170123,3,5,1,1,1,4,4,2.6803
1170121,3,5,1,1,1,4,4,3.0454
1170128,3,5,1,1,1,4,4,3.1996
1170126,3,5,1,1,1,4,4,3.8187
1170117,3,5,1,1,1,4,4,4.1679
1170114,3,5,1,1,1,4,4,6.9343
1170119,3,5,1,1,1,4,4,4.464
1170130,3,5,1,1,1,4,4,3.3334
1180385,3,7,1,2,2,3,2,2.4081
1180390,3,7,1,2,2,3,2,2.8866
1180397,3,7,1,2,2,3,2,6.6485
1180378,3,7,1,2,2,3,2,2.365
1180388,3,7,1,2,2,3,2,2.653
1180387,3,7,1,2,2,3,2,2.7845
1180391,3,7,1,2,2,3,2,3.2063
1180395,3,7,1,2,2,3,2,3.1904
1180383,3,7,1,2,2,3,2,3.1473
1180396,3,7,1,2,2,3,2,3.2698
1180381,3,7,1,2,2,3,2,2.5804
1180379,3,7,1,2,2,3,2,2.1224
1180382,3,7,1,2,2,3,2,2.8344
1180393,3,7,1,2,2,3,2,2.5804
1180386,3,7,1,2,2,3,2,2.7709
1180384,3,7,1,2,2,3,2,2.1065
1180394,3,7,1,2,2,3,2,1.9682
1180380,3,7,1,2,2,3,2,2.789
1180377,3,7,1,2,2,3,2,3.0158
1180392,3,7,1,2,2,3,2,2.4489
1180389,3,7,1,2,2,3,2,3.3741
1160843,3,7,1,2,2,3,3,2.4059
1160848,3,7,1,2,2,3,3,2.8866
1160855,3,7,1,2,2,3,3,6.6485
1160836,3,7,1,2,2,3,3,2.3651
1160846,3,7,1,2,2,3,3,2.6531
1160845,3,7,1,2,2,3,3,2.7846
1160849,3,7,1,2,2,3,3,3.2064
1160853,3,7,1,2,2,3,3,3.1928
1160841,3,7,1,2,2,3,3,3.1474
1160854,3,7,1,2,2,3,3,3.2676
1160839,3,7,1,2,2,3,3,2.5805
1160837,3,7,1,2,2,3,3,2.1225
1160840,3,7,1,2,2,3,3,2.8345
1160851,3,7,1,2,2,3,3,2.5783
1160844,3,7,1,2,2,3,3,2.7733
1160842,3,7,1,2,2,3,3,2.1089
1160852,3,7,1,2,2,3,3,1.9683
1160838,3,7,1,2,2,3,3,2.7891
1160835,3,7,1,2,2,3,3,3.0159
1160850,3,7,1,2,2,3,3,2.4513
1160847,3,7,1,2,2,3,3,3.3742
1170391,3,7,1,2,2,3,4,2.4059
1170396,3,7,1,2,2,3,4,2.8867
1170403,3,7,1,2,2,3,4,6.6486
1170384,3,7,1,2,2,3,4,2.3651
1170394,3,7,1,2,2,3,4,2.6531
1170393,3,7,1,2,2,3,4,2.7846
1170397,3,7,1,2,2,3,4,3.2064
1170401,3,7,1,2,2,3,4,3.1928
1170389,3,7,1,2,2,3,4,3.1474
1170402,3,7,1,2,2,3,4,3.2676
1170387,3,7,1,2,2,3,4,2.5806
1170385,3,7,1,2,2,3,4,2.1225
1170388,3,7,1,2,2,3,4,2.8346
1170399,3,7,1,2,2,3,4,2.5783
1170392,3,7,1,2,2,3,4,2.7733
1170390,3,7,1,2,2,3,4,2.1089
1170400,3,7,1,2,2,3,4,1.9683
1170386,3,7,1,2,2,3,4,2.7892
1170383,3,7,1,2,2,3,4,3.0159
1170398,3,7,1,2,2,3,4,2.4513
1170395,3,7,1,2,2,3,4,3.3742
1180420,3,7,1,2,2,4,2,2.3809
1180425,3,7,1,2,2,4,2,3.2176
1180432,3,7,1,2,2,4,2,6.6507
1180413,3,7,1,2,2,4,2,2.3877
1180423,3,7,1,2,2,4,2,2.6553
1180422,3,7,1,2,2,4,2,2.7845
1180426,3,7,1,2,2,4,2,3.2063
1180430,3,7,1,2,2,4,2,3.1904
1180418,3,7,1,2,2,4,2,3.17
1180431,3,7,1,2,2,4,2,3.2675
1180416,3,7,1,2,2,4,2,2.5532
1180414,3,7,1,2,2,4,2,2.1224
1180417,3,7,1,2,2,4,2,2.8367
1180428,3,7,1,2,2,4,2,2.5804
1180421,3,7,1,2,2,4,2,2.7959
1180419,3,7,1,2,2,4,2,2.1088
1180429,3,7,1,2,2,4,2,1.9682
1180415,3,7,1,2,2,4,2,2.7913
1180412,3,7,1,2,2,4,2,3.0158
1180427,3,7,1,2,2,4,2,2.4489
1180424,3,7,1,2,2,4,2,3.3718
1160878,3,7,1,2,2,4,3,2.4059
1160883,3,7,1,2,2,4,3,2.8866
1160890,3,7,1,2,2,4,3,6.6485
1160871,3,7,1,2,2,4,3,2.3651
1160881,3,7,1,2,2,4,3,2.6531
1160880,3,7,1,2,2,4,3,2.7846
1160884,3,7,1,2,2,4,3,3.2064
1160888,3,7,1,2,2,4,3,3.1928
1160876,3,7,1,2,2,4,3,3.1474
1160889,3,7,1,2,2,4,3,3.2676
1160874,3,7,1,2,2,4,3,2.5805
1160872,3,7,1,2,2,4,3,2.1225
1160875,3,7,1,2,2,4,3,2.8345
1160886,3,7,1,2,2,4,3,2.5783
1160879,3,7,1,2,2,4,3,2.7733
1160877,3,7,1,2,2,4,3,2.1089
1160887,3,7,1,2,2,4,3,1.9683
1160873,3,7,1,2,2,4,3,2.7891
1160870,3,7,1,2,2,4,3,3.0159
1160885,3,7,1,2,2,4,3,2.4513
1160882,3,7,1,2,2,4,3,3.3742
1170426,3,7,1,2,2,4,4,2.4059
1170431,3,7,1,2,2,4,4,2.8867
1170438,3,7,1,2,2,4,4,6.6486
1170419,3,7,1,2,2,4,4,2.3651
1170429,3,7,1,2,2,4,4,2.6531
1170428,3,7,1,2,2,4,4,2.7846
1170432,3,7,1,2,2,4,4,3.2064
1170436,3,7,1,2,2,4,4,3.1928
1170424,3,7,1,2,2,4,4,3.1474
1170437,3,7,1,2,2,4,4,3.2676
1170422,3,7,1,2,2,4,4,2.5806
1170420,3,7,1,2,2,4,4,2.1225
1170423,3,7,1,2,2,4,4,2.8346
1170434,3,7,1,2,2,4,4,2.5783
1170427,3,7,1,2,2,4,4,2.7733
1170425,3,7,1,2,2,4,4,2.1089
1170435,3,7,1,2,2,4,4,1.9683
1170421,3,7,1,2,2,4,4,2.7892
1170418,3,7,1,2,2,4,4,3.0159
1170433,3,7,1,2,2,4,4,2.4513
1170430,3,7,1,2,2,4,4,3.3742
1180406,3,8,1,2,2,3,2,2.6802
1180411,3,8,1,2,2,3,2,2.7097
1180404,3,8,1,2,2,3,2,2.6303
1180410,3,8,1,2,2,3,2,2.3537
1180401,3,8,1,2,2,3,2,3.3945
1180408,3,8,1,2,2,3,2,2.4739
1180400,3,8,1,2,2,3,2,2.6847
1180407,3,8,1,2,2,3,2,2.7482
1180409,3,8,1,2,2,3,2,2.8004
1180403,3,8,1,2,2,3,2,6.9614
1180399,3,8,1,2,2,3,2,3.4104
1180405,3,8,1,2,2,3,2,3.5192
1160864,3,8,1,2,2,3,3,2.6803
1160869,3,8,1,2,2,3,3,2.7098
1160862,3,8,1,2,2,3,3,2.6304
1160868,3,8,1,2,2,3,3,2.356
1160859,3,8,1,2,2,3,3,3.3946
1160866,3,8,1,2,2,3,3,2.4739
1160858,3,8,1,2,2,3,3,2.6826
1160865,3,8,1,2,2,3,3,2.7483
1160867,3,8,1,2,2,3,3,2.8005
1160861,3,8,1,2,2,3,3,6.9615
1160857,3,8,1,2,2,3,3,3.4127
1160863,3,8,1,2,2,3,3,3.5193
1170412,3,8,1,2,2,3,4,2.6803
1170417,3,8,1,2,2,3,4,2.7098
1170410,3,8,1,2,2,3,4,2.6304
1170416,3,8,1,2,2,3,4,2.3561
1170407,3,8,1,2,2,3,4,3.3946
1170414,3,8,1,2,2,3,4,2.4739
1170406,3,8,1,2,2,3,4,2.6826
1170413,3,8,1,2,2,3,4,2.7484
1170415,3,8,1,2,2,3,4,2.8006
1170409,3,8,1,2,2,3,4,6.9615
1170405,3,8,1,2,2,3,4,3.4128
1170411,3,8,1,2,2,3,4,3.5193
1180441,3,8,1,2,2,4,2,2.6825
1180446,3,8,1,2,2,4,2,2.7097
1180439,3,8,1,2,2,4,2,2.6326
1180445,3,8,1,2,2,4,2,2.3559
1180436,3,8,1,2,2,4,2,3.3945
1180443,3,8,1,2,2,4,2,2.4716
1180435,3,8,1,2,2,4,2,2.6847
1180442,3,8,1,2,2,4,2,2.7482
1180444,3,8,1,2,2,4,2,2.8004
1180438,3,8,1,2,2,4,2,6.9614
1180434,3,8,1,2,2,4,2,3.4104
1180440,3,8,1,2,2,4,2,3.5101
1160899,3,8,1,2,2,4,3,2.6803
1160904,3,8,1,2,2,4,3,2.7098
1160897,3,8,1,2,2,4,3,2.6304
1160903,3,8,1,2,2,4,3,2.356
1160894,3,8,1,2,2,4,3,3.3946
1160901,3,8,1,2,2,4,3,2.4739
1160893,3,8,1,2,2,4,3,2.6826
1160900,3,8,1,2,2,4,3,2.7483
1160902,3,8,1,2,2,4,3,2.8005
1160896,3,8,1,2,2,4,3,6.9615
1160892,3,8,1,2,2,4,3,3.4127
1160898,3,8,1,2,2,4,3,3.5193
1170447,3,8,1,2,2,4,4,2.6803
1170452,3,8,1,2,2,4,4,2.7098
1170445,3,8,1,2,2,4,4,2.6304
1170451,3,8,1,2,2,4,4,2.3561
1170442,3,8,1,2,2,4,4,3.3946
1170449,3,8,1,2,2,4,4,2.4739
1170441,3,8,1,2,2,4,4,2.6826
1170448,3,8,1,2,2,4,4,2.7484
1170450,3,8,1,2,2,4,4,2.8006
1170444,3,8,1,2,2,4,4,6.9615
1170440,3,8,1,2,2,4,4,3.4128
1170446,3,8,1,2,2,4,4,3.5193
1180161,3,9,1,1,2,2,2,3.0861
1180152,3,9,1,1,2,2,2,3.6598
1180159,3,9,1,1,2,2,2,3.6371
1180169,3,9,1,1,2,2,2,2.7959
1180165,3,9,1,1,2,2,2,3.8412
1180167,3,9,1,1,2,2,2,3.1133
1180157,3,9,1,1,2,2,2,3.458
1180155,3,9,1,1,2,2,2,3.8367
1180153,3,9,1,1,2,2,2,2.5668
1180156,3,9,1,1,2,2,2,4.3695
1180164,3,9,1,1,2,2,2,3.7641
1180160,3,9,1,1,2,2,2,3.204
1180158,3,9,1,1,2,2,2,3.1065
1180168,3,9,1,1,2,2,2,3.4512
1180162,3,9,1,1,2,2,2,4.0158
1180154,3,9,1,1,2,2,2,2.7596
1180151,3,9,1,1,2,2,2,3.6303
1180166,3,9,1,1,2,2,2,3.2222
1180163,3,9,1,1,2,2,2,3.755
1160621,3,9,1,1,2,2,3,3.4694
1160604,3,9,1,1,2,2,3,3.6324
1160622,3,9,1,1,2,2,3,2.7823
1160611,3,9,1,1,2,2,3,3.1066
1160613,3,9,1,1,2,2,3,3.2064
1160620,3,9,1,1,2,2,3,3.1157
1160609,3,9,1,1,2,2,3,4.3719
1160616,3,9,1,1,2,2,3,3.7438
1160607,3,9,1,1,2,2,3,2.7483
1160605,3,9,1,1,2,2,3,3.6619
1160608,3,9,1,1,2,2,3,3.8359
1160617,3,9,1,1,2,2,3,3.7642
1160612,3,9,1,1,2,2,3,3.6395
1160610,3,9,1,1,2,2,3,3.4626
1160619,3,9,1,1,2,2,3,3.2222
1160614,3,9,1,1,2,2,3,3.0862
1160606,3,9,1,1,2,2,3,2.5828
1160603,3,9,1,1,2,2,3,4.6349
1160618,3,9,1,1,2,2,3,3.8458
1170169,3,9,1,1,2,2,4,3.4694
1170152,3,9,1,1,2,2,4,3.6325
1170170,3,9,1,1,2,2,4,2.7824
1170159,3,9,1,1,2,2,4,3.1066
1170161,3,9,1,1,2,2,4,3.2064
1170168,3,9,1,1,2,2,4,3.1157
1170157,3,9,1,1,2,2,4,4.3719
1170164,3,9,1,1,2,2,4,3.7438
1170155,3,9,1,1,2,2,4,2.7484
1170153,3,9,1,1,2,2,4,3.662
1170156,3,9,1,1,2,2,4,3.8359
1170165,3,9,1,1,2,2,4,3.7643
1170160,3,9,1,1,2,2,4,3.6395
1170158,3,9,1,1,2,2,4,3.4626
1170167,3,9,1,1,2,2,4,3.2223
1170162,3,9,1,1,2,2,4,3.0863
1170154,3,9,1,1,2,2,4,2.5828
1170151,3,9,1,1,2,2,4,4.635
1170166,3,9,1,1,2,2,4,3.8459
1180198,3,9,1,1,2,3,2,3.0884
1180189,3,9,1,1,2,3,2,3.6621
1180196,3,9,1,1,2,3,2,3.6394
1180206,3,9,1,1,2,3,2,2.7845
1180202,3,9,1,1,2,3,2,3.8457
1180204,3,9,1,1,2,3,2,3.1156
1180194,3,9,1,1,2,3,2,3.4625
1180192,3,9,1,1,2,3,2,3.8367
1180190,3,9,1,1,2,3,2,2.585
1180193,3,9,1,1,2,3,2,4.3718
1180201,3,9,1,1,2,3,2,3.7641
1180197,3,9,1,1,2,3,2,3.204
1180195,3,9,1,1,2,3,2,3.1065
1180205,3,9,1,1,2,3,2,3.4671
1180199,3,9,1,1,2,3,2,4.0339
1180191,3,9,1,1,2,3,2,2.746
1180188,3,9,1,1,2,3,2,3.6303
1180203,3,9,1,1,2,3,2,3.2222
1180200,3,9,1,1,2,3,2,3.7414
1160658,3,9,1,1,2,3,3,3.4694
1160641,3,9,1,1,2,3,3,3.6324
1160659,3,9,1,1,2,3,3,2.7823
1160648,3,9,1,1,2,3,3,3.1066
1160650,3,9,1,1,2,3,3,3.2064
1160657,3,9,1,1,2,3,3,3.1157
1160646,3,9,1,1,2,3,3,4.3719
1160653,3,9,1,1,2,3,3,3.7438
1160644,3,9,1,1,2,3,3,2.7483
1160642,3,9,1,1,2,3,3,3.6619
1160645,3,9,1,1,2,3,3,3.8359
1160654,3,9,1,1,2,3,3,3.7642
1160649,3,9,1,1,2,3,3,3.6395
1160647,3,9,1,1,2,3,3,3.4626
1160656,3,9,1,1,2,3,3,3.2222
1160651,3,9,1,1,2,3,3,3.0862
1160643,3,9,1,1,2,3,3,2.5828
1160640,3,9,1,1,2,3,3,4.6349
1160655,3,9,1,1,2,3,3,3.8458
1170206,3,9,1,1,2,3,4,3.4694
1170189,3,9,1,1,2,3,4,3.6325
1170207,3,9,1,1,2,3,4,2.7824
1170196,3,9,1,1,2,3,4,3.1066
1170198,3,9,1,1,2,3,4,3.2064
1170205,3,9,1,1,2,3,4,3.1157
1170194,3,9,1,1,2,3,4,4.3719
1170201,3,9,1,1,2,3,4,3.7438
1170192,3,9,1,1,2,3,4,2.7484
1170190,3,9,1,1,2,3,4,3.662
1170193,3,9,1,1,2,3,4,3.8359
1170202,3,9,1,1,2,3,4,3.7643
1170197,3,9,1,1,2,3,4,3.6395
1170195,3,9,1,1,2,3,4,3.4626
1170204,3,9,1,1,2,3,4,3.2223
1170199,3,9,1,1,2,3,4,3.0863
1170191,3,9,1,1,2,3,4,2.5828
1170188,3,9,1,1,2,3,4,4.635
1170203,3,9,1,1,2,3,4,3.8459
1180225,3,11,1,2,2,3,2,2.9455
1180231,3,11,1,2,2,3,2,3.2131
1180234,3,11,1,2,2,3,2,5.0045
1180235,3,11,1,2,2,3,2,2.3832
1180239,3,11,1,2,2,3,2,4.8049
1180228,3,11,1,2,2,3,2,2.6258
1180226,3,11,1,2,2,3,2,3.1473
1180240,3,11,1,2,2,3,2,3.9931
1180236,3,11,1,2,2,3,2,3.7845
1180232,3,11,1,2,2,3,2,2.6394
1180242,3,11,1,2,2,3,2,7.5033
1180237,3,11,1,2,2,3,2,2.6938
1180227,3,11,1,2,2,3,2,2.6462
1180224,3,11,1,2,2,3,2,3.4671
1180229,3,11,1,2,2,3,2,2.111
1180238,3,11,1,2,2,3,2,3.2743
1160679,3,11,1,2,2,3,3,2.959
1160685,3,11,1,2,2,3,3,3.2381
1160688,3,11,1,2,2,3,3,5.0295
1160689,3,11,1,2,2,3,3,2.3583
1160693,3,11,1,2,2,3,3,4.805
1160682,3,11,1,2,2,3,3,2.6531
1160680,3,11,1,2,2,3,3,3.1338
1160694,3,11,1,2,2,3,3,3.991
1160690,3,11,1,2,2,3,3,3.7846
1160686,3,11,1,2,2,3,3,2.6123
1160696,3,11,1,2,2,3,3,7.5034
1160691,3,11,1,2,2,3,3,2.6939
1160681,3,11,1,2,2,3,3,2.6463
1160678,3,11,1,2,2,3,3,3.4669
1160683,3,11,1,2,2,3,3,2.0839
1160692,3,11,1,2,2,3,3,3.2767
1170227,3,11,1,2,2,3,4,2.9591
1170233,3,11,1,2,2,3,4,3.2381
1170236,3,11,1,2,2,3,4,5.0296
1170237,3,11,1,2,2,3,4,2.3584
1170241,3,11,1,2,2,3,4,4.8051
1170230,3,11,1,2,2,3,4,2.6531
1170228,3,11,1,2,2,3,4,3.1338
1170242,3,11,1,2,2,3,4,3.991
1170238,3,11,1,2,2,3,4,3.7846
1170234,3,11,1,2,2,3,4,2.6123
1170244,3,11,1,2,2,3,4,7.5034
1170239,3,11,1,2,2,3,4,2.6939
1170229,3,11,1,2,2,3,4,2.6463
1170226,3,11,1,2,2,3,4,3.4669
1170231,3,11,1,2,2,3,4,2.0839
1170240,3,11,1,2,2,3,4,3.2767
1180266,3,11,1,2,2,4,2,2.9614
1180271,3,11,1,2,2,4,2,6.4784
1180273,3,11,1,2,2,4,2,2.6122
1180275,3,11,1,2,2,4,2,5.0022
1180279,3,11,1,2,2,4,2,3.3015
1180269,3,11,1,2,2,4,2,2.628
1180267,3,11,1,2,2,4,2,3.1065
1180280,3,11,1,2,2,4,2,4.8049
1180276,3,11,1,2,2,4,2,2.3854
1180272,3,11,1,2,2,4,2,3.2131
1180283,3,11,1,2,2,4,2,7.4784
1180277,3,11,1,2,2,4,2,2.7278
1180268,3,11,1,2,2,4,2,1.4625
1180265,3,11,1,2,2,4,2,3.4648
1180270,3,11,1,2,2,4,2,2.111
1180281,3,11,1,2,2,4,2,3.9909
1160722,3,11,1,2,2,4,3,2.959
1160728,3,11,1,2,2,4,3,3.2381
1160731,3,11,1,2,2,4,3,5.0295
1160732,3,11,1,2,2,4,3,2.3583
1160736,3,11,1,2,2,4,3,4.805
1160725,3,11,1,2,2,4,3,2.6531
1160723,3,11,1,2,2,4,3,3.1338
1160737,3,11,1,2,2,4,3,3.991
1160733,3,11,1,2,2,4,3,3.7846
1160729,3,11,1,2,2,4,3,2.6123
1160739,3,11,1,2,2,4,3,7.5034
1160734,3,11,1,2,2,4,3,2.6939
1160724,3,11,1,2,2,4,3,2.6463
1160721,3,11,1,2,2,4,3,3.4669
1160726,3,11,1,2,2,4,3,2.0839
1160735,3,11,1,2,2,4,3,3.2767
1170270,3,11,1,2,2,4,4,2.9591
1170276,3,11,1,2,2,4,4,3.2381
1170279,3,11,1,2,2,4,4,5.0296
1170280,3,11,1,2,2,4,4,2.3584
1170284,3,11,1,2,2,4,4,4.8051
1170273,3,11,1,2,2,4,4,2.6531
1170271,3,11,1,2,2,4,4,3.1338
1170285,3,11,1,2,2,4,4,3.991
1170281,3,11,1,2,2,4,4,3.7846
1170277,3,11,1,2,2,4,4,2.6123
1170287,3,11,1,2,2,4,4,7.5034
1170282,3,11,1,2,2,4,4,2.6939
1170272,3,11,1,2,2,4,4,2.6463
1170269,3,11,1,2,2,4,4,3.4669
1170274,3,11,1,2,2,4,4,2.0839
1170283,3,11,1,2,2,4,4,3.2767
154031137,3,11,2,11,2,1,2,4.4511
154031136,3,11,2,11,2,1,2,4.052
154031145,3,11,2,11,2,1,2,3.8864
154031129,3,11,2,11,2,1,2,3.4805
154031112,3,11,2,11,2,1,2,3.4193
154031103,3,11,2,11,2,1,2,3.0565
154031135,3,11,2,11,2,1,2,4.4783
154031160,3,11,2,11,2,1,2,3.1767
154031124,3,11,2,11,2,1,2,3.247
154031159,3,11,2,11,2,1,2,3.3853
154031105,3,11,2,11,2,1,2,3.374
154031111,3,11,2,11,2,1,2,3.5667
154031131,3,11,2,11,2,1,2,2.6234
154031154,3,11,2,11,2,1,2,3.6325
154031134,3,11,2,11,2,1,2,4.3059
154031144,3,11,2,11,2,1,2,2.8638
154031139,3,11,2,11,2,1,2,2.9114
154031108,3,11,2,11,2,1,2,3.3037
154031115,3,11,2,11,2,1,2,2.9205
154031133,3,11,2,11,2,1,2,3.0815
154031130,3,11,2,11,2,1,2,3.3762
154031150,3,11,2,11,2,1,2,2.5191
154031155,3,11,2,11,2,1,2,2.1812
154031119,3,11,2,11,2,1,2,4.0792
154031158,3,11,2,11,2,1,2,5.1926
154031128,3,11,2,11,2,1,2,2.9477
154031116,3,11,2,11,2,1,2,5.0157
154031106,3,11,2,11,2,1,2,2.6688
154031132,3,11,2,11,2,1,2,2.6597
154031117,3,11,2,11,2,1,2,2.7685
154031152,3,11,2,11,2,1,2,2.9726
154031122,3,11,2,11,2,1,2,3.4873
154031153,3,11,2,11,2,1,2,4.0293
154031109,3,11,2,11,2,1,2,3.7776
154031114,3,11,2,11,2,1,2,3.3105
154031127,3,11,2,11,2,1,2,3.2016
154031118,3,11,2,11,2,1,2,2.7572
154031146,3,11,2,11,2,1,2,3.1903
154031149,3,11,2,11,2,1,2,3.6257
154031142,3,11,2,11,2,1,2,4.5849
154031102,3,11,2,11,2,1,2,3.5622
154031113,3,11,2,11,2,1,2,4.3966
154031147,3,11,2,11,2,1,2,3.6937
154031126,3,11,2,11,2,1,2,3.4193
154031107,3,11,2,11,2,1,2,3.1404
154031125,3,11,2,11,2,1,2,3.12
154031138,3,11,2,11,2,1,2,3.6415
154031123,3,11,2,11,2,1,2,3.1132
154031120,3,11,2,11,2,1,2,3.281
154031110,3,11,2,11,2,1,2,2.9794
154031143,3,11,2,11,2,1,2,2.9681
154031156,3,11,2,11,2,1,2,2.7345
154031104,3,11,2,11,2,1,2,4.7164
154031101,3,11,2,11,2,1,2,3.7776
154031157,3,11,2,11,2,1,2,3.9726
154031151,3,11,2,11,2,1,2,2.061
154031148,3,11,2,11,2,1,2,2.2379
153031137,3,11,2,11,2,1,3,4.4511
153031136,3,11,2,11,2,1,3,4.052
153031145,3,11,2,11,2,1,3,3.8864
153031129,3,11,2,11,2,1,3,3.4805
153031112,3,11,2,11,2,1,3,3.4193
153031103,3,11,2,11,2,1,3,3.0565
153031135,3,11,2,11,2,1,3,4.4783
153031160,3,11,2,11,2,1,3,3.1767
153031124,3,11,2,11,2,1,3,3.247
153031159,3,11,2,11,2,1,3,3.3853
153031105,3,11,2,11,2,1,3,3.374
153031111,3,11,2,11,2,1,3,3.5667
153031131,3,11,2,11,2,1,3,2.6234
153031154,3,11,2,11,2,1,3,3.6325
153031134,3,11,2,11,2,1,3,4.3059
153031144,3,11,2,11,2,1,3,2.8638
153031139,3,11,2,11,2,1,3,2.9114
153031108,3,11,2,11,2,1,3,3.3037
153031115,3,11,2,11,2,1,3,2.9205
153031133,3,11,2,11,2,1,3,3.0815
153031130,3,11,2,11,2,1,3,3.3762
153031150,3,11,2,11,2,1,3,2.5191
153031155,3,11,2,11,2,1,3,2.1812
153031119,3,11,2,11,2,1,3,4.0792
153031158,3,11,2,11,2,1,3,5.1926
153031128,3,11,2,11,2,1,3,2.9477
153031116,3,11,2,11,2,1,3,5.0157
153031106,3,11,2,11,2,1,3,2.6688
153031132,3,11,2,11,2,1,3,2.6597
153031117,3,11,2,11,2,1,3,2.7685
153031152,3,11,2,11,2,1,3,2.9726
153031122,3,11,2,11,2,1,3,3.4873
153031153,3,11,2,11,2,1,3,4.0293
153031109,3,11,2,11,2,1,3,3.7776
153031114,3,11,2,11,2,1,3,3.3105
153031127,3,11,2,11,2,1,3,3.2016
153031118,3,11,2,11,2,1,3,2.7572
153031146,3,11,2,11,2,1,3,3.1903
153031149,3,11,2,11,2,1,3,3.6257
153031142,3,11,2,11,2,1,3,4.5849
153031102,3,11,2,11,2,1,3,3.5622
153031113,3,11,2,11,2,1,3,4.3966
153031147,3,11,2,11,2,1,3,3.6937
153031126,3,11,2,11,2,1,3,3.4193
153031107,3,11,2,11,2,1,3,3.1404
153031125,3,11,2,11,2,1,3,3.12
153031138,3,11,2,11,2,1,3,3.6415
153031123,3,11,2,11,2,1,3,3.1132
153031120,3,11,2,11,2,1,3,3.281
153031110,3,11,2,11,2,1,3,2.9794
153031143,3,11,2,11,2,1,3,2.9681
153031156,3,11,2,11,2,1,3,2.7345
153031104,3,11,2,11,2,1,3,4.7164
153031101,3,11,2,11,2,1,3,3.7776
153031157,3,11,2,11,2,1,3,3.9726
153031151,3,11,2,11,2,1,3,2.061
153031148,3,11,2,11,2,1,3,2.2379
155031137,3,11,2,11,2,1,4,4.5329
155031136,3,11,2,11,2,1,4,4.1338
155031145,3,11,2,11,2,1,4,3.9683
155031129,3,11,2,11,2,1,4,3.5624
155031112,3,11,2,11,2,1,4,3.5012
155031103,3,11,2,11,2,1,4,3.1384
155031135,3,11,2,11,2,1,4,4.5601
155031160,3,11,2,11,2,1,4,3.2586
155031124,3,11,2,11,2,1,4,3.3289
155031159,3,11,2,11,2,1,4,3.4672
155031105,3,11,2,11,2,1,4,3.4558
155031111,3,11,2,11,2,1,4,3.6486
155031131,3,11,2,11,2,1,4,2.7053
155031154,3,11,2,11,2,1,4,3.7143
155031134,3,11,2,11,2,1,4,4.3878
155031144,3,11,2,11,2,1,4,2.9456
155031139,3,11,2,11,2,1,4,2.9933
155031108,3,11,2,11,2,1,4,3.3856
155031115,3,11,2,11,2,1,4,3.0023
155031133,3,11,2,11,2,1,4,3.1633
155031130,3,11,2,11,2,1,4,3.4581
155031150,3,11,2,11,2,1,4,2.6009
155031155,3,11,2,11,2,1,4,2.2631
155031119,3,11,2,11,2,1,4,4.1611
155031158,3,11,2,11,2,1,4,5.2744
155031128,3,11,2,11,2,1,4,3.0296
155031116,3,11,2,11,2,1,4,5.0976
155031106,3,11,2,11,2,1,4,2.7506
155031132,3,11,2,11,2,1,4,2.7416
155031117,3,11,2,11,2,1,4,2.8504
155031152,3,11,2,11,2,1,4,3.0545
155031122,3,11,2,11,2,1,4,3.5692
155031153,3,11,2,11,2,1,4,4.1112
155031109,3,11,2,11,2,1,4,3.8594
155031114,3,11,2,11,2,1,4,3.3924
155031127,3,11,2,11,2,1,4,3.2835
155031118,3,11,2,11,2,1,4,2.8391
155031146,3,11,2,11,2,1,4,3.2722
155031149,3,11,2,11,2,1,4,3.7076
155031142,3,11,2,11,2,1,4,4.6668
155031102,3,11,2,11,2,1,4,3.6441
155031113,3,11,2,11,2,1,4,4.4785
155031147,3,11,2,11,2,1,4,3.7756
155031126,3,11,2,11,2,1,4,3.5012
155031107,3,11,2,11,2,1,4,3.2223
155031125,3,11,2,11,2,1,4,3.2019
155031138,3,11,2,11,2,1,4,3.7234
155031123,3,11,2,11,2,1,4,3.1951
155031120,3,11,2,11,2,1,4,3.3629
155031110,3,11,2,11,2,1,4,3.0612
155031143,3,11,2,11,2,1,4,3.0499
155031156,3,11,2,11,2,1,4,2.8164
155031104,3,11,2,11,2,1,4,4.7983
155031101,3,11,2,11,2,1,4,3.8594
155031157,3,11,2,11,2,1,4,4.0545
155031151,3,11,2,11,2,1,4,2.1429
155031148,3,11,2,11,2,1,4,2.3198
154041137,3,11,2,11,2,2,2,4.4511
154041136,3,11,2,11,2,2,2,4.052
154041145,3,11,2,11,2,2,2,3.8864
154041129,3,11,2,11,2,2,2,3.4805
154041112,3,11,2,11,2,2,2,3.4193
154041103,3,11,2,11,2,2,2,3.0565
154041135,3,11,2,11,2,2,2,4.4783
154041160,3,11,2,11,2,2,2,3.1767
154041124,3,11,2,11,2,2,2,3.247
154041159,3,11,2,11,2,2,2,3.3853
154041105,3,11,2,11,2,2,2,3.374
154041111,3,11,2,11,2,2,2,3.5667
154041131,3,11,2,11,2,2,2,2.6234
154041154,3,11,2,11,2,2,2,3.6325
154041134,3,11,2,11,2,2,2,4.3059
154041144,3,11,2,11,2,2,2,2.8638
154041139,3,11,2,11,2,2,2,2.9114
154041108,3,11,2,11,2,2,2,3.3037
154041115,3,11,2,11,2,2,2,2.9205
154041133,3,11,2,11,2,2,2,3.0815
154041130,3,11,2,11,2,2,2,3.3762
154041150,3,11,2,11,2,2,2,2.5191
154041155,3,11,2,11,2,2,2,2.1812
154041119,3,11,2,11,2,2,2,4.0792
154041158,3,11,2,11,2,2,2,5.1926
154041128,3,11,2,11,2,2,2,2.9477
154041116,3,11,2,11,2,2,2,5.0157
154041106,3,11,2,11,2,2,2,2.6688
154041132,3,11,2,11,2,2,2,2.6597
154041117,3,11,2,11,2,2,2,2.7685
154041152,3,11,2,11,2,2,2,2.9726
154041122,3,11,2,11,2,2,2,3.4873
154041153,3,11,2,11,2,2,2,4.0293
154041109,3,11,2,11,2,2,2,3.7776
154041114,3,11,2,11,2,2,2,3.3105
154041127,3,11,2,11,2,2,2,3.2016
154041118,3,11,2,11,2,2,2,2.7572
154041146,3,11,2,11,2,2,2,3.1903
154041149,3,11,2,11,2,2,2,3.6257
154041142,3,11,2,11,2,2,2,4.5849
154041102,3,11,2,11,2,2,2,3.5622
154041113,3,11,2,11,2,2,2,4.3966
154041147,3,11,2,11,2,2,2,3.6937
154041126,3,11,2,11,2,2,2,3.4193
154041107,3,11,2,11,2,2,2,3.1404
154041125,3,11,2,11,2,2,2,3.12
154041138,3,11,2,11,2,2,2,3.6415
154041123,3,11,2,11,2,2,2,3.1132
154041120,3,11,2,11,2,2,2,3.281
154041110,3,11,2,11,2,2,2,2.9794
154041143,3,11,2,11,2,2,2,2.9681
154041156,3,11,2,11,2,2,2,2.7345
154041104,3,11,2,11,2,2,2,4.7164
154041101,3,11,2,11,2,2,2,3.7776
154041157,3,11,2,11,2,2,2,3.9726
154041151,3,11,2,11,2,2,2,2.061
154041148,3,11,2,11,2,2,2,2.2379
153041137,3,11,2,11,2,2,3,4.4511
153041136,3,11,2,11,2,2,3,4.052
153041145,3,11,2,11,2,2,3,3.8864
153041129,3,11,2,11,2,2,3,3.4805
153041112,3,11,2,11,2,2,3,3.4193
153041103,3,11,2,11,2,2,3,3.0565
153041135,3,11,2,11,2,2,3,4.4783
153041160,3,11,2,11,2,2,3,3.1767
153041124,3,11,2,11,2,2,3,3.247
153041159,3,11,2,11,2,2,3,3.3853
153041105,3,11,2,11,2,2,3,3.374
153041111,3,11,2,11,2,2,3,3.5667
153041131,3,11,2,11,2,2,3,2.6234
153041154,3,11,2,11,2,2,3,3.6325
153041134,3,11,2,11,2,2,3,4.3059
153041144,3,11,2,11,2,2,3,2.8638
153041139,3,11,2,11,2,2,3,2.9114
153041108,3,11,2,11,2,2,3,3.3037
153041115,3,11,2,11,2,2,3,2.9205
153041133,3,11,2,11,2,2,3,3.0815
153041130,3,11,2,11,2,2,3,3.3762
153041150,3,11,2,11,2,2,3,2.5191
153041155,3,11,2,11,2,2,3,2.1812
153041119,3,11,2,11,2,2,3,4.0792
153041158,3,11,2,11,2,2,3,5.1926
153041128,3,11,2,11,2,2,3,2.9477
153041116,3,11,2,11,2,2,3,5.0157
153041106,3,11,2,11,2,2,3,2.6688
153041132,3,11,2,11,2,2,3,2.6597
153041117,3,11,2,11,2,2,3,2.7685
153041152,3,11,2,11,2,2,3,2.9726
153041122,3,11,2,11,2,2,3,3.4873
153041153,3,11,2,11,2,2,3,4.0293
153041109,3,11,2,11,2,2,3,3.7776
153041114,3,11,2,11,2,2,3,3.3105
153041127,3,11,2,11,2,2,3,3.2016
153041118,3,11,2,11,2,2,3,2.7572
153041146,3,11,2,11,2,2,3,3.1903
153041149,3,11,2,11,2,2,3,3.6257
153041142,3,11,2,11,2,2,3,4.5849
153041102,3,11,2,11,2,2,3,3.5622
153041113,3,11,2,11,2,2,3,4.3966
153041147,3,11,2,11,2,2,3,3.6937
153041126,3,11,2,11,2,2,3,3.4193
153041107,3,11,2,11,2,2,3,3.1404
153041125,3,11,2,11,2,2,3,3.12
153041138,3,11,2,11,2,2,3,3.6415
153041123,3,11,2,11,2,2,3,3.1132
153041120,3,11,2,11,2,2,3,3.281
153041110,3,11,2,11,2,2,3,2.9794
153041143,3,11,2,11,2,2,3,2.9681
153041156,3,11,2,11,2,2,3,2.7345
153041104,3,11,2,11,2,2,3,4.7164
153041101,3,11,2,11,2,2,3,3.7776
153041157,3,11,2,11,2,2,3,3.9726
153041151,3,11,2,11,2,2,3,2.061
153041148,3,11,2,11,2,2,3,2.2379
155041137,3,11,2,11,2,2,4,4.5329
155041136,3,11,2,11,2,2,4,4.1338
155041145,3,11,2,11,2,2,4,3.9683
155041129,3,11,2,11,2,2,4,3.5624
155041112,3,11,2,11,2,2,4,3.5012
155041103,3,11,2,11,2,2,4,3.1384
155041135,3,11,2,11,2,2,4,4.5601
155041160,3,11,2,11,2,2,4,3.2586
155041124,3,11,2,11,2,2,4,3.3289
155041159,3,11,2,11,2,2,4,3.4672
155041105,3,11,2,11,2,2,4,3.4558
155041111,3,11,2,11,2,2,4,3.6486
155041131,3,11,2,11,2,2,4,2.7053
155041154,3,11,2,11,2,2,4,3.7143
155041134,3,11,2,11,2,2,4,4.3878
155041144,3,11,2,11,2,2,4,2.9456
155041139,3,11,2,11,2,2,4,2.9933
155041108,3,11,2,11,2,2,4,3.3856
155041115,3,11,2,11,2,2,4,3.0023
155041133,3,11,2,11,2,2,4,3.1633
155041130,3,11,2,11,2,2,4,3.4581
155041150,3,11,2,11,2,2,4,2.6009
155041155,3,11,2,11,2,2,4,2.2631
155041119,3,11,2,11,2,2,4,4.1611
155041158,3,11,2,11,2,2,4,5.2744
155041128,3,11,2,11,2,2,4,3.0296
155041116,3,11,2,11,2,2,4,5.0976
155041106,3,11,2,11,2,2,4,2.7506
155041132,3,11,2,11,2,2,4,2.7416
155041117,3,11,2,11,2,2,4,2.8504
155041152,3,11,2,11,2,2,4,3.0545
155041122,3,11,2,11,2,2,4,3.5692
155041153,3,11,2,11,2,2,4,4.1112
155041109,3,11,2,11,2,2,4,3.8594
155041114,3,11,2,11,2,2,4,3.3924
155041127,3,11,2,11,2,2,4,3.2835
155041118,3,11,2,11,2,2,4,2.8391
155041146,3,11,2,11,2,2,4,3.2722
155041149,3,11,2,11,2,2,4,3.7076
155041142,3,11,2,11,2,2,4,4.6668
155041102,3,11,2,11,2,2,4,3.6441
155041113,3,11,2,11,2,2,4,4.4785
155041147,3,11,2,11,2,2,4,3.7756
155041126,3,11,2,11,2,2,4,3.5012
155041107,3,11,2,11,2,2,4,3.2223
155041125,3,11,2,11,2,2,4,3.2019
155041138,3,11,2,11,2,2,4,3.7234
155041123,3,11,2,11,2,2,4,3.1951
155041120,3,11,2,11,2,2,4,3.3629
155041110,3,11,2,11,2,2,4,3.0612
155041143,3,11,2,11,2,2,4,3.0499
155041156,3,11,2,11,2,2,4,2.8164
155041104,3,11,2,11,2,2,4,4.7983
155041101,3,11,2,11,2,2,4,3.8594
155041157,3,11,2,11,2,2,4,4.0545
155041151,3,11,2,11,2,2,4,2.1429
155041148,3,11,2,11,2,2,4,2.3198
148191129,3,11,4,5,2,3,2,1.2108
148191112,3,11,4,5,2,3,2,1.7709
148191111,3,11,4,5,2,3,2,1.628
148191142,3,11,4,5,2,3,2,2.0067
148191103,3,11,4,5,2,3,2,1.8548
148191128,3,11,4,5,2,3,2,2.0929
148191139,3,11,4,5,2,3,2,1.8095
148191132,3,11,4,5,2,3,2,2.1745
148191123,3,11,4,5,2,3,2,2.2516
148191105,3,11,4,5,2,3,2,3.1405
148191134,3,11,4,5,2,3,2,2.4965
148191136,3,11,4,5,2,3,2,2.17
148191127,3,11,4,5,2,3,2,3.1133
148191135,3,11,4,5,2,3,2,3.3741
148191119,3,11,4,5,2,3,2,2.8027
148191108,3,11,4,5,2,3,2,2.4512
148191115,3,11,4,5,2,3,2,1.8412
148191146,3,11,4,5,2,3,2,2.8049
148191149,3,11,4,5,2,3,2,5.8072
148191130,3,11,4,5,2,3,2,1.9659
148191116,3,11,4,5,2,3,2,1.297
148191131,3,11,4,5,2,3,2,2.3469
148191133,3,11,4,5,2,3,2,1.2856
148191117,3,11,4,5,2,3,2,2.1428
148191143,3,11,4,5,2,3,2,1.5283
148191121,3,11,4,5,2,3,2,2.1269
148191144,3,11,4,5,2,3,2,3.7414
148191109,3,11,4,5,2,3,2,3.0113
148191114,3,11,4,5,2,3,2,1.4875
148191126,3,11,4,5,2,3,2,1.5011
148191106,3,11,4,5,2,3,2,2.2448
148191118,3,11,4,5,2,3,2,2.0748
148191141,3,11,4,5,2,3,2,1.7301
148191150,3,11,4,5,2,3,2,2.6394
148191102,3,11,4,5,2,3,2,1.8072
148191113,3,11,4,5,2,3,2,1.4897
148191138,3,11,4,5,2,3,2,2.17
148191125,3,11,4,5,2,3,2,1.39
148191107,3,11,4,5,2,3,2,2.3287
148191124,3,11,4,5,2,3,2,1.8866
148191137,3,11,4,5,2,3,2,1.2494
148191122,3,11,4,5,2,3,2,1.6122
148191120,3,11,4,5,2,3,2,1.2448
148191110,3,11,4,5,2,3,2,1.3537
148191140,3,11,4,5,2,3,2,1.653
148191147,3,11,4,5,2,3,2,1.492
148191104,3,11,4,5,2,3,2,2.204
148191101,3,11,4,5,2,3,2,6.3922
148191148,3,11,4,5,2,3,2,0.7686
146191132,3,11,4,5,2,3,3,2.9319
146191106,3,11,4,5,2,3,3,1.8412
146191129,3,11,4,5,2,3,3,2.0884
146191133,3,11,4,5,2,3,3,2.2902
146191135,3,11,4,5,2,3,3,2.4852
146191140,3,11,4,5,2,3,3,1.8072
146191137,3,11,4,5,2,3,3,2.1791
146191143,3,11,4,5,2,3,3,2.009
146191109,3,11,4,5,2,3,3,2.2698
146191112,3,11,4,5,2,3,3,3.0135
146191113,3,11,4,5,2,3,3,1.331
146191134,3,11,4,5,2,3,3,1.297
146191136,3,11,4,5,2,3,3,3.3763
146191130,3,11,4,5,2,3,3,1.2131
146191151,3,11,4,5,2,3,3,2.6553
146191103,3,11,4,5,2,3,3,0.7641
146191149,3,11,4,5,2,3,3,0.7686
146191120,3,11,4,5,2,3,3,2.136
146191117,3,11,4,5,2,3,3,1.4602
146191131,3,11,4,5,2,3,3,1.9727
146191125,3,11,4,5,2,3,3,4.8208
146191118,3,11,4,5,2,3,3,1.8457
146191144,3,11,4,5,2,3,3,1.5283
146191122,3,11,4,5,2,3,3,1.746
146191145,3,11,4,5,2,3,3,3.7754
146191110,3,11,4,5,2,3,3,2.3106
146191115,3,11,4,5,2,3,3,1.7573
146191128,3,11,4,5,2,3,3,3.1201
146191107,3,11,4,5,2,3,3,2.2108
146191119,3,11,4,5,2,3,3,1.2902
146191138,3,11,4,5,2,3,3,1.2494
146191116,3,11,4,5,2,3,3,1.5237
146191141,3,11,4,5,2,3,3,1.6507
146191102,3,11,4,5,2,3,3,1.4739
146191114,3,11,4,5,2,3,3,1.6621
146191146,3,11,4,5,2,3,3,4.0135
146191127,3,11,4,5,2,3,3,1.5033
146191108,3,11,4,5,2,3,3,3.1337
146191126,3,11,4,5,2,3,3,1.4036
146191139,3,11,4,5,2,3,3,2.17
146191124,3,11,4,5,2,3,3,6.5215
146191121,3,11,4,5,2,3,3,2.0748
146191111,3,11,4,5,2,3,3,2.4444
146191142,3,11,4,5,2,3,3,1.7278
146191148,3,11,4,5,2,3,3,1.4965
146191105,3,11,4,5,2,3,3,0.9319
146191101,3,11,4,5,2,3,3,2.5169
146191150,3,11,4,5,2,3,3,5.7913
146191147,3,11,4,5,2,3,3,2.8049
150181130,3,11,4,5,2,3,4,2.9376
150181105,3,11,4,5,2,3,4,2.2501
150181127,3,11,4,5,2,3,4,2.0939
150181131,3,11,4,5,2,3,4,2.2626
150181133,3,11,4,5,2,3,4,2.4876
150181138,3,11,4,5,2,3,4,1.8126
150181135,3,11,4,5,2,3,4,2.1564
150181141,3,11,4,5,2,3,4,2.0126
150181108,3,11,4,5,2,3,4,3.0064
150181111,3,11,4,5,2,3,4,1.7751
150181112,3,11,4,5,2,3,4,1.4814
150181132,3,11,4,5,2,3,4,1.2939
150181134,3,11,4,5,2,3,4,3.3876
150181128,3,11,4,5,2,3,4,1.2126
150181149,3,11,4,5,2,3,4,2.6439
150181103,3,11,4,5,2,3,4,2.2064
150181147,3,11,4,5,2,3,4,0.7751
150181119,3,11,4,5,2,3,4,1.2064
150181116,3,11,4,5,2,3,4,2.1314
150181129,3,11,4,5,2,3,4,1.9751
150181123,3,11,4,5,2,3,4,1.9314
150181117,3,11,4,5,2,3,4,2.1001
150181142,3,11,4,5,2,3,4,1.5314
150181121,3,11,4,5,2,3,4,1.6064
150181143,3,11,4,5,2,3,4,3.7189
150181109,3,11,4,5,2,3,4,1.3251
150181114,3,11,4,5,2,3,4,1.8439
150181126,3,11,4,5,2,3,4,3.0564
150181106,3,11,4,5,2,3,4,2.3314
150181118,3,11,4,5,2,3,4,2.8876
150181136,3,11,4,5,2,3,4,1.2689
150181115,3,11,4,5,2,3,4,1.2876
150181139,3,11,4,5,2,3,4,1.6439
150181102,3,11,4,5,2,3,4,1.8501
150181113,3,11,4,5,2,3,4,1.5001
150181144,3,11,4,5,2,3,4,4.0689
150181125,3,11,4,5,2,3,4,1.4876
150181107,3,11,4,5,2,3,4,2.4501
150181124,3,11,4,5,2,3,4,1.4939
150181137,3,11,4,5,2,3,4,2.1501
150181122,3,11,4,5,2,3,4,2.1251
150181120,3,11,4,5,2,3,4,2.1314
150181110,3,11,4,5,2,3,4,1.6501
150181140,3,11,4,5,2,3,4,1.7376
150181146,3,11,4,5,2,3,4,1.4876
150181104,3,11,4,5,2,3,4,3.1376
150181101,3,11,4,5,2,3,4,1.8501
150181148,3,11,4,5,2,3,4,5.8001
150181145,3,11,4,5,2,3,4,2.8064
148201130,3,11,4,5,2,4,2,1.2902
148201105,3,11,4,5,2,4,2,2.2471
148201127,3,11,4,5,2,4,2,1.9727
148201131,3,11,4,5,2,4,2,2.4897
148201133,3,11,4,5,2,4,2,2.1723
148201138,3,11,4,5,2,4,2,1.7301
148201135,3,11,4,5,2,4,2,2.1723
148201141,3,11,4,5,2,4,2,0.7142
148201108,3,11,4,5,2,4,2,1.3287
148201111,3,11,4,5,2,4,2,1.7528
148201112,3,11,4,5,2,4,2,1.4897
148201132,3,11,4,5,2,4,2,3.3832
148201134,3,11,4,5,2,4,2,1.2448
148201128,3,11,4,5,2,4,2,2.331
148201148,3,11,4,5,2,4,2,2.6485
148201103,3,11,4,5,2,4,2,2.2154
148201147,3,11,4,5,2,4,2,5.7959
148201119,3,11,4,5,2,4,2,1.2244
148201116,3,11,4,5,2,4,2,2.1541
148201129,3,11,4,5,2,4,2,2.1904
148201123,3,11,4,5,2,4,2,1.492
148201117,3,11,4,5,2,4,2,2.0657
148201142,3,11,4,5,2,4,2,2.2879
148201121,3,11,4,5,2,4,2,1.848
148201143,3,11,4,5,2,4,2,4.0362
148201109,3,11,4,5,2,4,2,1.9183
148201114,3,11,4,5,2,4,2,1.8503
148201126,3,11,4,5,2,4,2,1.2063
148201106,3,11,4,5,2,4,2,2.331
148201118,3,11,4,5,2,4,2,2.8072
148201136,3,11,4,5,2,4,2,1.8117
148201115,3,11,4,5,2,4,2,1.2902
148201139,3,11,4,5,2,4,2,2.0135
148201102,3,11,4,5,2,4,2,1.7959
148201113,3,11,4,5,2,4,2,1.4897
148201144,3,11,4,5,2,4,2,2.8095
148201125,3,11,4,5,2,4,2,2.0884
148201107,3,11,4,5,2,4,2,2.4466
148201124,3,11,4,5,2,4,2,3.1337
148201137,3,11,4,5,2,4,2,1.6462
148201122,3,11,4,5,2,4,2,1.4104
148201120,3,11,4,5,2,4,2,6.2924
148201110,3,11,4,5,2,4,2,1.6666
148201140,3,11,4,5,2,4,2,1.526
148201146,3,11,4,5,2,4,2,0.7686
148201104,3,11,4,5,2,4,2,3.1269
148201101,3,11,4,5,2,4,2,0.9614
148201145,3,11,4,5,2,4,2,1.4875
146201130,3,11,4,5,2,4,3,1.2879
146201105,3,11,4,5,2,4,3,2.2924
146201127,3,11,4,5,2,4,3,1.9682
146201131,3,11,4,5,2,4,3,2.492
146201133,3,11,4,5,2,4,3,2.1768
146201138,3,11,4,5,2,4,3,1.7346
146201135,3,11,4,5,2,4,3,2.17
146201141,3,11,4,5,2,4,3,3.7664
146201108,3,11,4,5,2,4,3,1.3355
146201111,3,11,4,5,2,4,3,1.5011
146201112,3,11,4,5,2,4,3,1.5033
146201132,3,11,4,5,2,4,3,3.3763
146201134,3,11,4,5,2,4,3,1.2448
146201128,3,11,4,5,2,4,3,2.9455
146201148,3,11,4,5,2,4,3,2.0045
146201103,3,11,4,5,2,4,3,3.1541
146201147,3,11,4,5,2,4,3,2.6825
146201119,3,11,4,5,2,4,3,2.1178
146201116,3,11,4,5,2,4,3,2.077
146201129,3,11,4,5,2,4,3,2.2811
146201123,3,11,4,5,2,4,3,1.492
146201117,3,11,4,5,2,4,3,2.8117
146201142,3,11,4,5,2,4,3,4.0226
146201121,3,11,4,5,2,4,3,1.6938
146201143,3,11,4,5,2,4,3,2.8095
146201109,3,11,4,5,2,4,3,1.6711
146201114,3,11,4,5,2,4,3,1.2743
146201126,3,11,4,5,2,4,3,1.2085
146201106,3,11,4,5,2,4,3,2.4466
146201118,3,11,4,5,2,4,3,1.2085
146201136,3,11,4,5,2,4,3,1.8117
146201115,3,11,4,5,2,4,3,2.1745
146201139,3,11,4,5,2,4,3,2.0067
146201102,3,11,4,5,2,4,3,2.2063
146201113,3,11,4,5,2,4,3,1.8435
146201144,3,11,4,5,2,4,3,1.4943
146201125,3,11,4,5,2,4,3,2.0566
146201107,3,11,4,5,2,4,3,3.0113
146201124,3,11,4,5,2,4,3,3.17
146201137,3,11,4,5,2,4,3,1.653
146201122,3,11,4,5,2,4,3,1.4036
146201120,3,11,4,5,2,4,3,4.7913
146201110,3,11,4,5,2,4,3,1.7414
146201140,3,11,4,5,2,4,3,1.526
146201146,3,11,4,5,2,4,3,5.8004
146201104,3,11,4,5,2,4,3,2.263
146201101,3,11,4,5,2,4,3,1.8185
146201145,3,11,4,5,2,4,3,0.7686
150191130,3,11,4,5,2,4,4,2.8939
150191105,3,11,4,5,2,4,4,2.2876
150191127,3,11,4,5,2,4,4,2.0626
150191131,3,11,4,5,2,4,4,2.2939
150191133,3,11,4,5,2,4,4,2.5376
150191138,3,11,4,5,2,4,4,1.8251
150191135,3,11,4,5,2,4,4,2.1564
150191141,3,11,4,5,2,4,4,2.0126
150191108,3,11,4,5,2,4,4,1.3189
150191111,3,11,4,5,2,4,4,1.5126
150191112,3,11,4,5,2,4,4,1.5064
150191132,3,11,4,5,2,4,4,1.2939
150191134,3,11,4,5,2,4,4,3.3439
150191128,3,11,4,5,2,4,4,1.2189
150191149,3,11,4,5,2,4,4,2.6564
150191103,3,11,4,5,2,4,4,3.1626
150191147,3,11,4,5,2,4,4,0.7626
150191119,3,11,4,5,2,4,4,2.1251
150191116,3,11,4,5,2,4,4,2.0876
150191129,3,11,4,5,2,4,4,1.9876
150191123,3,11,4,5,2,4,4,1.9314
150191117,3,11,4,5,2,4,4,2.8126
150191142,3,11,4,5,2,4,4,1.5314
150191121,3,11,4,5,2,4,4,0.5814
150191143,3,11,4,5,2,4,4,3.7314
150191109,3,11,4,5,2,4,4,1.6689
150191114,3,11,4,5,2,4,4,1.2689
150191126,3,11,4,5,2,4,4,3.1564
150191106,3,11,4,5,2,4,4,2.4189
150191118,3,11,4,5,2,4,4,1.2126
150191136,3,11,4,5,2,4,4,1.2501
150191115,3,11,4,5,2,4,4,2.1001
150191139,3,11,4,5,2,4,4,1.6376
150191102,3,11,4,5,2,4,4,2.1814
150191113,3,11,4,5,2,4,4,1.8626
150191144,3,11,4,5,2,4,4,4.0501
150191125,3,11,4,5,2,4,4,1.4939
150191107,3,11,4,5,2,4,4,3.0126
150191124,3,11,4,5,2,4,4,1.4126
150191137,3,11,4,5,2,4,4,2.1689
150191122,3,11,4,5,2,4,4,0.8751
150191120,3,11,4,5,2,4,4,1.6126
150191110,3,11,4,5,2,4,4,1.7439
150191140,3,11,4,5,2,4,4,1.7251
150191146,3,11,4,5,2,4,4,1.4939
150191104,3,11,4,5,2,4,4,2.2876
150191101,3,11,4,5,2,4,4,1.9001
150191148,3,11,4,5,2,4,4,5.8001
154071505,3,15,2,11,1,3,2,2.8411
154071529,3,15,2,11,1,3,2,2.1132
154071530,3,15,2,11,1,3,2,2.3921
154071534,3,15,2,11,1,3,2,2.4919
154071535,3,15,2,11,1,3,2,2.9794
154071526,3,15,2,11,1,3,2,2.925
154071511,3,15,2,11,1,3,2,2.1722
154071523,3,15,2,11,1,3,2,2.4375
154071512,3,15,2,11,1,3,2,1.9341
154071528,3,15,2,11,1,3,2,1.9227
154071519,3,15,2,11,1,3,2,2.2946
154071516,3,15,2,11,1,3,2,2.1064
154071503,3,15,2,11,1,3,2,2.0293
154071539,3,15,2,11,1,3,2,2.5486
154071521,3,15,2,11,1,3,2,2.0951
154071537,3,15,2,11,1,3,2,2.7595
154071517,3,15,2,11,1,3,2,2.1245
154071536,3,15,2,11,1,3,2,2.5191
154071509,3,15,2,11,1,3,2,2.2198
154071514,3,15,2,11,1,3,2,2.891
154071506,3,15,2,11,1,3,2,3.0815
154071518,3,15,2,11,1,3,2,4.2765
154071515,3,15,2,11,1,3,2,2.3173
154071533,3,15,2,11,1,3,2,2.7368
154071508,3,15,2,11,1,3,2,2.7572
154071532,3,15,2,11,1,3,2,2.4783
154071502,3,15,2,11,1,3,2,3.3694
154071527,3,15,2,11,1,3,2,2.5531
154071513,3,15,2,11,1,3,2,2.3966
154071531,3,15,2,11,1,3,2,3.1971
154071525,3,15,2,11,1,3,2,2.1359
154071507,3,15,2,11,1,3,2,2.7957
154071524,3,15,2,11,1,3,2,2.4669
154071522,3,15,2,11,1,3,2,1.925
154071520,3,15,2,11,1,3,2,1.9907
154071510,3,15,2,11,1,3,2,3.0248
154071538,3,15,2,11,1,3,2,2.3694
154071504,3,15,2,11,1,3,2,3.8615
154071501,3,15,2,11,1,3,2,3.1812
153071505,3,15,2,11,1,3,3,2.8411
153071529,3,15,2,11,1,3,3,2.1132
153071530,3,15,2,11,1,3,3,2.3921
153071534,3,15,2,11,1,3,3,2.4919
153071535,3,15,2,11,1,3,3,2.9794
153071526,3,15,2,11,1,3,3,2.925
153071511,3,15,2,11,1,3,3,2.1722
153071523,3,15,2,11,1,3,3,2.4375
153071512,3,15,2,11,1,3,3,1.9341
153071528,3,15,2,11,1,3,3,1.9227
153071519,3,15,2,11,1,3,3,2.2946
153071516,3,15,2,11,1,3,3,2.1064
153071503,3,15,2,11,1,3,3,2.0293
153071539,3,15,2,11,1,3,3,2.5486
153071521,3,15,2,11,1,3,3,2.0951
153071537,3,15,2,11,1,3,3,2.7595
153071517,3,15,2,11,1,3,3,2.1245
153071536,3,15,2,11,1,3,3,2.5191
153071509,3,15,2,11,1,3,3,2.2198
153071514,3,15,2,11,1,3,3,2.891
153071506,3,15,2,11,1,3,3,3.0815
153071518,3,15,2,11,1,3,3,4.2765
153071515,3,15,2,11,1,3,3,2.3173
153071533,3,15,2,11,1,3,3,2.7368
153071508,3,15,2,11,1,3,3,2.7572
153071532,3,15,2,11,1,3,3,2.4783
153071502,3,15,2,11,1,3,3,3.3694
153071527,3,15,2,11,1,3,3,2.5531
153071513,3,15,2,11,1,3,3,2.3966
153071531,3,15,2,11,1,3,3,3.1971
153071525,3,15,2,11,1,3,3,2.1359
153071507,3,15,2,11,1,3,3,2.7957
153071524,3,15,2,11,1,3,3,2.4669
153071522,3,15,2,11,1,3,3,1.925
153071520,3,15,2,11,1,3,3,1.9907
153071510,3,15,2,11,1,3,3,3.0248
153071538,3,15,2,11,1,3,3,2.3694
153071504,3,15,2,11,1,3,3,3.8615
153071501,3,15,2,11,1,3,3,3.1812
155081505,3,15,2,11,1,3,4,2.9229
155081529,3,15,2,11,1,3,4,2.1951
155081530,3,15,2,11,1,3,4,2.474
155081534,3,15,2,11,1,3,4,2.5738
155081535,3,15,2,11,1,3,4,3.0612
155081526,3,15,2,11,1,3,4,3.0069
155081511,3,15,2,11,1,3,4,2.254
155081523,3,15,2,11,1,3,4,2.5193
155081512,3,15,2,11,1,3,4,2.0159
155081528,3,15,2,11,1,3,4,2.0046
155081519,3,15,2,11,1,3,4,2.3765
155081516,3,15,2,11,1,3,4,2.1883
155081503,3,15,2,11,1,3,4,2.1112
155081539,3,15,2,11,1,3,4,2.6304
155081521,3,15,2,11,1,3,4,2.1769
155081537,3,15,2,11,1,3,4,2.8413
155081517,3,15,2,11,1,3,4,2.2064
155081536,3,15,2,11,1,3,4,2.6009
155081509,3,15,2,11,1,3,4,2.3016
155081514,3,15,2,11,1,3,4,2.9728
155081506,3,15,2,11,1,3,4,3.1633
155081518,3,15,2,11,1,3,4,4.3583
155081515,3,15,2,11,1,3,4,2.3991
155081533,3,15,2,11,1,3,4,2.8186
155081508,3,15,2,11,1,3,4,2.8391
155081532,3,15,2,11,1,3,4,2.5601
155081502,3,15,2,11,1,3,4,3.4513
155081527,3,15,2,11,1,3,4,2.635
155081513,3,15,2,11,1,3,4,2.4785
155081531,3,15,2,11,1,3,4,3.2789
155081525,3,15,2,11,1,3,4,2.2178
155081507,3,15,2,11,1,3,4,2.8776
155081524,3,15,2,11,1,3,4,2.5488
155081522,3,15,2,11,1,3,4,2.0069
155081520,3,15,2,11,1,3,4,2.0726
155081510,3,15,2,11,1,3,4,3.1066
155081538,3,15,2,11,1,3,4,2.4513
155081504,3,15,2,11,1,3,4,3.9434
155081501,3,15,2,11,1,3,4,3.2631
154061505,3,15,2,11,2,3,2,2.8524
154061529,3,15,2,11,2,3,2,2.0928
154061530,3,15,2,11,2,3,2,2.4148
154061534,3,15,2,11,2,3,2,2.4919
154061535,3,15,2,11,2,3,2,2.993
154061526,3,15,2,11,2,3,2,2.9341
154061511,3,15,2,11,2,3,2,2.179
154061523,3,15,2,11,2,3,2,2.4352
154061512,3,15,2,11,2,3,2,1.925
154061528,3,15,2,11,2,3,2,1.9227
154061519,3,15,2,11,2,3,2,2.2855
154061516,3,15,2,11,2,3,2,2.1155
154061503,3,15,2,11,2,3,2,2.0316
154061539,3,15,2,11,2,3,2,2.5304
154061521,3,15,2,11,2,3,2,2.0928
154061537,3,15,2,11,2,3,2,2.7572
154061517,3,15,2,11,2,3,2,2.1177
154061536,3,15,2,11,2,3,2,2.5327
154061509,3,15,2,11,2,3,2,2.2198
154061514,3,15,2,11,2,3,2,2.2629
154061506,3,15,2,11,2,3,2,3.0837
154061518,3,15,2,11,2,3,2,3.6892
154061515,3,15,2,11,2,3,2,2.3082
154061533,3,15,2,11,2,3,2,2.7345
154061508,3,15,2,11,2,3,2,2.7572
154061532,3,15,2,11,2,3,2,2.4783
154061502,3,15,2,11,2,3,2,3.3558
154061527,3,15,2,11,2,3,2,2.5826
154061513,3,15,2,11,2,3,2,2.4148
154061531,3,15,2,11,2,3,2,3.2084
154061525,3,15,2,11,2,3,2,2.1155
154061507,3,15,2,11,2,3,2,2.798
154061524,3,15,2,11,2,3,2,2.4579
154061522,3,15,2,11,2,3,2,1.925
154061520,3,15,2,11,2,3,2,1.9477
154061510,3,15,2,11,2,3,2,3.0338
154061538,3,15,2,11,2,3,2,2.3536
154061504,3,15,2,11,2,3,2,3.8456
154061501,3,15,2,11,2,3,2,4.1815
153061505,3,15,2,11,2,3,3,2.8524
153061529,3,15,2,11,2,3,3,2.0928
153061530,3,15,2,11,2,3,3,2.4148
153061534,3,15,2,11,2,3,3,2.4919
153061535,3,15,2,11,2,3,3,2.993
153061526,3,15,2,11,2,3,3,2.9341
153061511,3,15,2,11,2,3,3,2.179
153061523,3,15,2,11,2,3,3,2.4352
153061512,3,15,2,11,2,3,3,1.925
153061528,3,15,2,11,2,3,3,1.9227
153061519,3,15,2,11,2,3,3,2.2855
153061516,3,15,2,11,2,3,3,2.1155
153061503,3,15,2,11,2,3,3,2.0316
153061539,3,15,2,11,2,3,3,2.5304
153061521,3,15,2,11,2,3,3,2.0928
153061537,3,15,2,11,2,3,3,2.7572
153061517,3,15,2,11,2,3,3,2.1177
153061536,3,15,2,11,2,3,3,2.5327
153061509,3,15,2,11,2,3,3,2.2198
153061514,3,15,2,11,2,3,3,2.2629
153061506,3,15,2,11,2,3,3,3.0837
153061518,3,15,2,11,2,3,3,3.6892
153061515,3,15,2,11,2,3,3,2.3082
153061533,3,15,2,11,2,3,3,2.7345
153061508,3,15,2,11,2,3,3,2.7572
153061532,3,15,2,11,2,3,3,2.4783
153061502,3,15,2,11,2,3,3,3.3558
153061527,3,15,2,11,2,3,3,2.5826
153061513,3,15,2,11,2,3,3,2.4148
153061531,3,15,2,11,2,3,3,3.2084
153061525,3,15,2,11,2,3,3,2.1155
153061507,3,15,2,11,2,3,3,2.798
153061524,3,15,2,11,2,3,3,2.4579
153061522,3,15,2,11,2,3,3,1.925
153061520,3,15,2,11,2,3,3,1.9477
153061510,3,15,2,11,2,3,3,3.0338
153061538,3,15,2,11,2,3,3,2.3536
153061504,3,15,2,11,2,3,3,3.8456
153061501,3,15,2,11,2,3,3,4.1815
155071505,3,15,2,11,2,3,4,2.9343
155071529,3,15,2,11,2,3,4,2.1747
155071530,3,15,2,11,2,3,4,2.4966
155071534,3,15,2,11,2,3,4,2.5738
155071535,3,15,2,11,2,3,4,3.0749
155071526,3,15,2,11,2,3,4,3.0159
155071511,3,15,2,11,2,3,4,2.2608
155071523,3,15,2,11,2,3,4,2.5171
155071512,3,15,2,11,2,3,4,2.0069
155071528,3,15,2,11,2,3,4,2.0046
155071519,3,15,2,11,2,3,4,2.3674
155071516,3,15,2,11,2,3,4,2.1973
155071503,3,15,2,11,2,3,4,2.1134
155071539,3,15,2,11,2,3,4,2.6123
155071521,3,15,2,11,2,3,4,2.1747
155071537,3,15,2,11,2,3,4,2.8391
155071517,3,15,2,11,2,3,4,2.1996
155071536,3,15,2,11,2,3,4,2.6146
155071509,3,15,2,11,2,3,4,2.3016
155071514,3,15,2,11,2,3,4,2.3448
155071506,3,15,2,11,2,3,4,3.1656
155071518,3,15,2,11,2,3,4,3.771
155071515,3,15,2,11,2,3,4,2.3901
155071533,3,15,2,11,2,3,4,2.8164
155071508,3,15,2,11,2,3,4,2.8391
155071532,3,15,2,11,2,3,4,2.5601
155071502,3,15,2,11,2,3,4,3.4377
155071527,3,15,2,11,2,3,4,2.6644
155071513,3,15,2,11,2,3,4,2.4966
155071531,3,15,2,11,2,3,4,3.2903
155071525,3,15,2,11,2,3,4,2.1973
155071507,3,15,2,11,2,3,4,2.8799
155071524,3,15,2,11,2,3,4,2.5398
155071522,3,15,2,11,2,3,4,2.0069
155071520,3,15,2,11,2,3,4,2.0296
155071510,3,15,2,11,2,3,4,3.1157
155071538,3,15,2,11,2,3,4,2.4354
155071504,3,15,2,11,2,3,4,3.9275
155071501,3,15,2,11,2,3,4,4.2634
154141505,3,15,2,13,1,4,2,2.8411
154141529,3,15,2,13,1,4,2,2.1132
154141530,3,15,2,13,1,4,2,2.3921
154141534,3,15,2,13,1,4,2,2.4919
154141535,3,15,2,13,1,4,2,2.9794
154141526,3,15,2,13,1,4,2,2.925
154141511,3,15,2,13,1,4,2,2.1722
154141523,3,15,2,13,1,4,2,2.4375
154141512,3,15,2,13,1,4,2,1.9341
154141528,3,15,2,13,1,4,2,1.9227
154141519,3,15,2,13,1,4,2,2.2946
154141516,3,15,2,13,1,4,2,2.1064
154141503,3,15,2,13,1,4,2,2.0293
154141539,3,15,2,13,1,4,2,2.5486
154141521,3,15,2,13,1,4,2,2.0951
154141537,3,15,2,13,1,4,2,2.7595
154141517,3,15,2,13,1,4,2,2.1245
154141536,3,15,2,13,1,4,2,2.5191
154141509,3,15,2,13,1,4,2,2.2198
154141514,3,15,2,13,1,4,2,2.891
154141506,3,15,2,13,1,4,2,3.0815
154141518,3,15,2,13,1,4,2,4.2765
154141515,3,15,2,13,1,4,2,2.3173
154141533,3,15,2,13,1,4,2,2.7368
154141508,3,15,2,13,1,4,2,2.7572
154141532,3,15,2,13,1,4,2,2.4783
154141502,3,15,2,13,1,4,2,3.3694
154141527,3,15,2,13,1,4,2,2.5531
154141513,3,15,2,13,1,4,2,2.3966
154141531,3,15,2,13,1,4,2,3.1971
154141525,3,15,2,13,1,4,2,2.1359
154141507,3,15,2,13,1,4,2,2.7957
154141524,3,15,2,13,1,4,2,2.4669
154141522,3,15,2,13,1,4,2,1.925
154141520,3,15,2,13,1,4,2,1.9907
154141510,3,15,2,13,1,4,2,3.0248
154141538,3,15,2,13,1,4,2,2.3694
154141504,3,15,2,13,1,4,2,3.8615
154141501,3,15,2,13,1,4,2,3.1812
153131505,3,15,2,13,1,4,3,2.8411
153131529,3,15,2,13,1,4,3,2.1132
153131530,3,15,2,13,1,4,3,2.3921
153131534,3,15,2,13,1,4,3,2.4919
153131535,3,15,2,13,1,4,3,2.9794
153131526,3,15,2,13,1,4,3,2.925
153131511,3,15,2,13,1,4,3,2.1722
153131523,3,15,2,13,1,4,3,2.4375
153131512,3,15,2,13,1,4,3,1.9341
153131528,3,15,2,13,1,4,3,1.9227
153131519,3,15,2,13,1,4,3,2.2946
153131516,3,15,2,13,1,4,3,2.1064
153131503,3,15,2,13,1,4,3,2.0293
153131539,3,15,2,13,1,4,3,2.5486
153131521,3,15,2,13,1,4,3,2.0951
153131537,3,15,2,13,1,4,3,2.7595
153131517,3,15,2,13,1,4,3,2.1245
153131536,3,15,2,13,1,4,3,2.5191
153131509,3,15,2,13,1,4,3,2.2198
153131514,3,15,2,13,1,4,3,2.891
153131506,3,15,2,13,1,4,3,3.0815
153131518,3,15,2,13,1,4,3,4.2765
153131515,3,15,2,13,1,4,3,2.3173
153131533,3,15,2,13,1,4,3,2.7368
153131508,3,15,2,13,1,4,3,2.7572
153131532,3,15,2,13,1,4,3,2.4783
153131502,3,15,2,13,1,4,3,3.3694
153131527,3,15,2,13,1,4,3,2.5531
153131513,3,15,2,13,1,4,3,2.3966
153131531,3,15,2,13,1,4,3,3.1971
153131525,3,15,2,13,1,4,3,2.1359
153131507,3,15,2,13,1,4,3,2.7957
153131524,3,15,2,13,1,4,3,2.4669
153131522,3,15,2,13,1,4,3,1.925
153131520,3,15,2,13,1,4,3,1.9907
153131510,3,15,2,13,1,4,3,3.0248
153131538,3,15,2,13,1,4,3,2.3694
153131504,3,15,2,13,1,4,3,3.8615
153131501,3,15,2,13,1,4,3,3.1812
155151505,3,15,2,13,1,4,4,2.9229
155151529,3,15,2,13,1,4,4,2.1951
155151530,3,15,2,13,1,4,4,2.474
155151534,3,15,2,13,1,4,4,2.5738
155151535,3,15,2,13,1,4,4,3.0612
155151526,3,15,2,13,1,4,4,3.0069
155151511,3,15,2,13,1,4,4,2.254
155151523,3,15,2,13,1,4,4,2.5193
155151512,3,15,2,13,1,4,4,2.0159
155151528,3,15,2,13,1,4,4,2.0046
155151519,3,15,2,13,1,4,4,2.3765
155151516,3,15,2,13,1,4,4,2.1883
155151503,3,15,2,13,1,4,4,2.1112
155151539,3,15,2,13,1,4,4,2.6304
155151521,3,15,2,13,1,4,4,2.1769
155151537,3,15,2,13,1,4,4,2.8413
155151517,3,15,2,13,1,4,4,2.2064
155151536,3,15,2,13,1,4,4,2.6009
155151509,3,15,2,13,1,4,4,2.3016
155151514,3,15,2,13,1,4,4,2.9728
155151506,3,15,2,13,1,4,4,3.1633
155151518,3,15,2,13,1,4,4,4.3583
155151515,3,15,2,13,1,4,4,2.3991
155151533,3,15,2,13,1,4,4,2.8186
155151508,3,15,2,13,1,4,4,2.8391
155151532,3,15,2,13,1,4,4,2.5601
155151502,3,15,2,13,1,4,4,3.4513
155151527,3,15,2,13,1,4,4,2.635
155151513,3,15,2,13,1,4,4,2.4785
155151531,3,15,2,13,1,4,4,3.2789
155151525,3,15,2,13,1,4,4,2.2178
155151507,3,15,2,13,1,4,4,2.8776
155151524,3,15,2,13,1,4,4,2.5488
155151522,3,15,2,13,1,4,4,2.0069
155151520,3,15,2,13,1,4,4,2.0726
155151510,3,15,2,13,1,4,4,3.1066
155151538,3,15,2,13,1,4,4,2.4513
155151504,3,15,2,13,1,4,4,3.9434
155151501,3,15,2,13,1,4,4,3.2631
154151505,3,15,2,14,2,4,2,2.8524
154151529,3,15,2,14,2,4,2,2.0928
154151530,3,15,2,14,2,4,2,2.4148
154151534,3,15,2,14,2,4,2,2.4919
154151535,3,15,2,14,2,4,2,2.993
154151526,3,15,2,14,2,4,2,2.9341
154151511,3,15,2,14,2,4,2,2.179
154151523,3,15,2,14,2,4,2,2.4352
154151512,3,15,2,14,2,4,2,1.925
154151528,3,15,2,14,2,4,2,1.9227
154151519,3,15,2,14,2,4,2,2.2855
154151516,3,15,2,14,2,4,2,2.1155
154151503,3,15,2,14,2,4,2,2.0316
154151539,3,15,2,14,2,4,2,2.5304
154151521,3,15,2,14,2,4,2,2.0928
154151537,3,15,2,14,2,4,2,2.7572
154151517,3,15,2,14,2,4,2,2.1177
154151536,3,15,2,14,2,4,2,2.5327
154151509,3,15,2,14,2,4,2,2.2198
154151514,3,15,2,14,2,4,2,2.2629
154151506,3,15,2,14,2,4,2,3.0837
154151518,3,15,2,14,2,4,2,3.6892
154151515,3,15,2,14,2,4,2,2.3082
154151533,3,15,2,14,2,4,2,2.7345
154151508,3,15,2,14,2,4,2,2.7572
154151532,3,15,2,14,2,4,2,2.4783
154151502,3,15,2,14,2,4,2,3.3558
154151527,3,15,2,14,2,4,2,2.5826
154151513,3,15,2,14,2,4,2,2.4148
154151531,3,15,2,14,2,4,2,3.2084
154151525,3,15,2,14,2,4,2,2.1155
154151507,3,15,2,14,2,4,2,2.798
154151524,3,15,2,14,2,4,2,2.4579
154151522,3,15,2,14,2,4,2,1.925
154151520,3,15,2,14,2,4,2,1.9477
154151510,3,15,2,14,2,4,2,3.0338
154151538,3,15,2,14,2,4,2,2.3536
154151504,3,15,2,14,2,4,2,3.8456
154151501,3,15,2,14,2,4,2,4.1815
153141505,3,15,2,14,2,4,3,2.8524
153141529,3,15,2,14,2,4,3,2.0928
153141530,3,15,2,14,2,4,3,2.4148
153141534,3,15,2,14,2,4,3,2.4919
153141535,3,15,2,14,2,4,3,2.993
153141526,3,15,2,14,2,4,3,2.9341
153141511,3,15,2,14,2,4,3,2.179
153141523,3,15,2,14,2,4,3,2.4352
153141512,3,15,2,14,2,4,3,1.925
153141528,3,15,2,14,2,4,3,1.9227
153141519,3,15,2,14,2,4,3,2.2855
153141516,3,15,2,14,2,4,3,2.1155
153141503,3,15,2,14,2,4,3,2.0316
153141539,3,15,2,14,2,4,3,2.5304
153141521,3,15,2,14,2,4,3,2.0928
153141537,3,15,2,14,2,4,3,2.7572
153141517,3,15,2,14,2,4,3,2.1177
153141536,3,15,2,14,2,4,3,2.5327
153141509,3,15,2,14,2,4,3,2.2198
153141514,3,15,2,14,2,4,3,2.2629
153141506,3,15,2,14,2,4,3,3.0837
153141518,3,15,2,14,2,4,3,3.6892
153141515,3,15,2,14,2,4,3,2.3082
153141533,3,15,2,14,2,4,3,2.7345
153141508,3,15,2,14,2,4,3,2.7572
153141532,3,15,2,14,2,4,3,2.4783
153141502,3,15,2,14,2,4,3,3.3558
153141527,3,15,2,14,2,4,3,2.5826
153141513,3,15,2,14,2,4,3,2.4148
153141531,3,15,2,14,2,4,3,3.2084
153141525,3,15,2,14,2,4,3,2.1155
153141507,3,15,2,14,2,4,3,2.798
153141524,3,15,2,14,2,4,3,2.4579
153141522,3,15,2,14,2,4,3,1.925
153141520,3,15,2,14,2,4,3,1.9477
153141510,3,15,2,14,2,4,3,3.0338
153141538,3,15,2,14,2,4,3,2.3536
153141504,3,15,2,14,2,4,3,3.8456
153141501,3,15,2,14,2,4,3,4.1815
155161505,3,15,2,14,2,4,4,2.9343
155161529,3,15,2,14,2,4,4,2.1747
155161530,3,15,2,14,2,4,4,2.4966
155161534,3,15,2,14,2,4,4,2.5738
155161535,3,15,2,14,2,4,4,3.0749
155161526,3,15,2,14,2,4,4,3.0159
155161511,3,15,2,14,2,4,4,2.2608
155161523,3,15,2,14,2,4,4,2.5171
155161512,3,15,2,14,2,4,4,2.0069
155161528,3,15,2,14,2,4,4,2.0046
155161519,3,15,2,14,2,4,4,2.3674
155161516,3,15,2,14,2,4,4,2.1973
155161503,3,15,2,14,2,4,4,2.1134
155161539,3,15,2,14,2,4,4,2.6123
155161521,3,15,2,14,2,4,4,2.1747
155161537,3,15,2,14,2,4,4,2.8391
155161517,3,15,2,14,2,4,4,2.1996
155161536,3,15,2,14,2,4,4,2.6146
155161509,3,15,2,14,2,4,4,2.3016
155161514,3,15,2,14,2,4,4,2.3448
155161506,3,15,2,14,2,4,4,3.1656
155161518,3,15,2,14,2,4,4,3.771
155161515,3,15,2,14,2,4,4,2.3901
155161533,3,15,2,14,2,4,4,2.8164
155161508,3,15,2,14,2,4,4,2.8391
155161532,3,15,2,14,2,4,4,2.5601
155161502,3,15,2,14,2,4,4,3.4377
155161527,3,15,2,14,2,4,4,2.6644
155161513,3,15,2,14,2,4,4,2.4966
155161531,3,15,2,14,2,4,4,3.2903
155161525,3,15,2,14,2,4,4,2.1973
155161507,3,15,2,14,2,4,4,2.8799
155161524,3,15,2,14,2,4,4,2.5398
155161522,3,15,2,14,2,4,4,2.0069
155161520,3,15,2,14,2,4,4,2.0296
155161510,3,15,2,14,2,4,4,3.1157
155161538,3,15,2,14,2,4,4,2.4354
155161504,3,15,2,14,2,4,4,3.9275
155161501,3,15,2,14,2,4,4,4.2634
154071603,3,16,2,11,1,3,2,2.3263
154071631,3,16,2,11,1,3,2,2.5463
154071614,3,16,2,11,1,3,2,2.739
154071611,3,16,2,11,1,3,2,3.222
154071629,3,16,2,11,1,3,2,2.9545
154071627,3,16,2,11,1,3,2,3.247
154071624,3,16,2,11,1,3,2,2.4647
154071612,3,16,2,11,1,3,2,3.408
154071618,3,16,2,11,1,3,2,2.2447
154071625,3,16,2,11,1,3,2,2.9023
154071606,3,16,2,11,1,3,2,2.7164
154071617,3,16,2,11,1,3,2,3.0316
154071609,3,16,2,11,1,3,2,3.0746
154071615,3,16,2,11,1,3,2,3.0542
154071626,3,16,2,11,1,3,2,2.3513
154071622,3,16,2,11,1,3,2,2.1517
154071602,3,16,2,11,1,3,2,3.408
154071632,3,16,2,11,1,3,2,2.5418
154071607,3,16,2,11,1,3,2,2.1767
154071605,3,16,2,11,1,3,2,2.6053
154071619,3,16,2,11,1,3,2,2.5395
154071630,3,16,2,11,1,3,2,2.5146
154071620,3,16,2,11,1,3,2,4.2356
154071610,3,16,2,11,1,3,2,2.5962
154071608,3,16,2,11,1,3,2,2.3286
154071628,3,16,2,11,1,3,2,4.0089
154071604,3,16,2,11,1,3,2,2.8003
154071601,3,16,2,11,1,3,2,3.4959
154071623,3,16,2,11,1,3,2,2.3468
154071616,3,16,2,11,1,3,2,2.6166
154071613,3,16,2,11,1,3,2,3.1903
153071603,3,16,2,11,1,3,3,2.3263
153071631,3,16,2,11,1,3,3,2.5463
153071614,3,16,2,11,1,3,3,2.739
153071611,3,16,2,11,1,3,3,3.222
153071629,3,16,2,11,1,3,3,2.9545
153071627,3,16,2,11,1,3,3,3.247
153071624,3,16,2,11,1,3,3,2.4647
153071612,3,16,2,11,1,3,3,3.408
153071618,3,16,2,11,1,3,3,2.2447
153071625,3,16,2,11,1,3,3,2.9023
153071606,3,16,2,11,1,3,3,2.7164
153071617,3,16,2,11,1,3,3,3.0316
153071609,3,16,2,11,1,3,3,3.0746
153071615,3,16,2,11,1,3,3,3.0542
153071626,3,16,2,11,1,3,3,2.3513
153071622,3,16,2,11,1,3,3,2.1517
153071602,3,16,2,11,1,3,3,3.408
153071632,3,16,2,11,1,3,3,2.5418
153071607,3,16,2,11,1,3,3,2.1767
153071605,3,16,2,11,1,3,3,2.6053
153071619,3,16,2,11,1,3,3,2.5395
153071630,3,16,2,11,1,3,3,2.5146
153071620,3,16,2,11,1,3,3,4.2356
153071610,3,16,2,11,1,3,3,2.5962
153071608,3,16,2,11,1,3,3,2.3286
153071628,3,16,2,11,1,3,3,4.0089
153071604,3,16,2,11,1,3,3,2.8003
153071601,3,16,2,11,1,3,3,3.4959
153071623,3,16,2,11,1,3,3,2.3468
153071616,3,16,2,11,1,3,3,2.6166
153071613,3,16,2,11,1,3,3,3.1903
155081603,3,16,2,11,1,3,4,2.4082
155081631,3,16,2,11,1,3,4,2.6282
155081614,3,16,2,11,1,3,4,2.8209
155081611,3,16,2,11,1,3,4,3.3039
155081629,3,16,2,11,1,3,4,3.0363
155081627,3,16,2,11,1,3,4,3.3289
155081624,3,16,2,11,1,3,4,2.5466
155081612,3,16,2,11,1,3,4,3.4899
155081618,3,16,2,11,1,3,4,2.3266
155081625,3,16,2,11,1,3,4,2.9842
155081606,3,16,2,11,1,3,4,2.7983
155081617,3,16,2,11,1,3,4,3.1134
155081609,3,16,2,11,1,3,4,3.1565
155081615,3,16,2,11,1,3,4,3.1361
155081626,3,16,2,11,1,3,4,2.4332
155081622,3,16,2,11,1,3,4,2.2336
155081602,3,16,2,11,1,3,4,3.4899
155081632,3,16,2,11,1,3,4,2.6236
155081607,3,16,2,11,1,3,4,2.2586
155081605,3,16,2,11,1,3,4,2.6871
155081619,3,16,2,11,1,3,4,2.6214
155081630,3,16,2,11,1,3,4,2.5964
155081620,3,16,2,11,1,3,4,4.3175
155081610,3,16,2,11,1,3,4,2.6781
155081608,3,16,2,11,1,3,4,2.4105
155081628,3,16,2,11,1,3,4,4.0908
155081604,3,16,2,11,1,3,4,2.8821
155081601,3,16,2,11,1,3,4,3.5778
155081623,3,16,2,11,1,3,4,2.4286
155081616,3,16,2,11,1,3,4,2.6984
155081613,3,16,2,11,1,3,4,3.2722
154081603,3,16,2,11,2,3,2,2.7889
154081630,3,16,2,11,2,3,2,2.535
154081614,3,16,2,11,2,3,2,3.0542
154081611,3,16,2,11,2,3,2,3.4125
154081628,3,16,2,11,2,3,2,2.9545
154081626,3,16,2,11,2,3,2,3.2538
154081629,3,16,2,11,2,3,2,2.5486
154081612,3,16,2,11,2,3,2,3.2084
154081618,3,16,2,11,2,3,2,2.5486
154081624,3,16,2,11,2,3,2,2.9023
154081606,3,16,2,11,2,3,2,2.1812
154081617,3,16,2,11,2,3,2,2.2334
154081609,3,16,2,11,2,3,2,2.6053
154081615,3,16,2,11,2,3,2,2.6438
154081625,3,16,2,11,2,3,2,2.3717
154081622,3,16,2,11,2,3,2,2.3581
154081602,3,16,2,11,2,3,2,2.3286
154081631,3,16,2,11,2,3,2,2.501
154081607,3,16,2,11,2,3,2,2.2833
154081605,3,16,2,11,2,3,2,2.7073
154081619,3,16,2,11,2,3,2,4.2198
154081621,3,16,2,11,2,3,2,2.1699
154081610,3,16,2,11,2,3,2,3.188
154081608,3,16,2,11,2,3,2,3.0973
154081627,3,16,2,11,2,3,2,3.959
154081604,3,16,2,11,2,3,2,2.6166
154081601,3,16,2,11,2,3,2,3.4488
154081623,3,16,2,11,2,3,2,2.4556
154081616,3,16,2,11,2,3,2,3.027
154081613,3,16,2,11,2,3,2,2.7572
153081603,3,16,2,11,2,3,3,2.7889
153081630,3,16,2,11,2,3,3,2.535
153081614,3,16,2,11,2,3,3,3.0542
153081611,3,16,2,11,2,3,3,3.4125
153081628,3,16,2,11,2,3,3,2.9545
153081626,3,16,2,11,2,3,3,3.2538
153081629,3,16,2,11,2,3,3,2.5486
153081612,3,16,2,11,2,3,3,3.2084
153081618,3,16,2,11,2,3,3,2.5486
153081624,3,16,2,11,2,3,3,2.9023
153081606,3,16,2,11,2,3,3,2.1812
153081617,3,16,2,11,2,3,3,2.2334
153081609,3,16,2,11,2,3,3,2.6053
153081615,3,16,2,11,2,3,3,2.6438
153081625,3,16,2,11,2,3,3,2.3717
153081622,3,16,2,11,2,3,3,2.3581
153081602,3,16,2,11,2,3,3,2.3286
153081631,3,16,2,11,2,3,3,2.501
153081607,3,16,2,11,2,3,3,2.2833
153081605,3,16,2,11,2,3,3,2.7073
153081619,3,16,2,11,2,3,3,4.2198
153081621,3,16,2,11,2,3,3,2.1699
153081610,3,16,2,11,2,3,3,3.188
153081608,3,16,2,11,2,3,3,3.0973
153081627,3,16,2,11,2,3,3,3.959
153081604,3,16,2,11,2,3,3,2.6166
153081601,3,16,2,11,2,3,3,3.4488
153081623,3,16,2,11,2,3,3,2.4556
153081616,3,16,2,11,2,3,3,3.027
153081613,3,16,2,11,2,3,3,2.7572
155091603,3,16,2,11,2,3,4,2.8708
155091630,3,16,2,11,2,3,4,2.6168
155091614,3,16,2,11,2,3,4,3.1361
155091611,3,16,2,11,2,3,4,3.4944
155091628,3,16,2,11,2,3,4,3.0363
155091626,3,16,2,11,2,3,4,3.3356
155091629,3,16,2,11,2,3,4,2.6304
155091612,3,16,2,11,2,3,4,3.2903
155091618,3,16,2,11,2,3,4,2.6304
155091624,3,16,2,11,2,3,4,2.9842
155091606,3,16,2,11,2,3,4,2.2631
155091617,3,16,2,11,2,3,4,2.3152
155091609,3,16,2,11,2,3,4,2.6871
155091615,3,16,2,11,2,3,4,2.7257
155091625,3,16,2,11,2,3,4,2.4536
155091622,3,16,2,11,2,3,4,2.4399
155091602,3,16,2,11,2,3,4,2.4105
155091631,3,16,2,11,2,3,4,2.5828
155091607,3,16,2,11,2,3,4,2.3651
155091605,3,16,2,11,2,3,4,2.7892
155091619,3,16,2,11,2,3,4,4.3016
155091621,3,16,2,11,2,3,4,2.2518
155091610,3,16,2,11,2,3,4,3.2699
155091608,3,16,2,11,2,3,4,3.1792
155091627,3,16,2,11,2,3,4,4.0409
155091604,3,16,2,11,2,3,4,2.6984
155091601,3,16,2,11,2,3,4,3.5307
155091623,3,16,2,11,2,3,4,2.5375
155091616,3,16,2,11,2,3,4,3.1089
155091613,3,16,2,11,2,3,4,2.8391
154141603,3,16,2,13,1,4,2,2.3263
154141631,3,16,2,13,1,4,2,2.5463
154141614,3,16,2,13,1,4,2,2.739
154141611,3,16,2,13,1,4,2,3.222
154141629,3,16,2,13,1,4,2,2.9545
154141627,3,16,2,13,1,4,2,3.247
154141624,3,16,2,13,1,4,2,2.4647
154141612,3,16,2,13,1,4,2,3.408
154141618,3,16,2,13,1,4,2,2.2447
154141625,3,16,2,13,1,4,2,2.9023
154141606,3,16,2,13,1,4,2,2.7164
154141617,3,16,2,13,1,4,2,3.0316
154141609,3,16,2,13,1,4,2,3.0746
154141615,3,16,2,13,1,4,2,3.0542
154141626,3,16,2,13,1,4,2,2.3513
154141622,3,16,2,13,1,4,2,2.1517
154141602,3,16,2,13,1,4,2,3.408
154141632,3,16,2,13,1,4,2,2.5418
154141607,3,16,2,13,1,4,2,2.1767
154141605,3,16,2,13,1,4,2,2.6053
154141619,3,16,2,13,1,4,2,2.5395
154141630,3,16,2,13,1,4,2,2.5146
154141620,3,16,2,13,1,4,2,4.2356
154141610,3,16,2,13,1,4,2,2.5962
154141608,3,16,2,13,1,4,2,2.3286
154141628,3,16,2,13,1,4,2,4.0089
154141604,3,16,2,13,1,4,2,2.8003
154141601,3,16,2,13,1,4,2,3.4959
154141623,3,16,2,13,1,4,2,2.3468
154141616,3,16,2,13,1,4,2,2.6166
154141613,3,16,2,13,1,4,2,3.1903
153131603,3,16,2,13,1,4,3,2.3263
153131631,3,16,2,13,1,4,3,2.5463
153131614,3,16,2,13,1,4,3,2.739
153131611,3,16,2,13,1,4,3,3.222
153131629,3,16,2,13,1,4,3,2.9545
153131627,3,16,2,13,1,4,3,3.247
153131624,3,16,2,13,1,4,3,2.4647
153131612,3,16,2,13,1,4,3,3.408
153131618,3,16,2,13,1,4,3,2.2447
153131625,3,16,2,13,1,4,3,2.9023
153131606,3,16,2,13,1,4,3,2.7164
153131617,3,16,2,13,1,4,3,3.0316
153131609,3,16,2,13,1,4,3,3.0746
153131615,3,16,2,13,1,4,3,3.0542
153131626,3,16,2,13,1,4,3,2.3513
153131622,3,16,2,13,1,4,3,2.1517
153131602,3,16,2,13,1,4,3,3.408
153131632,3,16,2,13,1,4,3,2.5418
153131607,3,16,2,13,1,4,3,2.1767
153131605,3,16,2,13,1,4,3,2.6053
153131619,3,16,2,13,1,4,3,2.5395
153131630,3,16,2,13,1,4,3,2.5146
153131620,3,16,2,13,1,4,3,4.2356
153131610,3,16,2,13,1,4,3,2.5962
153131608,3,16,2,13,1,4,3,2.3286
153131628,3,16,2,13,1,4,3,4.0089
153131604,3,16,2,13,1,4,3,2.8003
153131601,3,16,2,13,1,4,3,3.4959
153131623,3,16,2,13,1,4,3,2.3468
153131616,3,16,2,13,1,4,3,2.6166
153131613,3,16,2,13,1,4,3,3.1903
155151603,3,16,2,13,1,4,4,2.4082
155151631,3,16,2,13,1,4,4,2.6282
155151614,3,16,2,13,1,4,4,2.8209
155151611,3,16,2,13,1,4,4,3.3039
155151629,3,16,2,13,1,4,4,3.0363
155151627,3,16,2,13,1,4,4,3.3289
155151624,3,16,2,13,1,4,4,2.5466
155151612,3,16,2,13,1,4,4,3.4899
155151618,3,16,2,13,1,4,4,2.3266
155151625,3,16,2,13,1,4,4,2.9842
155151606,3,16,2,13,1,4,4,2.7983
155151617,3,16,2,13,1,4,4,3.1134
155151609,3,16,2,13,1,4,4,3.1565
155151615,3,16,2,13,1,4,4,3.1361
155151626,3,16,2,13,1,4,4,2.4332
155151622,3,16,2,13,1,4,4,2.2336
155151602,3,16,2,13,1,4,4,3.4899
155151632,3,16,2,13,1,4,4,2.6236
155151607,3,16,2,13,1,4,4,2.2586
155151605,3,16,2,13,1,4,4,2.6871
155151619,3,16,2,13,1,4,4,2.6214
155151630,3,16,2,13,1,4,4,2.5964
155151620,3,16,2,13,1,4,4,4.3175
155151610,3,16,2,13,1,4,4,2.6781
155151608,3,16,2,13,1,4,4,2.4105
155151628,3,16,2,13,1,4,4,4.0908
155151604,3,16,2,13,1,4,4,2.8821
155151601,3,16,2,13,1,4,4,3.5778
155151623,3,16,2,13,1,4,4,2.4286
155151616,3,16,2,13,1,4,4,2.6984
155151613,3,16,2,13,1,4,4,3.2722
154161603,3,16,2,15,2,4,2,2.7889
154161630,3,16,2,15,2,4,2,2.535
154161614,3,16,2,15,2,4,2,3.0542
154161611,3,16,2,15,2,4,2,3.4125
154161628,3,16,2,15,2,4,2,2.9545
154161626,3,16,2,15,2,4,2,3.2538
154161629,3,16,2,15,2,4,2,2.5486
154161612,3,16,2,15,2,4,2,3.2084
154161618,3,16,2,15,2,4,2,2.5486
154161624,3,16,2,15,2,4,2,2.9023
154161606,3,16,2,15,2,4,2,2.1812
154161617,3,16,2,15,2,4,2,2.2334
154161609,3,16,2,15,2,4,2,2.6053
154161615,3,16,2,15,2,4,2,2.6438
154161625,3,16,2,15,2,4,2,2.3717
154161622,3,16,2,15,2,4,2,2.3581
154161602,3,16,2,15,2,4,2,2.3286
154161631,3,16,2,15,2,4,2,2.501
154161607,3,16,2,15,2,4,2,2.2833
154161605,3,16,2,15,2,4,2,2.7073
154161619,3,16,2,15,2,4,2,4.2198
154161621,3,16,2,15,2,4,2,2.1699
154161610,3,16,2,15,2,4,2,3.188
154161608,3,16,2,15,2,4,2,3.0973
154161627,3,16,2,15,2,4,2,3.959
154161604,3,16,2,15,2,4,2,2.6166
154161601,3,16,2,15,2,4,2,3.4488
154161623,3,16,2,15,2,4,2,2.4556
154161616,3,16,2,15,2,4,2,3.027
154161613,3,16,2,15,2,4,2,2.7572
153151603,3,16,2,15,2,4,3,2.7889
153151630,3,16,2,15,2,4,3,2.535
153151614,3,16,2,15,2,4,3,3.0542
153151611,3,16,2,15,2,4,3,3.4125
153151628,3,16,2,15,2,4,3,2.9545
153151626,3,16,2,15,2,4,3,3.2538
153151629,3,16,2,15,2,4,3,2.5486
153151612,3,16,2,15,2,4,3,3.2084
153151618,3,16,2,15,2,4,3,2.5486
153151624,3,16,2,15,2,4,3,2.9023
153151606,3,16,2,15,2,4,3,2.1812
153151617,3,16,2,15,2,4,3,2.2334
153151609,3,16,2,15,2,4,3,2.6053
153151615,3,16,2,15,2,4,3,2.6438
153151625,3,16,2,15,2,4,3,2.3717
153151622,3,16,2,15,2,4,3,2.3581
153151602,3,16,2,15,2,4,3,2.3286
153151631,3,16,2,15,2,4,3,2.501
153151607,3,16,2,15,2,4,3,2.2833
153151605,3,16,2,15,2,4,3,2.7073
153151619,3,16,2,15,2,4,3,4.2198
153151621,3,16,2,15,2,4,3,2.1699
153151610,3,16,2,15,2,4,3,3.188
153151608,3,16,2,15,2,4,3,3.0973
153151627,3,16,2,15,2,4,3,3.959
153151604,3,16,2,15,2,4,3,2.6166
153151601,3,16,2,15,2,4,3,3.4488
153151623,3,16,2,15,2,4,3,2.4556
153151616,3,16,2,15,2,4,3,3.027
153151613,3,16,2,15,2,4,3,2.7572
155171603,3,16,2,15,2,4,4,2.8708
155171630,3,16,2,15,2,4,4,2.6168
155171614,3,16,2,15,2,4,4,3.1361
155171611,3,16,2,15,2,4,4,3.4944
155171628,3,16,2,15,2,4,4,3.0363
155171626,3,16,2,15,2,4,4,3.3356
155171629,3,16,2,15,2,4,4,2.6304
155171612,3,16,2,15,2,4,4,3.2903
155171618,3,16,2,15,2,4,4,2.6304
155171624,3,16,2,15,2,4,4,2.9842
155171606,3,16,2,15,2,4,4,2.2631
155171617,3,16,2,15,2,4,4,2.3152
155171609,3,16,2,15,2,4,4,2.6871
155171615,3,16,2,15,2,4,4,2.7257
155171625,3,16,2,15,2,4,4,2.4536
155171622,3,16,2,15,2,4,4,2.4399
155171602,3,16,2,15,2,4,4,2.4105
155171631,3,16,2,15,2,4,4,2.5828
155171607,3,16,2,15,2,4,4,2.3651
155171605,3,16,2,15,2,4,4,2.7892
155171619,3,16,2,15,2,4,4,4.3016
155171621,3,16,2,15,2,4,4,2.2518
155171610,3,16,2,15,2,4,4,3.2699
155171608,3,16,2,15,2,4,4,3.1792
155171627,3,16,2,15,2,4,4,4.0409
155171604,3,16,2,15,2,4,4,2.6984
155171601,3,16,2,15,2,4,4,3.5307
155171623,3,16,2,15,2,4,4,2.5375
155171616,3,16,2,15,2,4,4,3.1089
155171613,3,16,2,15,2,4,4,2.8391
154081734,3,17,2,11,2,3,2,6.9658
154081723,3,17,2,11,2,3,2,2.4987
154081718,3,17,2,11,2,3,2,2.7141
154081733,3,17,2,11,2,3,2,2.4511
154081725,3,17,2,11,2,3,2,3.247
154081717,3,17,2,11,2,3,2,2.7617
154081712,3,17,2,11,2,3,2,3.5667
154081703,3,17,2,11,2,3,2,3.8842
154081713,3,17,2,11,2,3,2,4.0769
154081732,3,17,2,11,2,3,2,2.6347
154081730,3,17,2,11,2,3,2,2.501
154081738,3,17,2,11,2,3,2,6.8638
154081736,3,17,2,11,2,3,2,3.0951
154081731,3,17,2,11,2,3,2,3.1608
154081735,3,17,2,11,2,3,2,2.7164
154081710,3,17,2,11,2,3,2,2.8411
154081715,3,17,2,11,2,3,2,3.0973
154081706,3,17,2,11,2,3,2,3.5917
154081719,3,17,2,11,2,3,2,2.3898
154081716,3,17,2,11,2,3,2,4.2855
154081709,3,17,2,11,2,3,2,3.4171
154081729,3,17,2,11,2,3,2,3.8547
154081702,3,17,2,11,2,3,2,3.1359
154081714,3,17,2,11,2,3,2,3.696
154081728,3,17,2,11,2,3,2,3.086
154081727,3,17,2,11,2,3,2,2.188
154081708,3,17,2,11,2,3,2,3.5168
154081726,3,17,2,11,2,3,2,4.3468
154081705,3,17,2,11,2,3,2,6.5849
154081721,3,17,2,11,2,3,2,4.6121
154081724,3,17,2,11,2,3,2,3.6098
154081722,3,17,2,11,2,3,2,2.1994
154081711,3,17,2,11,2,3,2,2.1903
154081737,3,17,2,11,2,3,2,3.0996
154081704,3,17,2,11,2,3,2,3.2742
154081701,3,17,2,11,2,3,2,3.4556
153081734,3,17,2,11,2,3,3,6.9658
153081723,3,17,2,11,2,3,3,2.4987
153081718,3,17,2,11,2,3,3,2.7141
153081733,3,17,2,11,2,3,3,2.4511
153081725,3,17,2,11,2,3,3,3.247
153081717,3,17,2,11,2,3,3,2.7617
153081712,3,17,2,11,2,3,3,3.5667
153081703,3,17,2,11,2,3,3,3.8842
153081713,3,17,2,11,2,3,3,4.0769
153081732,3,17,2,11,2,3,3,2.6347
153081730,3,17,2,11,2,3,3,2.501
153081738,3,17,2,11,2,3,3,6.8638
153081736,3,17,2,11,2,3,3,3.0951
153081731,3,17,2,11,2,3,3,3.1608
153081735,3,17,2,11,2,3,3,2.7164
153081710,3,17,2,11,2,3,3,2.8411
153081715,3,17,2,11,2,3,3,3.0973
153081706,3,17,2,11,2,3,3,3.5917
153081719,3,17,2,11,2,3,3,2.3898
153081716,3,17,2,11,2,3,3,4.2855
153081709,3,17,2,11,2,3,3,3.4171
153081729,3,17,2,11,2,3,3,3.8547
153081702,3,17,2,11,2,3,3,3.1359
153081714,3,17,2,11,2,3,3,3.696
153081728,3,17,2,11,2,3,3,3.086
153081727,3,17,2,11,2,3,3,2.188
153081708,3,17,2,11,2,3,3,3.5168
153081726,3,17,2,11,2,3,3,4.3468
153081705,3,17,2,11,2,3,3,6.5849
153081721,3,17,2,11,2,3,3,4.6121
153081724,3,17,2,11,2,3,3,3.6098
153081722,3,17,2,11,2,3,3,2.1994
153081711,3,17,2,11,2,3,3,2.1903
153081737,3,17,2,11,2,3,3,3.0996
153081704,3,17,2,11,2,3,3,3.2742
153081701,3,17,2,11,2,3,3,3.4556
155091734,3,17,2,11,2,3,4,7.0477
155091723,3,17,2,11,2,3,4,2.5806
155091718,3,17,2,11,2,3,4,2.796
155091733,3,17,2,11,2,3,4,2.5329
155091725,3,17,2,11,2,3,4,3.3289
155091717,3,17,2,11,2,3,4,2.8436
155091712,3,17,2,11,2,3,4,3.6486
155091703,3,17,2,11,2,3,4,3.9661
155091713,3,17,2,11,2,3,4,4.1588
155091732,3,17,2,11,2,3,4,2.7166
155091730,3,17,2,11,2,3,4,2.5828
155091738,3,17,2,11,2,3,4,6.9456
155091736,3,17,2,11,2,3,4,3.1769
155091731,3,17,2,11,2,3,4,3.2427
155091735,3,17,2,11,2,3,4,2.7983
155091710,3,17,2,11,2,3,4,2.9229
155091715,3,17,2,11,2,3,4,3.1792
155091706,3,17,2,11,2,3,4,3.6735
155091719,3,17,2,11,2,3,4,2.4717
155091716,3,17,2,11,2,3,4,4.3674
155091709,3,17,2,11,2,3,4,3.4989
155091729,3,17,2,11,2,3,4,3.9366
155091702,3,17,2,11,2,3,4,3.2178
155091714,3,17,2,11,2,3,4,3.7778
155091728,3,17,2,11,2,3,4,3.1679
155091727,3,17,2,11,2,3,4,2.2699
155091708,3,17,2,11,2,3,4,3.5987
155091726,3,17,2,11,2,3,4,4.4286
155091705,3,17,2,11,2,3,4,6.6668
155091721,3,17,2,11,2,3,4,4.6939
155091724,3,17,2,11,2,3,4,3.6917
155091722,3,17,2,11,2,3,4,2.2813
155091711,3,17,2,11,2,3,4,2.2722
155091737,3,17,2,11,2,3,4,3.1814
155091704,3,17,2,11,2,3,4,3.3561
155091701,3,17,2,11,2,3,4,3.5375
154161734,3,17,2,15,2,4,2,6.9658
154161723,3,17,2,15,2,4,2,2.4987
154161718,3,17,2,15,2,4,2,2.7141
154161733,3,17,2,15,2,4,2,2.4511
154161725,3,17,2,15,2,4,2,3.247
154161717,3,17,2,15,2,4,2,2.7617
154161712,3,17,2,15,2,4,2,3.5667
154161703,3,17,2,15,2,4,2,3.8842
154161713,3,17,2,15,2,4,2,4.0769
154161732,3,17,2,15,2,4,2,2.6347
154161730,3,17,2,15,2,4,2,2.501
154161738,3,17,2,15,2,4,2,6.8638
154161736,3,17,2,15,2,4,2,3.0951
154161731,3,17,2,15,2,4,2,3.1608
154161735,3,17,2,15,2,4,2,2.7164
154161710,3,17,2,15,2,4,2,2.8411
154161715,3,17,2,15,2,4,2,3.0973
154161706,3,17,2,15,2,4,2,3.5917
154161719,3,17,2,15,2,4,2,2.3898
154161716,3,17,2,15,2,4,2,4.2855
154161709,3,17,2,15,2,4,2,3.4171
154161729,3,17,2,15,2,4,2,3.8547
154161702,3,17,2,15,2,4,2,3.1359
154161714,3,17,2,15,2,4,2,3.696
154161728,3,17,2,15,2,4,2,3.086
154161727,3,17,2,15,2,4,2,2.188
154161708,3,17,2,15,2,4,2,3.5168
154161726,3,17,2,15,2,4,2,4.3468
154161705,3,17,2,15,2,4,2,6.5849
154161721,3,17,2,15,2,4,2,4.6121
154161724,3,17,2,15,2,4,2,3.6098
154161722,3,17,2,15,2,4,2,2.1994
154161711,3,17,2,15,2,4,2,2.1903
154161737,3,17,2,15,2,4,2,3.0996
154161704,3,17,2,15,2,4,2,3.2742
154161701,3,17,2,15,2,4,2,3.4556
153151734,3,17,2,15,2,4,3,6.9658
153151723,3,17,2,15,2,4,3,2.4987
153151718,3,17,2,15,2,4,3,2.7141
153151733,3,17,2,15,2,4,3,2.4511
153151725,3,17,2,15,2,4,3,3.247
153151717,3,17,2,15,2,4,3,2.7617
153151712,3,17,2,15,2,4,3,3.5667
153151703,3,17,2,15,2,4,3,3.8842
153151713,3,17,2,15,2,4,3,4.0769
153151732,3,17,2,15,2,4,3,2.6347
153151730,3,17,2,15,2,4,3,2.501
153151738,3,17,2,15,2,4,3,6.8638
153151736,3,17,2,15,2,4,3,3.0951
153151731,3,17,2,15,2,4,3,3.1608
153151735,3,17,2,15,2,4,3,2.7164
153151710,3,17,2,15,2,4,3,2.8411
153151715,3,17,2,15,2,4,3,3.0973
153151706,3,17,2,15,2,4,3,3.5917
153151719,3,17,2,15,2,4,3,2.3898
153151716,3,17,2,15,2,4,3,4.2855
153151709,3,17,2,15,2,4,3,3.4171
153151729,3,17,2,15,2,4,3,3.8547
153151702,3,17,2,15,2,4,3,3.1359
153151714,3,17,2,15,2,4,3,3.696
153151728,3,17,2,15,2,4,3,3.086
153151727,3,17,2,15,2,4,3,2.188
153151708,3,17,2,15,2,4,3,3.5168
153151726,3,17,2,15,2,4,3,4.3468
153151705,3,17,2,15,2,4,3,6.5849
153151721,3,17,2,15,2,4,3,4.6121
153151724,3,17,2,15,2,4,3,3.6098
153151722,3,17,2,15,2,4,3,2.1994
153151711,3,17,2,15,2,4,3,2.1903
153151737,3,17,2,15,2,4,3,3.0996
153151704,3,17,2,15,2,4,3,3.2742
153151701,3,17,2,15,2,4,3,3.4556
155171734,3,17,2,15,2,4,4,7.0477
155171723,3,17,2,15,2,4,4,2.5806
155171718,3,17,2,15,2,4,4,2.796
155171733,3,17,2,15,2,4,4,2.5329
155171725,3,17,2,15,2,4,4,3.3289
155171717,3,17,2,15,2,4,4,2.8436
155171712,3,17,2,15,2,4,4,3.6486
155171703,3,17,2,15,2,4,4,3.9661
155171713,3,17,2,15,2,4,4,4.1588
155171732,3,17,2,15,2,4,4,2.7166
155171730,3,17,2,15,2,4,4,2.5828
155171738,3,17,2,15,2,4,4,6.9456
155171736,3,17,2,15,2,4,4,3.1769
155171731,3,17,2,15,2,4,4,3.2427
155171735,3,17,2,15,2,4,4,2.7983
155171710,3,17,2,15,2,4,4,2.9229
155171715,3,17,2,15,2,4,4,3.1792
155171706,3,17,2,15,2,4,4,3.6735
155171719,3,17,2,15,2,4,4,2.4717
155171716,3,17,2,15,2,4,4,4.3674
155171709,3,17,2,15,2,4,4,3.4989
155171729,3,17,2,15,2,4,4,3.9366
155171702,3,17,2,15,2,4,4,3.2178
155171714,3,17,2,15,2,4,4,3.7778
155171728,3,17,2,15,2,4,4,3.1679
155171727,3,17,2,15,2,4,4,2.2699
155171708,3,17,2,15,2,4,4,3.5987
155171726,3,17,2,15,2,4,4,4.4286
155171705,3,17,2,15,2,4,4,6.6668
155171721,3,17,2,15,2,4,4,4.6939
155171724,3,17,2,15,2,4,4,3.6917
155171722,3,17,2,15,2,4,4,2.2813
155171711,3,17,2,15,2,4,4,2.2722
155171737,3,17,2,15,2,4,4,3.1814
155171704,3,17,2,15,2,4,4,3.3561
155171701,3,17,2,15,2,4,4,3.5375
154181734,3,17,2,16,1,3,2,2.4352
154181723,3,17,2,16,1,3,2,2.1994
154181718,3,17,2,16,1,3,2,2.7912
154181733,3,17,2,16,1,3,2,3.2493
154181725,3,17,2,16,1,3,2,3.6098
154181717,3,17,2,16,1,3,2,4.2697
154181712,3,17,2,16,1,3,2,2.8275
154181703,3,17,2,16,1,3,2,3.1019
154181713,3,17,2,16,1,3,2,3.5712
154181732,3,17,2,16,1,3,2,3.1608
154181730,3,17,2,16,1,3,2,3.8864
154181738,3,17,2,16,1,3,2,3.0973
154181736,3,17,2,16,1,3,2,2.7232
154181731,3,17,2,16,1,3,2,2.501
154181735,3,17,2,16,1,3,2,6.9794
154181710,3,17,2,16,1,3,2,3.3944
154181715,3,17,2,16,1,3,2,3.6801
154181706,3,17,2,16,1,3,2,6.5712
154181719,3,17,2,16,1,3,2,2.6982
154181716,3,17,2,16,1,3,2,3.0973
154181709,3,17,2,16,1,3,2,3.5146
154181729,3,17,2,16,1,3,2,3.0542
154181702,3,17,2,16,1,3,2,3.4329
154181714,3,17,2,16,1,3,2,4.0928
154181728,3,17,2,16,1,3,2,2.8003
154181727,3,17,2,16,1,3,2,4.3332
154181707,3,17,2,16,1,3,2,4.2266
154181726,3,17,2,16,1,3,2,3.247
154181705,3,17,2,16,1,3,2,3.2878
154181720,3,17,2,16,1,3,2,2.9885
154181724,3,17,2,16,1,3,2,2.501
154181722,3,17,2,16,1,3,2,4.6121
154181711,3,17,2,16,1,3,2,2.8434
154181737,3,17,2,16,1,3,2,3.086
154181704,3,17,2,16,1,3,2,3.9068
154181701,3,17,2,16,1,3,2,5.0474
153161734,3,17,2,16,1,3,3,2.4352
153161723,3,17,2,16,1,3,3,2.1994
153161718,3,17,2,16,1,3,3,2.7912
153161733,3,17,2,16,1,3,3,3.2493
153161725,3,17,2,16,1,3,3,3.6098
153161717,3,17,2,16,1,3,3,4.2697
153161712,3,17,2,16,1,3,3,2.8275
153161703,3,17,2,16,1,3,3,3.1019
153161713,3,17,2,16,1,3,3,3.5712
153161732,3,17,2,16,1,3,3,3.1608
153161730,3,17,2,16,1,3,3,3.8864
153161738,3,17,2,16,1,3,3,3.0973
153161736,3,17,2,16,1,3,3,2.7232
153161731,3,17,2,16,1,3,3,2.501
153161735,3,17,2,16,1,3,3,6.9794
153161710,3,17,2,16,1,3,3,3.3944
153161715,3,17,2,16,1,3,3,3.6801
153161706,3,17,2,16,1,3,3,6.5712
153161719,3,17,2,16,1,3,3,2.6982
153161716,3,17,2,16,1,3,3,3.0973
153161709,3,17,2,16,1,3,3,3.5146
153161729,3,17,2,16,1,3,3,3.0542
153161702,3,17,2,16,1,3,3,3.4329
153161714,3,17,2,16,1,3,3,4.0928
153161728,3,17,2,16,1,3,3,2.8003
153161727,3,17,2,16,1,3,3,4.3332
153161707,3,17,2,16,1,3,3,4.2266
153161726,3,17,2,16,1,3,3,3.247
153161705,3,17,2,16,1,3,3,3.2878
153161720,3,17,2,16,1,3,3,2.9885
153161724,3,17,2,16,1,3,3,2.501
153161722,3,17,2,16,1,3,3,4.6121
153161711,3,17,2,16,1,3,3,2.8434
153161737,3,17,2,16,1,3,3,3.086
153161704,3,17,2,16,1,3,3,3.9068
153161701,3,17,2,16,1,3,3,5.0474
155181734,3,17,2,16,1,3,4,2.5171
155181723,3,17,2,16,1,3,4,2.2813
155181718,3,17,2,16,1,3,4,2.8731
155181733,3,17,2,16,1,3,4,3.3311
155181725,3,17,2,16,1,3,4,3.6917
155181717,3,17,2,16,1,3,4,4.3515
155181712,3,17,2,16,1,3,4,2.9094
155181703,3,17,2,16,1,3,4,3.1838
155181713,3,17,2,16,1,3,4,3.6531
155181732,3,17,2,16,1,3,4,3.2427
155181730,3,17,2,16,1,3,4,3.9683
155181738,3,17,2,16,1,3,4,3.1792
155181736,3,17,2,16,1,3,4,2.8051
155181731,3,17,2,16,1,3,4,2.5828
155181735,3,17,2,16,1,3,4,7.0613
155181710,3,17,2,16,1,3,4,3.4763
155181715,3,17,2,16,1,3,4,3.7619
155181706,3,17,2,16,1,3,4,6.6531
155181719,3,17,2,16,1,3,4,2.7801
155181716,3,17,2,16,1,3,4,3.1792
155181709,3,17,2,16,1,3,4,3.5964
155181729,3,17,2,16,1,3,4,3.1361
155181702,3,17,2,16,1,3,4,3.5148
155181714,3,17,2,16,1,3,4,4.1747
155181728,3,17,2,16,1,3,4,2.8821
155181727,3,17,2,16,1,3,4,4.415
155181707,3,17,2,16,1,3,4,4.3084
155181726,3,17,2,16,1,3,4,3.3289
155181705,3,17,2,16,1,3,4,3.3697
155181720,3,17,2,16,1,3,4,3.0704
155181724,3,17,2,16,1,3,4,2.5828
155181722,3,17,2,16,1,3,4,4.6939
155181711,3,17,2,16,1,3,4,2.9253
155181737,3,17,2,16,1,3,4,3.1679
155181704,3,17,2,16,1,3,4,3.9887
155181701,3,17,2,16,1,3,4,5.1293
154171734,3,17,2,16,1,4,2,2.4352
154171723,3,17,2,16,1,4,2,2.1994
154171718,3,17,2,16,1,4,2,2.7912
154171733,3,17,2,16,1,4,2,3.2493
154171725,3,17,2,16,1,4,2,3.6098
154171717,3,17,2,16,1,4,2,4.2697
154171712,3,17,2,16,1,4,2,2.8275
154171703,3,17,2,16,1,4,2,3.1019
154171713,3,17,2,16,1,4,2,3.5712
154171732,3,17,2,16,1,4,2,3.1608
154171730,3,17,2,16,1,4,2,3.8864
154171738,3,17,2,16,1,4,2,3.0973
154171736,3,17,2,16,1,4,2,2.7232
154171731,3,17,2,16,1,4,2,2.501
154171735,3,17,2,16,1,4,2,6.9794
154171710,3,17,2,16,1,4,2,3.3944
154171715,3,17,2,16,1,4,2,3.6801
154171706,3,17,2,16,1,4,2,6.5712
154171719,3,17,2,16,1,4,2,2.6982
154171716,3,17,2,16,1,4,2,3.0973
154171709,3,17,2,16,1,4,2,3.5146
154171729,3,17,2,16,1,4,2,3.0542
154171702,3,17,2,16,1,4,2,3.4329
154171714,3,17,2,16,1,4,2,4.0928
154171728,3,17,2,16,1,4,2,2.8003
154171727,3,17,2,16,1,4,2,4.3332
154171707,3,17,2,16,1,4,2,4.2266
154171726,3,17,2,16,1,4,2,3.247
154171705,3,17,2,16,1,4,2,3.2878
154171720,3,17,2,16,1,4,2,2.9885
154171724,3,17,2,16,1,4,2,2.501
154171722,3,17,2,16,1,4,2,4.6121
154171711,3,17,2,16,1,4,2,2.8434
154171737,3,17,2,16,1,4,2,3.086
154171704,3,17,2,16,1,4,2,3.9068
154171701,3,17,2,16,1,4,2,5.0474
153171734,3,17,2,16,1,4,3,2.4352
153171723,3,17,2,16,1,4,3,2.1994
153171718,3,17,2,16,1,4,3,2.7912
153171733,3,17,2,16,1,4,3,3.2493
153171725,3,17,2,16,1,4,3,3.6098
153171717,3,17,2,16,1,4,3,4.2697
153171712,3,17,2,16,1,4,3,2.8275
153171703,3,17,2,16,1,4,3,3.1019
153171713,3,17,2,16,1,4,3,3.5712
153171732,3,17,2,16,1,4,3,3.1608
153171730,3,17,2,16,1,4,3,3.8864
153171738,3,17,2,16,1,4,3,3.0973
153171736,3,17,2,16,1,4,3,2.7232
153171731,3,17,2,16,1,4,3,2.501
153171735,3,17,2,16,1,4,3,6.9794
153171710,3,17,2,16,1,4,3,3.3944
153171715,3,17,2,16,1,4,3,3.6801
153171706,3,17,2,16,1,4,3,6.5712
153171719,3,17,2,16,1,4,3,2.6982
153171716,3,17,2,16,1,4,3,3.0973
153171709,3,17,2,16,1,4,3,3.5146
153171729,3,17,2,16,1,4,3,3.0542
153171702,3,17,2,16,1,4,3,3.4329
153171714,3,17,2,16,1,4,3,4.0928
153171728,3,17,2,16,1,4,3,2.8003
153171727,3,17,2,16,1,4,3,4.3332
153171707,3,17,2,16,1,4,3,4.2266
153171726,3,17,2,16,1,4,3,3.247
153171705,3,17,2,16,1,4,3,3.2878
153171720,3,17,2,16,1,4,3,2.9885
153171724,3,17,2,16,1,4,3,2.501
153171722,3,17,2,16,1,4,3,4.6121
153171711,3,17,2,16,1,4,3,2.8434
153171737,3,17,2,16,1,4,3,3.086
153171704,3,17,2,16,1,4,3,3.9068
153171701,3,17,2,16,1,4,3,5.0474
155191734,3,17,2,16,1,4,4,2.5171
155191723,3,17,2,16,1,4,4,2.2813
155191718,3,17,2,16,1,4,4,2.8731
155191733,3,17,2,16,1,4,4,3.3311
155191725,3,17,2,16,1,4,4,3.6917
155191717,3,17,2,16,1,4,4,4.3515
155191712,3,17,2,16,1,4,4,2.9094
155191703,3,17,2,16,1,4,4,3.1838
155191713,3,17,2,16,1,4,4,3.6531
155191732,3,17,2,16,1,4,4,3.2427
155191730,3,17,2,16,1,4,4,3.9683
155191738,3,17,2,16,1,4,4,3.1792
155191736,3,17,2,16,1,4,4,2.8051
155191731,3,17,2,16,1,4,4,2.5828
155191735,3,17,2,16,1,4,4,7.0613
155191710,3,17,2,16,1,4,4,3.4763
155191715,3,17,2,16,1,4,4,3.7619
155191706,3,17,2,16,1,4,4,6.6531
155191719,3,17,2,16,1,4,4,2.7801
155191716,3,17,2,16,1,4,4,3.1792
155191709,3,17,2,16,1,4,4,3.5964
155191729,3,17,2,16,1,4,4,3.1361
155191702,3,17,2,16,1,4,4,3.5148
155191714,3,17,2,16,1,4,4,4.1747
155191728,3,17,2,16,1,4,4,2.8821
155191727,3,17,2,16,1,4,4,4.415
155191707,3,17,2,16,1,4,4,4.3084
155191726,3,17,2,16,1,4,4,3.3289
155191705,3,17,2,16,1,4,4,3.3697
155191720,3,17,2,16,1,4,4,3.0704
155191724,3,17,2,16,1,4,4,2.5828
155191722,3,17,2,16,1,4,4,4.6939
155191711,3,17,2,16,1,4,4,2.9253
155191737,3,17,2,16,1,4,4,3.1679
155191704,3,17,2,16,1,4,4,3.9887
155191701,3,17,2,16,1,4,4,5.1293
154091924,3,19,2,11,2,3,2,3.8139
154091931,3,19,2,11,2,3,2,2.0565
154091918,3,19,2,11,2,3,2,4.4397
154091917,3,19,2,11,2,3,2,2.544
154091913,3,19,2,11,2,3,2,2.8638
154091922,3,19,2,11,2,3,2,2.7912
154091928,3,19,2,11,2,3,2,1.8161
154091912,3,19,2,11,2,3,2,2.1699
154091927,3,19,2,11,2,3,2,1.7572
154091904,3,19,2,11,2,3,2,2.4329
154091933,3,19,2,11,2,3,2,3.4601
154091935,3,19,2,11,2,3,2,2.5214
154091934,3,19,2,11,2,3,2,2.2016
154091939,3,19,2,11,2,3,2,2.4579
154091937,3,19,2,11,2,3,2,3.0497
154091932,3,19,2,11,2,3,2,2.5418
154091936,3,19,2,11,2,3,2,2.1631
154091910,3,19,2,11,2,3,2,2.6302
154091915,3,19,2,11,2,3,2,2.1495
154091907,3,19,2,11,2,3,2,5.2175
154091919,3,19,2,11,2,3,2,2.2606
154091916,3,19,2,11,2,3,2,2.739
154091909,3,19,2,11,2,3,2,2.1381
154091930,3,19,2,11,2,3,2,1.9454
154091903,3,19,2,11,2,3,2,2.4556
154091914,3,19,2,11,2,3,2,3.3649
154091929,3,19,2,11,2,3,2,3.51
154091926,3,19,2,11,2,3,2,2.4624
154091908,3,19,2,11,2,3,2,2.0724
154091925,3,19,2,11,2,3,2,2.7277
154091906,3,19,2,11,2,3,2,3.9227
154091920,3,19,2,11,2,3,2,2.1449
154091923,3,19,2,11,2,3,2,4.7118
154091921,3,19,2,11,2,3,2,2.2651
154091911,3,19,2,11,2,3,2,3.5236
154091938,3,19,2,11,2,3,2,2.6075
154091905,3,19,2,11,2,3,2,2.6483
154091901,3,19,2,11,2,3,2,3.866
153091924,3,19,2,11,2,3,3,3.8139
153091931,3,19,2,11,2,3,3,2.0565
153091918,3,19,2,11,2,3,3,4.4397
153091917,3,19,2,11,2,3,3,2.544
153091913,3,19,2,11,2,3,3,2.8638
153091922,3,19,2,11,2,3,3,2.7912
153091928,3,19,2,11,2,3,3,1.8161
153091912,3,19,2,11,2,3,3,2.1699
153091927,3,19,2,11,2,3,3,1.7572
153091904,3,19,2,11,2,3,3,2.4329
153091933,3,19,2,11,2,3,3,3.4601
153091935,3,19,2,11,2,3,3,2.5214
153091934,3,19,2,11,2,3,3,2.2016
153091939,3,19,2,11,2,3,3,2.4579
153091937,3,19,2,11,2,3,3,3.0497
153091932,3,19,2,11,2,3,3,2.5418
153091936,3,19,2,11,2,3,3,2.1631
153091910,3,19,2,11,2,3,3,2.6302
153091915,3,19,2,11,2,3,3,2.1495
153091907,3,19,2,11,2,3,3,5.2175
153091919,3,19,2,11,2,3,3,2.2606
153091916,3,19,2,11,2,3,3,2.739
153091909,3,19,2,11,2,3,3,2.1381
153091930,3,19,2,11,2,3,3,1.9454
153091903,3,19,2,11,2,3,3,2.4556
153091914,3,19,2,11,2,3,3,3.3649
153091929,3,19,2,11,2,3,3,3.51
153091926,3,19,2,11,2,3,3,2.4624
153091908,3,19,2,11,2,3,3,2.0724
153091925,3,19,2,11,2,3,3,2.7277
153091906,3,19,2,11,2,3,3,3.9227
153091920,3,19,2,11,2,3,3,2.1449
153091923,3,19,2,11,2,3,3,4.7118
153091921,3,19,2,11,2,3,3,2.2651
153091911,3,19,2,11,2,3,3,3.5236
153091938,3,19,2,11,2,3,3,2.6075
153091905,3,19,2,11,2,3,3,2.6483
153091901,3,19,2,11,2,3,3,3.866
155101924,3,19,2,11,2,3,4,3.8958
155101931,3,19,2,11,2,3,4,2.1384
155101918,3,19,2,11,2,3,4,4.5216
155101917,3,19,2,11,2,3,4,2.6259
155101913,3,19,2,11,2,3,4,2.9456
155101922,3,19,2,11,2,3,4,2.8731
155101928,3,19,2,11,2,3,4,1.898
155101912,3,19,2,11,2,3,4,2.2518
155101927,3,19,2,11,2,3,4,1.8391
155101904,3,19,2,11,2,3,4,2.5148
155101933,3,19,2,11,2,3,4,3.542
155101935,3,19,2,11,2,3,4,2.6033
155101934,3,19,2,11,2,3,4,2.2835
155101939,3,19,2,11,2,3,4,2.5398
155101937,3,19,2,11,2,3,4,3.1316
155101932,3,19,2,11,2,3,4,2.6236
155101936,3,19,2,11,2,3,4,2.2449
155101910,3,19,2,11,2,3,4,2.7121
155101915,3,19,2,11,2,3,4,2.2314
155101907,3,19,2,11,2,3,4,5.2994
155101919,3,19,2,11,2,3,4,2.3424
155101916,3,19,2,11,2,3,4,2.8209
155101909,3,19,2,11,2,3,4,2.22
155101930,3,19,2,11,2,3,4,2.0273
155101903,3,19,2,11,2,3,4,2.5375
155101914,3,19,2,11,2,3,4,3.4468
155101929,3,19,2,11,2,3,4,3.5919
155101926,3,19,2,11,2,3,4,2.5443
155101908,3,19,2,11,2,3,4,2.1543
155101925,3,19,2,11,2,3,4,2.8096
155101906,3,19,2,11,2,3,4,4.0046
155101920,3,19,2,11,2,3,4,2.2268
155101923,3,19,2,11,2,3,4,4.7937
155101921,3,19,2,11,2,3,4,2.347
155101911,3,19,2,11,2,3,4,3.6055
155101938,3,19,2,11,2,3,4,2.6894
155101905,3,19,2,11,2,3,4,2.7302
155101901,3,19,2,11,2,3,4,3.9479
154101924,3,19,2,11,2,4,2,3.8139
154101931,3,19,2,11,2,4,2,2.0565
154101918,3,19,2,11,2,4,2,4.4397
154101917,3,19,2,11,2,4,2,2.544
154101913,3,19,2,11,2,4,2,2.8638
154101922,3,19,2,11,2,4,2,2.7912
154101928,3,19,2,11,2,4,2,1.8161
154101912,3,19,2,11,2,4,2,2.1699
154101927,3,19,2,11,2,4,2,1.7572
154101904,3,19,2,11,2,4,2,2.4329
154101933,3,19,2,11,2,4,2,3.4601
154101935,3,19,2,11,2,4,2,2.5214
154101934,3,19,2,11,2,4,2,2.2016
154101939,3,19,2,11,2,4,2,2.4579
154101937,3,19,2,11,2,4,2,3.0497
154101932,3,19,2,11,2,4,2,2.5418
154101936,3,19,2,11,2,4,2,2.1631
154101910,3,19,2,11,2,4,2,2.6302
154101915,3,19,2,11,2,4,2,2.1495
154101907,3,19,2,11,2,4,2,5.2175
154101919,3,19,2,11,2,4,2,2.2606
154101916,3,19,2,11,2,4,2,2.739
154101909,3,19,2,11,2,4,2,2.1381
154101930,3,19,2,11,2,4,2,1.9454
154101903,3,19,2,11,2,4,2,2.4556
154101914,3,19,2,11,2,4,2,3.3649
154101929,3,19,2,11,2,4,2,3.51
154101926,3,19,2,11,2,4,2,2.4624
154101908,3,19,2,11,2,4,2,2.0724
154101925,3,19,2,11,2,4,2,2.7277
154101906,3,19,2,11,2,4,2,3.9227
154101920,3,19,2,11,2,4,2,2.1449
154101923,3,19,2,11,2,4,2,4.7118
154101921,3,19,2,11,2,4,2,2.2651
154101911,3,19,2,11,2,4,2,3.5236
154101938,3,19,2,11,2,4,2,2.6075
154101905,3,19,2,11,2,4,2,2.6483
154101901,3,19,2,11,2,4,2,3.866
153101924,3,19,2,11,2,4,3,3.8139
153101931,3,19,2,11,2,4,3,2.0565
153101918,3,19,2,11,2,4,3,4.4397
153101917,3,19,2,11,2,4,3,2.544
153101913,3,19,2,11,2,4,3,2.8638
153101922,3,19,2,11,2,4,3,2.7912
153101928,3,19,2,11,2,4,3,1.8161
153101912,3,19,2,11,2,4,3,2.1699
153101927,3,19,2,11,2,4,3,1.7572
153101904,3,19,2,11,2,4,3,2.4329
153101933,3,19,2,11,2,4,3,3.4601
153101935,3,19,2,11,2,4,3,2.5214
153101934,3,19,2,11,2,4,3,2.2016
153101939,3,19,2,11,2,4,3,2.4579
153101937,3,19,2,11,2,4,3,3.0497
153101932,3,19,2,11,2,4,3,2.5418
153101936,3,19,2,11,2,4,3,2.1631
153101910,3,19,2,11,2,4,3,2.6302
153101915,3,19,2,11,2,4,3,2.1495
153101907,3,19,2,11,2,4,3,5.2175
153101919,3,19,2,11,2,4,3,2.2606
153101916,3,19,2,11,2,4,3,2.739
153101909,3,19,2,11,2,4,3,2.1381
153101930,3,19,2,11,2,4,3,1.9454
153101903,3,19,2,11,2,4,3,2.4556
153101914,3,19,2,11,2,4,3,3.3649
153101929,3,19,2,11,2,4,3,3.51
153101926,3,19,2,11,2,4,3,2.4624
153101908,3,19,2,11,2,4,3,2.0724
153101925,3,19,2,11,2,4,3,2.7277
153101906,3,19,2,11,2,4,3,3.9227
153101920,3,19,2,11,2,4,3,2.1449
153101923,3,19,2,11,2,4,3,4.7118
153101921,3,19,2,11,2,4,3,2.2651
153101911,3,19,2,11,2,4,3,3.5236
153101938,3,19,2,11,2,4,3,2.6075
153101905,3,19,2,11,2,4,3,2.6483
153101901,3,19,2,11,2,4,3,3.866
155111924,3,19,2,11,2,4,4,3.8958
155111931,3,19,2,11,2,4,4,2.1384
155111918,3,19,2,11,2,4,4,4.5216
155111917,3,19,2,11,2,4,4,2.6259
155111913,3,19,2,11,2,4,4,2.9456
155111922,3,19,2,11,2,4,4,2.8731
155111928,3,19,2,11,2,4,4,1.898
155111912,3,19,2,11,2,4,4,2.2518
155111927,3,19,2,11,2,4,4,1.8391
155111904,3,19,2,11,2,4,4,2.5148
155111933,3,19,2,11,2,4,4,3.542
155111935,3,19,2,11,2,4,4,2.6033
155111934,3,19,2,11,2,4,4,2.2835
155111939,3,19,2,11,2,4,4,2.5398
155111937,3,19,2,11,2,4,4,3.1316
155111932,3,19,2,11,2,4,4,2.6236
155111936,3,19,2,11,2,4,4,2.2449
155111910,3,19,2,11,2,4,4,2.7121
155111915,3,19,2,11,2,4,4,2.2314
155111907,3,19,2,11,2,4,4,5.2994
155111919,3,19,2,11,2,4,4,2.3424
155111916,3,19,2,11,2,4,4,2.8209
155111909,3,19,2,11,2,4,4,2.22
155111930,3,19,2,11,2,4,4,2.0273
155111903,3,19,2,11,2,4,4,2.5375
155111914,3,19,2,11,2,4,4,3.4468
155111929,3,19,2,11,2,4,4,3.5919
155111926,3,19,2,11,2,4,4,2.5443
155111908,3,19,2,11,2,4,4,2.1543
155111925,3,19,2,11,2,4,4,2.8096
155111906,3,19,2,11,2,4,4,4.0046
155111920,3,19,2,11,2,4,4,2.2268
155111923,3,19,2,11,2,4,4,4.7937
155111921,3,19,2,11,2,4,4,2.347
155111911,3,19,2,11,2,4,4,3.6055
155111938,3,19,2,11,2,4,4,2.6894
155111905,3,19,2,11,2,4,4,2.7302
155111901,3,19,2,11,2,4,4,3.9479
154181924,3,19,2,16,1,3,2,3.8252
154181931,3,19,2,16,1,3,2,2.0769
154181918,3,19,2,16,1,3,2,4.4601
154181917,3,19,2,16,1,3,2,2.5327
154181913,3,19,2,16,1,3,2,2.8796
154181922,3,19,2,16,1,3,2,2.7753
154181928,3,19,2,16,1,3,2,2.3536
154181912,3,19,2,16,1,3,2,2.1676
154181927,3,19,2,16,1,3,2,1.798
154181904,3,19,2,16,1,3,2,2.4783
154181933,3,19,2,16,1,3,2,3.4669
154181935,3,19,2,16,1,3,2,2.5191
154181934,3,19,2,16,1,3,2,2.1971
154181939,3,19,2,16,1,3,2,2.4579
154181937,3,19,2,16,1,3,2,3.0542
154181932,3,19,2,16,1,3,2,2.5395
154181936,3,19,2,16,1,3,2,2.1608
154181910,3,19,2,16,1,3,2,2.6211
154181915,3,19,2,16,1,3,2,2.1381
154181907,3,19,2,16,1,3,2,5.2538
154181919,3,19,2,16,1,3,2,2.247
154181916,3,19,2,16,1,3,2,2.7844
154181909,3,19,2,16,1,3,2,2.1427
154181930,3,19,2,16,1,3,2,1.9409
154181903,3,19,2,16,1,3,2,2.4579
154181914,3,19,2,16,1,3,2,3.3332
154181929,3,19,2,16,1,3,2,3.5508
154181926,3,19,2,16,1,3,2,2.4397
154181908,3,19,2,16,1,3,2,2.0724
154181925,3,19,2,16,1,3,2,2.7141
154181906,3,19,2,16,1,3,2,3.8864
154181920,3,19,2,16,1,3,2,2.1404
154181923,3,19,2,16,1,3,2,4.7232
154181921,3,19,2,16,1,3,2,2.2651
154181911,3,19,2,16,1,3,2,3.5236
154181938,3,19,2,16,1,3,2,2.6075
154181905,3,19,2,16,1,3,2,2.6075
154181901,3,19,2,16,1,3,2,3.8619
153161924,3,19,2,16,1,3,3,3.8252
153161931,3,19,2,16,1,3,3,2.0769
153161918,3,19,2,16,1,3,3,4.4601
153161917,3,19,2,16,1,3,3,2.5327
153161913,3,19,2,16,1,3,3,2.8796
153161922,3,19,2,16,1,3,3,2.7753
153161928,3,19,2,16,1,3,3,2.3536
153161912,3,19,2,16,1,3,3,2.1676
153161927,3,19,2,16,1,3,3,1.798
153161904,3,19,2,16,1,3,3,2.4783
153161933,3,19,2,16,1,3,3,3.4669
153161935,3,19,2,16,1,3,3,2.5191
153161934,3,19,2,16,1,3,3,2.1971
153161939,3,19,2,16,1,3,3,2.4579
153161937,3,19,2,16,1,3,3,3.0542
153161932,3,19,2,16,1,3,3,2.5395
153161936,3,19,2,16,1,3,3,2.1608
153161910,3,19,2,16,1,3,3,2.6211
153161915,3,19,2,16,1,3,3,2.1381
153161907,3,19,2,16,1,3,3,5.2538
153161919,3,19,2,16,1,3,3,2.247
153161916,3,19,2,16,1,3,3,2.7844
153161909,3,19,2,16,1,3,3,2.1427
153161930,3,19,2,16,1,3,3,1.9409
153161903,3,19,2,16,1,3,3,2.4579
153161914,3,19,2,16,1,3,3,3.3332
153161929,3,19,2,16,1,3,3,3.5508
153161926,3,19,2,16,1,3,3,2.4397
153161908,3,19,2,16,1,3,3,2.0724
153161925,3,19,2,16,1,3,3,2.7141
153161906,3,19,2,16,1,3,3,3.8864
153161920,3,19,2,16,1,3,3,2.1404
153161923,3,19,2,16,1,3,3,4.7232
153161921,3,19,2,16,1,3,3,2.2651
153161911,3,19,2,16,1,3,3,3.5236
153161938,3,19,2,16,1,3,3,2.6075
153161905,3,19,2,16,1,3,3,2.6075
153161901,3,19,2,16,1,3,3,3.8619
155181924,3,19,2,16,1,3,4,3.9071
155181931,3,19,2,16,1,3,4,2.1588
155181918,3,19,2,16,1,3,4,4.542
155181917,3,19,2,16,1,3,4,2.6146
155181913,3,19,2,16,1,3,4,2.9615
155181922,3,19,2,16,1,3,4,2.8572
155181928,3,19,2,16,1,3,4,2.4354
155181912,3,19,2,16,1,3,4,2.2495
155181927,3,19,2,16,1,3,4,1.8799
155181904,3,19,2,16,1,3,4,2.5601
155181933,3,19,2,16,1,3,4,3.5488
155181935,3,19,2,16,1,3,4,2.6009
155181934,3,19,2,16,1,3,4,2.2789
155181939,3,19,2,16,1,3,4,2.5398
155181937,3,19,2,16,1,3,4,3.1361
155181932,3,19,2,16,1,3,4,2.6214
155181936,3,19,2,16,1,3,4,2.2427
155181910,3,19,2,16,1,3,4,2.703
155181915,3,19,2,16,1,3,4,2.22
155181907,3,19,2,16,1,3,4,5.3356
155181919,3,19,2,16,1,3,4,2.3289
155181916,3,19,2,16,1,3,4,2.8663
155181909,3,19,2,16,1,3,4,2.2246
155181930,3,19,2,16,1,3,4,2.0228
155181903,3,19,2,16,1,3,4,2.5398
155181914,3,19,2,16,1,3,4,3.415
155181929,3,19,2,16,1,3,4,3.6327
155181926,3,19,2,16,1,3,4,2.5216
155181908,3,19,2,16,1,3,4,2.1543
155181925,3,19,2,16,1,3,4,2.796
155181906,3,19,2,16,1,3,4,3.9683
155181920,3,19,2,16,1,3,4,2.2223
155181923,3,19,2,16,1,3,4,4.8051
155181921,3,19,2,16,1,3,4,2.347
155181911,3,19,2,16,1,3,4,3.6055
155181938,3,19,2,16,1,3,4,2.6894
155181905,3,19,2,16,1,3,4,2.6894
155181901,3,19,2,16,1,3,4,3.9438
154171924,3,19,2,16,1,4,2,3.8252
154171931,3,19,2,16,1,4,2,2.0769
154171918,3,19,2,16,1,4,2,4.4601
154171917,3,19,2,16,1,4,2,2.5327
154171913,3,19,2,16,1,4,2,2.8796
154171922,3,19,2,16,1,4,2,2.7753
154171928,3,19,2,16,1,4,2,2.3536
154171912,3,19,2,16,1,4,2,2.1676
154171927,3,19,2,16,1,4,2,1.798
154171904,3,19,2,16,1,4,2,2.4783
154171933,3,19,2,16,1,4,2,3.4669
154171935,3,19,2,16,1,4,2,2.5191
154171934,3,19,2,16,1,4,2,2.1971
154171939,3,19,2,16,1,4,2,2.4579
154171937,3,19,2,16,1,4,2,3.0542
154171932,3,19,2,16,1,4,2,2.5395
154171936,3,19,2,16,1,4,2,2.1608
154171910,3,19,2,16,1,4,2,2.6211
154171915,3,19,2,16,1,4,2,2.1381
154171907,3,19,2,16,1,4,2,5.2538
154171919,3,19,2,16,1,4,2,2.247
154171916,3,19,2,16,1,4,2,2.7844
154171909,3,19,2,16,1,4,2,2.1427
154171930,3,19,2,16,1,4,2,1.9409
154171903,3,19,2,16,1,4,2,2.4579
154171914,3,19,2,16,1,4,2,3.3332
154171929,3,19,2,16,1,4,2,3.5508
154171926,3,19,2,16,1,4,2,2.4397
154171908,3,19,2,16,1,4,2,2.0724
154171925,3,19,2,16,1,4,2,2.7141
154171906,3,19,2,16,1,4,2,3.8864
154171920,3,19,2,16,1,4,2,2.1404
154171923,3,19,2,16,1,4,2,4.7232
154171921,3,19,2,16,1,4,2,2.2651
154171911,3,19,2,16,1,4,2,3.5236
154171938,3,19,2,16,1,4,2,2.6075
154171905,3,19,2,16,1,4,2,2.6075
154171901,3,19,2,16,1,4,2,3.8619
153171924,3,19,2,16,1,4,3,3.8252
153171931,3,19,2,16,1,4,3,2.0769
153171918,3,19,2,16,1,4,3,4.4601
153171917,3,19,2,16,1,4,3,2.5327
153171913,3,19,2,16,1,4,3,2.8796
153171922,3,19,2,16,1,4,3,2.7753
153171928,3,19,2,16,1,4,3,2.3536
153171912,3,19,2,16,1,4,3,2.1676
153171927,3,19,2,16,1,4,3,1.798
153171904,3,19,2,16,1,4,3,2.4783
153171933,3,19,2,16,1,4,3,3.4669
153171935,3,19,2,16,1,4,3,2.5191
153171934,3,19,2,16,1,4,3,2.1971
153171939,3,19,2,16,1,4,3,2.4579
153171937,3,19,2,16,1,4,3,3.0542
153171932,3,19,2,16,1,4,3,2.5395
153171936,3,19,2,16,1,4,3,2.1608
153171910,3,19,2,16,1,4,3,2.6211
153171915,3,19,2,16,1,4,3,2.1381
153171907,3,19,2,16,1,4,3,5.2538
153171919,3,19,2,16,1,4,3,2.247
153171916,3,19,2,16,1,4,3,2.7844
153171909,3,19,2,16,1,4,3,2.1427
153171930,3,19,2,16,1,4,3,1.9409
153171903,3,19,2,16,1,4,3,2.4579
153171914,3,19,2,16,1,4,3,3.3332
153171929,3,19,2,16,1,4,3,3.5508
153171926,3,19,2,16,1,4,3,2.4397
153171908,3,19,2,16,1,4,3,2.0724
153171925,3,19,2,16,1,4,3,2.7141
153171906,3,19,2,16,1,4,3,3.8864
153171920,3,19,2,16,1,4,3,2.1404
153171923,3,19,2,16,1,4,3,4.7232
153171921,3,19,2,16,1,4,3,2.2651
153171911,3,19,2,16,1,4,3,3.5236
153171938,3,19,2,16,1,4,3,2.6075
153171905,3,19,2,16,1,4,3,2.6075
153171901,3,19,2,16,1,4,3,3.8619
155191924,3,19,2,16,1,4,4,3.9071
155191931,3,19,2,16,1,4,4,2.1588
155191918,3,19,2,16,1,4,4,4.542
155191917,3,19,2,16,1,4,4,2.6146
155191913,3,19,2,16,1,4,4,2.9615
155191922,3,19,2,16,1,4,4,2.8572
155191928,3,19,2,16,1,4,4,2.4354
155191912,3,19,2,16,1,4,4,2.2495
155191927,3,19,2,16,1,4,4,1.8799
155191904,3,19,2,16,1,4,4,2.5601
155191933,3,19,2,16,1,4,4,3.5488
155191935,3,19,2,16,1,4,4,2.6009
155191934,3,19,2,16,1,4,4,2.2789
155191939,3,19,2,16,1,4,4,2.5398
155191937,3,19,2,16,1,4,4,3.1361
155191932,3,19,2,16,1,4,4,2.6214
155191936,3,19,2,16,1,4,4,2.2427
155191910,3,19,2,16,1,4,4,2.703
155191915,3,19,2,16,1,4,4,2.22
155191907,3,19,2,16,1,4,4,5.3356
155191919,3,19,2,16,1,4,4,2.3289
155191916,3,19,2,16,1,4,4,2.8663
155191909,3,19,2,16,1,4,4,2.2246
155191930,3,19,2,16,1,4,4,2.0228
155191903,3,19,2,16,1,4,4,2.5398
155191914,3,19,2,16,1,4,4,3.415
155191929,3,19,2,16,1,4,4,3.6327
155191926,3,19,2,16,1,4,4,2.5216
155191908,3,19,2,16,1,4,4,2.1543
155191925,3,19,2,16,1,4,4,2.796
155191906,3,19,2,16,1,4,4,3.9683
155191920,3,19,2,16,1,4,4,2.2223
155191923,3,19,2,16,1,4,4,4.8051
155191921,3,19,2,16,1,4,4,2.347
155191911,3,19,2,16,1,4,4,3.6055
155191938,3,19,2,16,1,4,4,2.6894
155191905,3,19,2,16,1,4,4,2.6894
155191901,3,19,2,16,1,4,4,3.9438
154112105,3,21,2,11,1,3,2,3.7572
154112129,3,21,2,11,1,3,2,2.0973
154112130,3,21,2,11,1,3,2,3.222
154112134,3,21,2,11,1,3,2,2.1404
154112135,3,21,2,11,1,3,2,3.1903
154112126,3,21,2,11,1,3,2,2.7889
154112111,3,21,2,11,1,3,2,3.9295
154112123,3,21,2,11,1,3,2,3.12
154112112,3,21,2,11,1,3,2,2.7141
154112128,3,21,2,11,1,3,2,2.7617
154112119,3,21,2,11,1,3,2,7.1654
154112116,3,21,2,11,1,3,2,3.4171
154112103,3,21,2,11,1,3,2,2.3717
154112139,3,21,2,11,1,3,2,3.4171
154112121,3,21,2,11,1,3,2,3.222
154112137,3,21,2,11,1,3,2,2.2651
154112117,3,21,2,11,1,3,2,3.4443
154112136,3,21,2,11,1,3,2,2.3944
154112109,3,21,2,11,1,3,2,4.2515
154112114,3,21,2,11,1,3,2,3.3309
154112106,3,21,2,11,1,3,2,2.6279
154112118,3,21,2,11,1,3,2,2.544
154112115,3,21,2,11,1,3,2,3.1835
154112133,3,21,2,11,1,3,2,2.544
154112108,3,21,2,11,1,3,2,3.3536
154112132,3,21,2,11,1,3,2,2.3286
154112102,3,21,2,11,1,3,2,3.9726
154112127,3,21,2,11,1,3,2,2.4375
154112113,3,21,2,11,1,3,2,2.8411
154112131,3,21,2,11,1,3,2,2.2243
154112125,3,21,2,11,1,3,2,2.7322
154112107,3,21,2,11,1,3,2,2.5849
154112124,3,21,2,11,1,3,2,3.2923
154112122,3,21,2,11,1,3,2,3.8161
154112120,3,21,2,11,1,3,2,3.3536
154112110,3,21,2,11,1,3,2,2.7322
154112138,3,21,2,11,1,3,2,2.8502
154112104,3,21,2,11,1,3,2,2.501
154112101,3,21,2,11,1,3,2,4.2873
153112105,3,21,2,11,1,3,3,3.7572
153112129,3,21,2,11,1,3,3,2.0973
153112130,3,21,2,11,1,3,3,3.222
153112134,3,21,2,11,1,3,3,2.1404
153112135,3,21,2,11,1,3,3,3.1903
153112126,3,21,2,11,1,3,3,2.7889
153112111,3,21,2,11,1,3,3,3.9295
153112123,3,21,2,11,1,3,3,3.12
153112112,3,21,2,11,1,3,3,2.7141
153112128,3,21,2,11,1,3,3,2.7617
153112119,3,21,2,11,1,3,3,7.1654
153112116,3,21,2,11,1,3,3,3.4171
153112103,3,21,2,11,1,3,3,2.3717
153112139,3,21,2,11,1,3,3,3.4171
153112121,3,21,2,11,1,3,3,3.222
153112137,3,21,2,11,1,3,3,2.2651
153112117,3,21,2,11,1,3,3,3.4443
153112136,3,21,2,11,1,3,3,2.3944
153112109,3,21,2,11,1,3,3,4.2515
153112114,3,21,2,11,1,3,3,3.3309
153112106,3,21,2,11,1,3,3,2.6279
153112118,3,21,2,11,1,3,3,2.544
153112115,3,21,2,11,1,3,3,3.1835
153112133,3,21,2,11,1,3,3,2.544
153112108,3,21,2,11,1,3,3,3.3536
153112132,3,21,2,11,1,3,3,2.3286
153112102,3,21,2,11,1,3,3,3.9726
153112127,3,21,2,11,1,3,3,2.4375
153112113,3,21,2,11,1,3,3,2.8411
153112131,3,21,2,11,1,3,3,2.2243
153112125,3,21,2,11,1,3,3,2.7322
153112107,3,21,2,11,1,3,3,2.5849
153112124,3,21,2,11,1,3,3,3.2923
153112122,3,21,2,11,1,3,3,3.8161
153112120,3,21,2,11,1,3,3,3.3536
153112110,3,21,2,11,1,3,3,2.7322
153112138,3,21,2,11,1,3,3,2.8502
153112104,3,21,2,11,1,3,3,2.501
153112101,3,21,2,11,1,3,3,4.2873
155122105,3,21,2,11,1,3,4,3.8391
155122129,3,21,2,11,1,3,4,2.1792
155122130,3,21,2,11,1,3,4,3.3039
155122134,3,21,2,11,1,3,4,2.2223
155122135,3,21,2,11,1,3,4,3.2722
155122126,3,21,2,11,1,3,4,2.8708
155122111,3,21,2,11,1,3,4,4.0114
155122123,3,21,2,11,1,3,4,3.2019
155122112,3,21,2,11,1,3,4,2.796
155122128,3,21,2,11,1,3,4,2.8436
155122119,3,21,2,11,1,3,4,7.2473
155122116,3,21,2,11,1,3,4,3.4989
155122103,3,21,2,11,1,3,4,2.4536
155122139,3,21,2,11,1,3,4,3.4989
155122121,3,21,2,11,1,3,4,3.3039
155122137,3,21,2,11,1,3,4,2.347
155122117,3,21,2,11,1,3,4,3.5261
155122136,3,21,2,11,1,3,4,2.4763
155122109,3,21,2,11,1,3,4,4.3334
155122114,3,21,2,11,1,3,4,3.4128
155122106,3,21,2,11,1,3,4,2.7098
155122118,3,21,2,11,1,3,4,2.6259
155122115,3,21,2,11,1,3,4,3.2654
155122133,3,21,2,11,1,3,4,2.6259
155122108,3,21,2,11,1,3,4,3.4354
155122132,3,21,2,11,1,3,4,2.4105
155122102,3,21,2,11,1,3,4,4.0545
155122127,3,21,2,11,1,3,4,2.5193
155122113,3,21,2,11,1,3,4,2.9229
155122131,3,21,2,11,1,3,4,2.3062
155122125,3,21,2,11,1,3,4,2.8141
155122107,3,21,2,11,1,3,4,2.6668
155122124,3,21,2,11,1,3,4,3.3742
155122122,3,21,2,11,1,3,4,3.898
155122120,3,21,2,11,1,3,4,3.4354
155122110,3,21,2,11,1,3,4,2.8141
155122138,3,21,2,11,1,3,4,2.932
155122104,3,21,2,11,1,3,4,2.5828
155122101,3,21,2,11,1,3,4,4.3692
154132105,3,21,2,12,1,4,2,3.7572
154132129,3,21,2,12,1,4,2,2.0973
154132130,3,21,2,12,1,4,2,3.222
154132134,3,21,2,12,1,4,2,2.1404
154132135,3,21,2,12,1,4,2,3.1903
154132126,3,21,2,12,1,4,2,2.7889
154132111,3,21,2,12,1,4,2,3.9295
154132123,3,21,2,12,1,4,2,3.12
154132112,3,21,2,12,1,4,2,2.7141
154132128,3,21,2,12,1,4,2,2.7617
154132119,3,21,2,12,1,4,2,7.1654
154132116,3,21,2,12,1,4,2,3.4171
154132103,3,21,2,12,1,4,2,2.3717
154132139,3,21,2,12,1,4,2,3.4171
154132121,3,21,2,12,1,4,2,3.222
154132137,3,21,2,12,1,4,2,2.2651
154132117,3,21,2,12,1,4,2,3.4443
154132136,3,21,2,12,1,4,2,2.3944
154132109,3,21,2,12,1,4,2,4.2515
154132114,3,21,2,12,1,4,2,3.3309
154132106,3,21,2,12,1,4,2,2.6279
154132118,3,21,2,12,1,4,2,2.544
154132115,3,21,2,12,1,4,2,3.1835
154132133,3,21,2,12,1,4,2,2.544
154132108,3,21,2,12,1,4,2,3.3536
154132132,3,21,2,12,1,4,2,2.3286
154132102,3,21,2,12,1,4,2,3.9726
154132127,3,21,2,12,1,4,2,2.4375
154132113,3,21,2,12,1,4,2,2.8411
154132131,3,21,2,12,1,4,2,2.2243
154132125,3,21,2,12,1,4,2,2.7322
154132107,3,21,2,12,1,4,2,2.5849
154132124,3,21,2,12,1,4,2,3.2923
154132122,3,21,2,12,1,4,2,3.8161
154132120,3,21,2,12,1,4,2,3.3536
154132110,3,21,2,12,1,4,2,2.7322
154132138,3,21,2,12,1,4,2,2.8502
154132104,3,21,2,12,1,4,2,2.501
154132101,3,21,2,12,1,4,2,4.2873
153122105,3,21,2,12,1,4,3,3.7572
153122129,3,21,2,12,1,4,3,2.0973
153122130,3,21,2,12,1,4,3,3.222
153122134,3,21,2,12,1,4,3,2.1404
153122135,3,21,2,12,1,4,3,3.1903
153122126,3,21,2,12,1,4,3,2.7889
153122111,3,21,2,12,1,4,3,3.9295
153122123,3,21,2,12,1,4,3,3.12
153122112,3,21,2,12,1,4,3,2.7141
153122128,3,21,2,12,1,4,3,2.7617
153122119,3,21,2,12,1,4,3,7.1654
153122116,3,21,2,12,1,4,3,3.4171
153122103,3,21,2,12,1,4,3,2.3717
153122139,3,21,2,12,1,4,3,3.4171
153122121,3,21,2,12,1,4,3,3.222
153122137,3,21,2,12,1,4,3,2.2651
153122117,3,21,2,12,1,4,3,3.4443
153122136,3,21,2,12,1,4,3,2.3944
153122109,3,21,2,12,1,4,3,4.2515
153122114,3,21,2,12,1,4,3,3.3309
153122106,3,21,2,12,1,4,3,2.6279
153122118,3,21,2,12,1,4,3,2.544
153122115,3,21,2,12,1,4,3,3.1835
153122133,3,21,2,12,1,4,3,2.544
153122108,3,21,2,12,1,4,3,3.3536
153122132,3,21,2,12,1,4,3,2.3286
153122102,3,21,2,12,1,4,3,3.9726
153122127,3,21,2,12,1,4,3,2.4375
153122113,3,21,2,12,1,4,3,2.8411
153122131,3,21,2,12,1,4,3,2.2243
153122125,3,21,2,12,1,4,3,2.7322
153122107,3,21,2,12,1,4,3,2.5849
153122124,3,21,2,12,1,4,3,3.2923
153122122,3,21,2,12,1,4,3,3.8161
153122120,3,21,2,12,1,4,3,3.3536
153122110,3,21,2,12,1,4,3,2.7322
153122138,3,21,2,12,1,4,3,2.8502
153122104,3,21,2,12,1,4,3,2.501
153122101,3,21,2,12,1,4,3,4.2873
155142105,3,21,2,12,1,4,4,3.8391
155142129,3,21,2,12,1,4,4,2.1792
155142130,3,21,2,12,1,4,4,3.3039
155142134,3,21,2,12,1,4,4,2.2223
155142135,3,21,2,12,1,4,4,3.2722
155142126,3,21,2,12,1,4,4,2.8708
155142111,3,21,2,12,1,4,4,4.0114
155142123,3,21,2,12,1,4,4,3.2019
155142112,3,21,2,12,1,4,4,2.796
155142128,3,21,2,12,1,4,4,2.8436
155142119,3,21,2,12,1,4,4,7.2473
155142116,3,21,2,12,1,4,4,3.4989
155142103,3,21,2,12,1,4,4,2.4536
155142139,3,21,2,12,1,4,4,3.4989
155142121,3,21,2,12,1,4,4,3.3039
155142137,3,21,2,12,1,4,4,2.347
155142117,3,21,2,12,1,4,4,3.5261
155142136,3,21,2,12,1,4,4,2.4763
155142109,3,21,2,12,1,4,4,4.3334
155142114,3,21,2,12,1,4,4,3.4128
155142106,3,21,2,12,1,4,4,2.7098
155142118,3,21,2,12,1,4,4,2.6259
155142115,3,21,2,12,1,4,4,3.2654
155142133,3,21,2,12,1,4,4,2.6259
155142108,3,21,2,12,1,4,4,3.4354
155142132,3,21,2,12,1,4,4,2.4105
155142102,3,21,2,12,1,4,4,4.0545
155142127,3,21,2,12,1,4,4,2.5193
155142113,3,21,2,12,1,4,4,2.9229
155142131,3,21,2,12,1,4,4,2.3062
155142125,3,21,2,12,1,4,4,2.8141
155142107,3,21,2,12,1,4,4,2.6668
155142124,3,21,2,12,1,4,4,3.3742
155142122,3,21,2,12,1,4,4,3.898
155142120,3,21,2,12,1,4,4,3.4354
155142110,3,21,2,12,1,4,4,2.8141
155142138,3,21,2,12,1,4,4,2.932
155142104,3,21,2,12,1,4,4,2.5828
155142101,3,21,2,12,1,4,4,4.3692
158032223,3,22,2,21,2,3,2,3.1722
158032221,3,22,2,21,2,3,2,3.9046
158032217,3,22,2,21,2,3,2,3.0678
158032211,3,22,2,21,2,3,2,3.1971
158032232,3,22,2,21,2,3,2,2.7232
158032229,3,22,2,21,2,3,2,3.0406
158032216,3,22,2,21,2,3,2,3.5599
158032212,3,22,2,21,2,3,2,3.1767
158032203,3,22,2,21,2,3,2,4.3536
158032226,3,22,2,21,2,3,2,3.6665
158032231,3,22,2,21,2,3,2,2.6438
158032233,3,22,2,21,2,3,2,3.6098
158032237,3,22,2,21,2,3,2,4.2651
158032235,3,22,2,21,2,3,2,2.8184
158032230,3,22,2,21,2,3,2,4.3694
158032234,3,22,2,21,2,3,2,3.5168
158032209,3,22,2,21,2,3,2,3.857
158032214,3,22,2,21,2,3,2,3.5622
158032206,3,22,2,21,2,3,2,4.5826
158032218,3,22,2,21,2,3,2,3.4987
158032215,3,22,2,21,2,3,2,3.2175
158032208,3,22,2,21,2,3,2,2.6438
158032228,3,22,2,21,2,3,2,3.1608
158032202,3,22,2,21,2,3,2,3.0792
158032213,3,22,2,21,2,3,2,2.8751
158032227,3,22,2,21,2,3,2,3.9658
158032225,3,22,2,21,2,3,2,3.7731
158032207,3,22,2,21,2,3,2,3.5168
158032224,3,22,2,21,2,3,2,2.9205
158032205,3,22,2,21,2,3,2,2.4511
158032219,3,22,2,21,2,3,2,3.2198
158032222,3,22,2,21,2,3,2,4.2198
158032220,3,22,2,21,2,3,2,5.1812
158032210,3,22,2,21,2,3,2,2.6415
158032236,3,22,2,21,2,3,2,3.3082
158032204,3,22,2,21,2,3,2,3.3014
158032201,3,22,2,21,2,3,2,2.9409
157032223,3,22,2,21,2,3,3,3.1767
157032221,3,22,2,21,2,3,3,3.9023
157032217,3,22,2,21,2,3,3,3.0701
157032211,3,22,2,21,2,3,3,3.1994
157032232,3,22,2,21,2,3,3,2.705
157032229,3,22,2,21,2,3,3,3.0429
157032216,3,22,2,21,2,3,3,3.5599
157032212,3,22,2,21,2,3,3,3.1767
157032203,3,22,2,21,2,3,3,4.3626
157032226,3,22,2,21,2,3,3,3.6665
157032231,3,22,2,21,2,3,3,2.662
157032233,3,22,2,21,2,3,3,3.6279
157032237,3,22,2,21,2,3,3,4.2629
157032235,3,22,2,21,2,3,3,2.7957
157032230,3,22,2,21,2,3,3,4.3717
157032234,3,22,2,21,2,3,3,3.5236
157032209,3,22,2,21,2,3,3,3.857
157032214,3,22,2,21,2,3,3,3.5576
157032206,3,22,2,21,2,3,3,4.5849
157032218,3,22,2,21,2,3,3,3.4964
157032215,3,22,2,21,2,3,3,3.222
157032208,3,22,2,21,2,3,3,2.6483
157032228,3,22,2,21,2,3,3,3.1585
157032202,3,22,2,21,2,3,3,3.0565
157032213,3,22,2,21,2,3,3,2.8774
157032227,3,22,2,21,2,3,3,3.9681
157032225,3,22,2,21,2,3,3,3.7731
157032207,3,22,2,21,2,3,3,3.51
157032224,3,22,2,21,2,3,3,2.9205
157032205,3,22,2,21,2,3,3,2.4511
157032219,3,22,2,21,2,3,3,3.222
157032222,3,22,2,21,2,3,3,4.222
157032220,3,22,2,21,2,3,3,5.179
157032210,3,22,2,21,2,3,3,2.6438
157032236,3,22,2,21,2,3,3,3.3082
157032204,3,22,2,21,2,3,3,3.3014
157032201,3,22,2,21,2,3,3,2.9454
159032223,3,22,2,21,2,3,4,3.1689
159032221,3,22,2,21,2,3,4,3.8939
159032217,3,22,2,21,2,3,4,3.0689
159032211,3,22,2,21,2,3,4,3.2001
159032232,3,22,2,21,2,3,4,2.7126
159032229,3,22,2,21,2,3,4,3.0439
159032216,3,22,2,21,2,3,4,3.5626
159032212,3,22,2,21,2,3,4,2.6439
159032203,3,22,2,21,2,3,4,3.8501
159032226,3,22,2,21,2,3,4,3.6814
159032231,3,22,2,21,2,3,4,2.6439
159032233,3,22,2,21,2,3,4,3.6126
159032237,3,22,2,21,2,3,4,4.2814
159032235,3,22,2,21,2,3,4,2.8001
159032230,3,22,2,21,2,3,4,4.3751
159032234,3,22,2,21,2,3,4,3.5314
159032209,3,22,2,21,2,3,4,3.8564
159032214,3,22,2,21,2,3,4,3.5626
159032206,3,22,2,21,2,3,4,4.0751
159032218,3,22,2,21,2,3,4,3.5126
159032215,3,22,2,21,2,3,4,3.2189
159032208,3,22,2,21,2,3,4,2.6439
159032228,3,22,2,21,2,3,4,3.1439
159032202,3,22,2,21,2,3,4,3.0689
159032213,3,22,2,21,2,3,4,2.8751
159032227,3,22,2,21,2,3,4,3.9626
159032225,3,22,2,21,2,3,4,3.7626
159032207,3,22,2,21,2,3,4,3.5189
159032224,3,22,2,21,2,3,4,2.9314
159032205,3,22,2,21,2,3,4,2.4501
159032219,3,22,2,21,2,3,4,3.2189
159032222,3,22,2,21,2,3,4,4.2314
159032220,3,22,2,21,2,3,4,5.1939
159032210,3,22,2,21,2,3,4,2.6439
159032236,3,22,2,21,2,3,4,3.2939
159032204,3,22,2,21,2,3,4,2.8001
159032201,3,22,2,21,2,3,4,2.9439
158042203,3,22,2,21,2,4,2,3.8502
158042233,3,22,2,21,2,4,2,2.6733
158042216,3,22,2,21,2,4,2,2.3785
158042213,3,22,2,21,2,4,2,2.0996
158042231,3,22,2,21,2,4,2,3.1585
158042229,3,22,2,21,2,4,2,2.3672
158042226,3,22,2,21,2,4,2,1.9681
158042214,3,22,2,21,2,4,2,2.696
158042220,3,22,2,21,2,4,2,2.569
158042227,3,22,2,21,2,4,2,3.6574
158042207,3,22,2,21,2,4,2,4.0837
158042219,3,22,2,21,2,4,2,3.0588
158042211,3,22,2,21,2,4,2,0.6053
158042217,3,22,2,21,2,4,2,3.0588
158042228,3,22,2,21,2,4,2,2.6733
158042224,3,22,2,21,2,4,2,4.6461
158042202,3,22,2,21,2,4,2,2.569
158042234,3,22,2,21,2,4,2,2.51
158042208,3,22,2,21,2,4,2,3.0044
158042206,3,22,2,21,2,4,2,2.4511
158042221,3,22,2,21,2,4,2,2.9976
158042232,3,22,2,21,2,4,2,3.4352
158042223,3,22,2,21,2,4,2,2.7254
158042212,3,22,2,21,2,4,2,2.1404
158042210,3,22,2,21,2,4,2,2.0338
158042230,3,22,2,21,2,4,2,3.7708
158042205,3,22,2,21,2,4,2,1.9703
158042201,3,22,2,21,2,4,2,2.3921
158042225,3,22,2,21,2,4,2,1.3468
157042203,3,22,2,21,2,4,3,3.7345
157042230,3,22,2,21,2,4,3,2.6483
157042214,3,22,2,21,2,4,3,2.3604
157042211,3,22,2,21,2,4,3,2.12
157042228,3,22,2,21,2,4,3,3.1291
157042226,3,22,2,21,2,4,3,2.9182
157042229,3,22,2,21,2,4,3,3.9976
157042212,3,22,2,21,2,4,3,2.6733
157042218,3,22,2,21,2,4,3,2.5712
157042224,3,22,2,21,2,4,3,3.6824
157042206,3,22,2,21,2,4,3,2.4533
157042217,3,22,2,21,2,4,3,3.0656
157042209,3,22,2,21,2,4,3,2.6166
157042215,3,22,2,21,2,4,3,3.0361
157042225,3,22,2,21,2,4,3,2.6438
157042222,3,22,2,21,2,4,3,4.6415
157042202,3,22,2,21,2,4,3,2.5758
157042231,3,22,2,21,2,4,3,2.5463
157042207,3,22,2,21,2,4,3,4.5826
157042205,3,22,2,21,2,4,3,2.0134
157042219,3,22,2,21,2,4,3,3.4647
157042221,3,22,2,21,2,4,3,2.7595
157042210,3,22,2,21,2,4,3,3.3195
157042208,3,22,2,21,2,4,3,3.5191
157042227,3,22,2,21,2,4,3,3.2833
157042204,3,22,2,21,2,4,3,0.7096
157042201,3,22,2,21,2,4,3,2.442
157042223,3,22,2,21,2,4,3,3.4034
157042216,3,22,2,21,2,4,3,2.7232
159042203,3,22,2,21,2,4,4,3.8501
159042224,3,22,2,21,2,4,4,3.4064
159042227,3,22,2,21,2,4,4,2.3689
159042216,3,22,2,21,2,4,4,2.9126
159042212,3,22,2,21,2,4,4,2.6626
159042229,3,22,2,21,2,4,4,3.1064
159042231,3,22,2,21,2,4,4,2.6564
159042230,3,22,2,21,2,4,4,3.4626
159042206,3,22,2,21,2,4,4,4.0814
159042217,3,22,2,21,2,4,4,2.5814
159042209,3,22,2,21,2,4,4,3.3501
159042220,3,22,2,21,2,4,4,3.0689
159042226,3,22,2,21,2,4,4,2.6439
159042221,3,22,2,21,2,4,4,2.9689
159042202,3,22,2,21,2,4,4,2.5751
159042211,3,22,2,21,2,4,4,2.6876
159042232,3,22,2,21,2,4,4,3.0501
159042207,3,22,2,21,2,4,4,3.0064
159042205,3,22,2,21,2,4,4,1.9501
159042222,3,22,2,21,2,4,4,2.7251
159042223,3,22,2,21,2,4,4,4.6751
159042210,3,22,2,21,2,4,4,2.1314
159042208,3,22,2,21,2,4,4,2.1439
159042228,3,22,2,21,2,4,4,3.2564
159042204,3,22,2,21,2,4,4,2.8064
159042201,3,22,2,21,2,4,4,2.4439
159042225,3,22,2,21,2,4,4,3.7189
159042219,3,22,2,21,2,4,4,2.9189
159042214,3,22,2,21,2,4,4,2.2376
158052231,3,22,2,22,1,1,2,2.7277
158052222,3,22,2,22,1,1,2,3.179
158052217,3,22,2,22,1,1,2,3.0701
158052230,3,22,2,22,1,1,2,2.6189
158052224,3,22,2,22,1,1,2,3.8025
158052216,3,22,2,22,1,1,2,3.5576
158052211,3,22,2,22,1,1,2,3.1948
158052203,3,22,2,22,1,1,2,4.3468
158052212,3,22,2,22,1,1,2,3.1744
158052229,3,22,2,22,1,1,2,4.3604
158052227,3,22,2,22,1,1,2,3.179
158052236,3,22,2,22,1,1,2,4.1835
158052234,3,22,2,22,1,1,2,2.798
158052228,3,22,2,22,1,1,2,3.0225
158052232,3,22,2,22,1,1,2,3.6189
158052209,3,22,2,22,1,1,2,3.9522
158052214,3,22,2,22,1,1,2,3.5372
158052206,3,22,2,22,1,1,2,4.5849
158052218,3,22,2,22,1,1,2,3.5078
158052215,3,22,2,22,1,1,2,3.222
158052233,3,22,2,22,1,1,2,3.5123
158052226,3,22,2,22,1,1,2,3.9205
158052202,3,22,2,22,1,1,2,3.0656
158052213,3,22,2,22,1,1,2,2.9
158052207,3,22,2,22,1,1,2,3.5168
158052225,3,22,2,22,1,1,2,3.6869
158052205,3,22,2,22,1,1,2,2.4511
158052220,3,22,2,22,1,1,2,3.891
158052223,3,22,2,22,1,1,2,2.9273
158052221,3,22,2,22,1,1,2,4.2379
158052210,3,22,2,22,1,1,2,2.5486
158052208,3,22,2,22,1,1,2,2.6415
158052235,3,22,2,22,1,1,2,3.3876
158052204,3,22,2,22,1,1,2,3.281
158052201,3,22,2,22,1,1,2,2.9771
157052235,3,22,2,22,1,1,3,3.6143
157052224,3,22,2,22,1,1,3,4.2606
157052219,3,22,2,22,1,1,3,3.5418
157052234,3,22,2,22,1,1,3,2.739
157052226,3,22,2,22,1,1,3,2.9477
157052218,3,22,2,22,1,1,3,3.2334
157052212,3,22,2,22,1,1,3,2.637
157052203,3,22,2,22,1,1,3,4.2651
157052213,3,22,2,22,1,1,3,3.1676
157052233,3,22,2,22,1,1,3,2.6302
157052231,3,22,2,22,1,1,3,2.9749
157052241,3,22,2,22,1,1,3,3.4284
157052238,3,22,2,22,1,1,3,2.8207
157052232,3,22,2,22,1,1,3,4.3626
157052237,3,22,2,22,1,1,3,2.6415
157052210,3,22,2,22,1,1,3,2.6325
157052215,3,22,2,22,1,1,3,2.8796
157052207,3,22,2,22,1,1,3,2.4533
157052220,3,22,2,22,1,1,3,3.0678
157052217,3,22,2,22,1,1,3,2.5917
157052209,3,22,2,22,1,1,3,3.5418
157052230,3,22,2,22,1,1,3,3.2356
157052202,3,22,2,22,1,1,3,3.1313
157052214,3,22,2,22,1,1,3,3.1835
157052229,3,22,2,22,1,1,3,3.9703
157052228,3,22,2,22,1,1,3,3.6415
157052208,3,22,2,22,1,1,3,4.5826
157052227,3,22,2,22,1,1,3,3.7731
157052206,3,22,2,22,1,1,3,0.8978
157052221,3,22,2,22,1,1,3,3.5214
157052225,3,22,2,22,1,1,3,3.1381
157052223,3,22,2,22,1,1,3,3.8978
157052211,3,22,2,22,1,1,3,3.8774
157052239,3,22,2,22,1,1,3,3.3626
157052204,3,22,2,22,1,1,3,0.7277
159052223,3,22,2,22,1,1,4,3.0876
159052221,3,22,2,22,1,1,4,3.9126
159052217,3,22,2,22,1,1,4,3.0626
159052211,3,22,2,22,1,1,4,3.1876
159052232,3,22,2,22,1,1,4,2.7501
159052229,3,22,2,22,1,1,4,3.0376
159052216,3,22,2,22,1,1,4,3.5689
159052212,3,22,2,22,1,1,4,3.1751
159052203,3,22,2,22,1,1,4,4.3439
159052226,3,22,2,22,1,1,4,3.6251
159052231,3,22,2,22,1,1,4,2.6439
159052233,3,22,2,22,1,1,4,3.5814
159052237,3,22,2,22,1,1,4,4.1876
159052235,3,22,2,22,1,1,4,2.7939
159052230,3,22,2,22,1,1,4,4.3689
159052234,3,22,2,22,1,1,4,3.5251
159052209,3,22,2,22,1,1,4,3.8626
159052214,3,22,2,22,1,1,4,3.5626
159052206,3,22,2,22,1,1,4,4.5876
159052218,3,22,2,22,1,1,4,3.5126
159052215,3,22,2,22,1,1,4,3.2189
159052208,3,22,2,22,1,1,4,2.6376
159052228,3,22,2,22,1,1,4,3.1564
159052202,3,22,2,22,1,1,4,3.0626
159052213,3,22,2,22,1,1,4,2.8751
159052227,3,22,2,22,1,1,4,3.9751
159052225,3,22,2,22,1,1,4,3.7814
159052207,3,22,2,22,1,1,4,3.5189
159052224,3,22,2,22,1,1,4,2.9439
159052205,3,22,2,22,1,1,4,2.4564
159052219,3,22,2,22,1,1,4,3.4001
159052222,3,22,2,22,1,1,4,4.2876
159052220,3,22,2,22,1,1,4,5.0126
159052210,3,22,2,22,1,1,4,2.6501
159052236,3,22,2,22,1,1,4,3.3876
158062224,3,22,2,22,1,2,2,3.1676
158062222,3,22,2,22,1,2,2,3.9068
158062218,3,22,2,22,1,2,2,3.0656
158062212,3,22,2,22,1,2,2,3.1948
158062233,3,22,2,22,1,2,2,2.7096
158062230,3,22,2,22,1,2,2,3.0474
158062217,3,22,2,22,1,2,2,3.5622
158062213,3,22,2,22,1,2,2,3.1744
158062203,3,22,2,22,1,2,2,4.3127
158062227,3,22,2,22,1,2,2,3.6506
158062232,3,22,2,22,1,2,2,2.6415
158062234,3,22,2,22,1,2,2,3.6189
158062239,3,22,2,22,1,2,2,3.4057
158062236,3,22,2,22,1,2,2,2.8139
158062231,3,22,2,22,1,2,2,4.3694
158062235,3,22,2,22,1,2,2,3.5168
158062210,3,22,2,22,1,2,2,3.8592
158062215,3,22,2,22,1,2,2,3.5622
158062206,3,22,2,22,1,2,2,4.5803
158062219,3,22,2,22,1,2,2,3.4919
158062216,3,22,2,22,1,2,2,3.2152
158062209,3,22,2,22,1,2,2,2.6415
158062229,3,22,2,22,1,2,2,3.1517
158062202,3,22,2,22,1,2,2,3.0701
158062214,3,22,2,22,1,2,2,2.8728
158062228,3,22,2,22,1,2,2,3.9635
158062226,3,22,2,22,1,2,2,3.7549
158062208,3,22,2,22,1,2,2,2.7549
158062225,3,22,2,22,1,2,2,2.9499
158062205,3,22,2,22,1,2,2,2.4511
158062220,3,22,2,22,1,2,2,3.2379
158062223,3,22,2,22,1,2,2,4.2175
158062221,3,22,2,22,1,2,2,5.1245
158062211,3,22,2,22,1,2,2,2.637
158062237,3,22,2,22,1,2,2,3.3445
157062231,3,22,2,22,1,2,3,2.7254
157062222,3,22,2,22,1,2,3,3.1699
157062217,3,22,2,22,1,2,3,3.0656
157062230,3,22,2,22,1,2,3,2.6393
157062224,3,22,2,22,1,2,3,3.7935
157062216,3,22,2,22,1,2,3,3.5599
157062211,3,22,2,22,1,2,3,3.1835
157062203,3,22,2,22,1,2,3,4.3717
157062212,3,22,2,22,1,2,3,3.1676
157062229,3,22,2,22,1,2,3,4.349
157062227,3,22,2,22,1,2,3,3.1359
157062236,3,22,2,22,1,2,3,4.2266
157062234,3,22,2,22,1,2,3,2.8229
157062228,3,22,2,22,1,2,3,3.0633
157062232,3,22,2,22,1,2,3,3.6075
157062209,3,22,2,22,1,2,3,3.8411
157062214,3,22,2,22,1,2,3,3.5531
157062206,3,22,2,22,1,2,3,4.5849
157062218,3,22,2,22,1,2,3,3.5032
157062215,3,22,2,22,1,2,3,3.2152
157062233,3,22,2,22,1,2,3,3.5191
157062226,3,22,2,22,1,2,3,3.9839
157062202,3,22,2,22,1,2,3,3.0406
157062213,3,22,2,22,1,2,3,2.8819
157062207,3,22,2,22,1,2,3,3.5191
157062225,3,22,2,22,1,2,3,3.6189
157062205,3,22,2,22,1,2,3,2.4465
157062220,3,22,2,22,1,2,3,3.9091
157062223,3,22,2,22,1,2,3,2.9227
157062221,3,22,2,22,1,2,3,4.2379
157062210,3,22,2,22,1,2,3,2.6665
157062208,3,22,2,22,1,2,3,2.6506
157062235,3,22,2,22,1,2,3,3.3377
157062204,3,22,2,22,1,2,3,3.2787
157062201,3,22,2,22,1,2,3,2.9726
159062223,3,22,2,22,1,2,4,3.0814
159062221,3,22,2,22,1,2,4,3.9001
159062217,3,22,2,22,1,2,4,3.0626
159062211,3,22,2,22,1,2,4,2.6751
159062232,3,22,2,22,1,2,4,2.7126
159062229,3,22,2,22,1,2,4,3.0439
159062216,3,22,2,22,1,2,4,3.5626
159062212,3,22,2,22,1,2,4,3.1751
159062203,3,22,2,22,1,2,4,4.3564
159062226,3,22,2,22,1,2,4,3.5814
159062231,3,22,2,22,1,2,4,2.6439
159062233,3,22,2,22,1,2,4,3.6126
159062237,3,22,2,22,1,2,4,4.1876
159062235,3,22,2,22,1,2,4,2.8001
159062230,3,22,2,22,1,2,4,4.3626
159062234,3,22,2,22,1,2,4,3.5189
159062209,3,22,2,22,1,2,4,3.8626
159062214,3,22,2,22,1,2,4,3.5626
159062206,3,22,2,22,1,2,4,4.5876
159062218,3,22,2,22,1,2,4,3.5126
159062215,3,22,2,22,1,2,4,3.2189
159062208,3,22,2,22,1,2,4,2.6376
159062228,3,22,2,22,1,2,4,3.1501
159062202,3,22,2,22,1,2,4,3.0439
159062213,3,22,2,22,1,2,4,2.8751
159062227,3,22,2,22,1,2,4,3.9689
159062225,3,22,2,22,1,2,4,3.7689
159062207,3,22,2,22,1,2,4,3.5126
159062224,3,22,2,22,1,2,4,3.0001
159062205,3,22,2,22,1,2,4,2.4439
159062219,3,22,2,22,1,2,4,3.3751
159062222,3,22,2,22,1,2,4,4.3064
159062220,3,22,2,22,1,2,4,5.0251
159062210,3,22,2,22,1,2,4,2.6376
159062236,3,22,2,22,1,2,4,3.3814
158122405,3,24,2,24,1,4,2,4.0316
158122430,3,24,2,24,1,4,2,2.6529
158122431,3,24,2,24,1,4,2,3.73
158122435,3,24,2,24,1,4,2,4.0021
158122436,3,24,2,24,1,4,2,3.3876
158122427,3,24,2,24,1,4,2,2.4329
158122411,3,24,2,24,1,4,2,5.0089
158122424,3,24,2,24,1,4,2,3.1835
158122412,3,24,2,24,1,4,2,3.8139
158122429,3,24,2,24,1,4,2,4.0089
158122419,3,24,2,24,1,4,2,3.6551
158122416,3,24,2,24,1,4,2,2.6824
158122403,3,24,2,24,1,4,2,2.7708
158122440,3,24,2,24,1,4,2,3.9227
158122422,3,24,2,24,1,4,2,2.4556
158122438,3,24,2,24,1,4,2,5.3898
158122417,3,24,2,24,1,4,2,3.3286
158122437,3,24,2,24,1,4,2,2.7345
158122409,3,24,2,24,1,4,2,3.2379
158122414,3,24,2,24,1,4,2,3.0905
158122406,3,24,2,24,1,4,2,3.0656
158122418,3,24,2,24,1,4,2,4.2674
158122415,3,24,2,24,1,4,2,2.9
158122434,3,24,2,24,1,4,2,4.1971
158122408,3,24,2,24,1,4,2,3.637
158122433,3,24,2,24,1,4,2,4.1177
158122402,3,24,2,24,1,4,2,3.2606
158122428,3,24,2,24,1,4,2,3.4034
158122413,3,24,2,24,1,4,2,3.1064
158122432,3,24,2,24,1,4,2,4.2243
158122426,3,24,2,24,1,4,2,3.0883
158122407,3,24,2,24,1,4,2,3.3558
158122425,3,24,2,24,1,4,2,3.2765
158122423,3,24,2,24,1,4,2,2.3127
158122421,3,24,2,24,1,4,2,3.281
158122410,3,24,2,24,1,4,2,3.2039
158122439,3,24,2,24,1,4,2,3.4307
158122404,3,24,2,24,1,4,2,2.9635
158122401,3,24,2,24,1,4,2,3.1585
157112405,3,24,2,24,1,4,3,4.018
157112430,3,24,2,24,1,4,3,3.1608
157112431,3,24,2,24,1,4,3,3.7254
157112435,3,24,2,24,1,4,3,3.9839
157112436,3,24,2,24,1,4,3,3.3989
157112427,3,24,2,24,1,4,3,2.9431
157112411,3,24,2,24,1,4,3,4.9885
157112424,3,24,2,24,1,4,3,3.6733
157112412,3,24,2,24,1,4,3,3.8343
157112429,3,24,2,24,1,4,3,4.0089
157112419,3,24,2,24,1,4,3,3.6642
157112416,3,24,2,24,1,4,3,2.6846
157112403,3,24,2,24,1,4,3,2.7685
157112440,3,24,2,24,1,4,3,3.9159
157112422,3,24,2,24,1,4,3,2.9635
157112438,3,24,2,24,1,4,3,5.3717
157112417,3,24,2,24,1,4,3,3.3286
157112437,3,24,2,24,1,4,3,2.7436
157112409,3,24,2,24,1,4,3,3.2402
157112414,3,24,2,24,1,4,3,3.0769
157112406,3,24,2,24,1,4,3,3.0769
157112418,3,24,2,24,1,4,3,4.2606
157112415,3,24,2,24,1,4,3,2.8978
157112434,3,24,2,24,1,4,3,4.1994
157112408,3,24,2,24,1,4,3,3.6461
157112433,3,24,2,24,1,4,3,4.1155
157112402,3,24,2,24,1,4,3,3.2515
157112428,3,24,2,24,1,4,3,3.8955
157112413,3,24,2,24,1,4,3,3.1041
157112432,3,24,2,24,1,4,3,4.2402
157112426,3,24,2,24,1,4,3,3.0951
157112407,3,24,2,24,1,4,3,3.3309
157112425,3,24,2,24,1,4,3,3.7685
157112423,3,24,2,24,1,4,3,2.8229
157112421,3,24,2,24,1,4,3,3.3059
157112410,3,24,2,24,1,4,3,3.2243
157112439,3,24,2,24,1,4,3,3.4329
157112404,3,24,2,24,1,4,3,2.9839
157112401,3,24,2,24,1,4,3,3.1744
159122405,3,24,2,24,1,4,4,3.5251
159122430,3,24,2,24,1,4,4,2.6376
159122431,3,24,2,24,1,4,4,3.1376
159122435,3,24,2,24,1,4,4,3.3939
159122436,3,24,2,24,1,4,4,2.9001
159122427,3,24,2,24,1,4,4,2.4001
159122411,3,24,2,24,1,4,4,4.9939
159122424,3,24,2,24,1,4,4,3.1751
159122412,3,24,2,24,1,4,4,3.8189
159122429,3,24,2,24,1,4,4,3.4314
159122419,3,24,2,24,1,4,4,3.1626
159122416,3,24,2,24,1,4,4,2.6689
159122403,3,24,2,24,1,4,4,2.8001
159122440,3,24,2,24,1,4,4,3.9189
159122422,3,24,2,24,1,4,4,2.4439
159122438,3,24,2,24,1,4,4,5.3689
159122417,3,24,2,24,1,4,4,3.3439
159122437,3,24,2,24,1,4,4,2.1939
159122409,3,24,2,24,1,4,4,2.6814
159122414,3,24,2,24,1,4,4,3.0876
159122406,3,24,2,24,1,4,4,3.0689
159122418,3,24,2,24,1,4,4,4.2376
159122415,3,24,2,24,1,4,4,2.9001
159122434,3,24,2,24,1,4,4,4.2001
159122408,3,24,2,24,1,4,4,3.1126
159122433,3,24,2,24,1,4,4,4.1126
159122402,3,24,2,24,1,4,4,2.6876
159122428,3,24,2,24,1,4,4,3.3439
159122413,3,24,2,24,1,4,4,2.5939
159122432,3,24,2,24,1,4,4,3.6876
159122426,3,24,2,24,1,4,4,2.5814
159122407,3,24,2,24,1,4,4,2.8376
159122425,3,24,2,24,1,4,4,3.2689
159122423,3,24,2,24,1,4,4,2.3251
159122421,3,24,2,24,1,4,4,3.2814
159122410,3,24,2,24,1,4,4,2.7001
159122439,3,24,2,24,1,4,4,2.8564
159122404,3,24,2,24,1,4,4,2.9564
159122401,3,24,2,24,1,4,4,2.6751
158032505,3,25,2,21,2,3,2,3.603
158032529,3,25,2,21,2,3,2,3.7345
158032530,3,25,2,21,2,3,2,2.6211
158032534,3,25,2,21,2,3,2,4.8229
158032535,3,25,2,21,2,3,2,3.6551
158032526,3,25,2,21,2,3,2,2.9749
158032511,3,25,2,21,2,3,2,3.2288
158032523,3,25,2,21,2,3,2,2.4919
158032512,3,25,2,21,2,3,2,3.7731
158032528,3,25,2,21,2,3,2,3.3173
158032519,3,25,2,21,2,3,2,3.3921
158032516,3,25,2,21,2,3,2,4.3513
158032503,3,25,2,21,2,3,2,5.4579
158032539,3,25,2,21,2,3,2,3.052
158032521,3,25,2,21,2,3,2,3.2991
158032537,3,25,2,21,2,3,2,3.8093
158032517,3,25,2,21,2,3,2,3.6461
158032536,3,25,2,21,2,3,2,3.3422
158032509,3,25,2,21,2,3,2,3.3989
158032514,3,25,2,21,2,3,2,3.0044
158032506,3,25,2,21,2,3,2,3.1676
158032518,3,25,2,21,2,3,2,3.5576
158032515,3,25,2,21,2,3,2,5.1994
158032533,3,25,2,21,2,3,2,3.027
158032508,3,25,2,21,2,3,2,2.9295
158032532,3,25,2,21,2,3,2,3.603
158032502,3,25,2,21,2,3,2,4.7527
158032527,3,25,2,21,2,3,2,2.9953
158032513,3,25,2,21,2,3,2,3.7753
158032531,3,25,2,21,2,3,2,3.705
158032525,3,25,2,21,2,3,2,2.9363
158032507,3,25,2,21,2,3,2,3.0701
158032524,3,25,2,21,2,3,2,2.8638
158032522,3,25,2,21,2,3,2,4.0973
158032520,3,25,2,21,2,3,2,3.3241
158032510,3,25,2,21,2,3,2,3.4851
157032532,3,25,2,21,2,3,3,3.6642
157032521,3,25,2,21,2,3,3,2.4873
157032517,3,25,2,21,2,3,3,3.3921
157032531,3,25,2,21,2,3,3,4.8683
157032523,3,25,2,21,2,3,3,2.9227
157032516,3,25,2,21,2,3,3,3.5599
157032511,3,25,2,21,2,3,3,3.7753
157032503,3,25,2,21,2,3,3,3.6007
157032512,3,25,2,21,2,3,3,3.0066
157032530,3,25,2,21,2,3,3,3.027
157032528,3,25,2,21,2,3,3,3.6914
157032536,3,25,2,21,2,3,3,3.0542
157032534,3,25,2,21,2,3,3,3.8071
157032529,3,25,2,21,2,3,3,3.603
157032533,3,25,2,21,2,3,3,3.2923
157032509,3,25,2,21,2,3,3,3.2356
157032514,3,25,2,21,2,3,3,4.349
157032506,3,25,2,21,2,3,3,2.9477
157032518,3,25,2,21,2,3,3,3.3241
157032515,3,25,2,21,2,3,3,3.6461
157032508,3,25,2,21,2,3,3,3.4715
157032527,3,25,2,21,2,3,3,2.6166
157032502,3,25,2,21,2,3,3,3.4533
157032513,3,25,2,21,2,3,3,5.2016
157032526,3,25,2,21,2,3,3,3.7481
157032525,3,25,2,21,2,3,3,6.9182
157032507,3,25,2,21,2,3,3,3.4012
157032524,3,25,2,21,2,3,3,2.9817
157032505,3,25,2,21,2,3,3,3.0724
157032519,3,25,2,21,2,3,3,3.3014
157032522,3,25,2,21,2,3,3,2.8819
157032520,3,25,2,21,2,3,3,4.0973
157032510,3,25,2,21,2,3,3,4.2402
157032535,3,25,2,21,2,3,3,3.3944
157032504,3,25,2,21,2,3,3,3.1381
157032501,3,25,2,21,2,3,3,3.8451
159032505,3,25,2,21,2,3,4,3.6064
159032529,3,25,2,21,2,3,4,3.7564
159032530,3,25,2,21,2,3,4,2.6251
159032534,3,25,2,21,2,3,4,4.8439
159032535,3,25,2,21,2,3,4,3.6439
159032526,3,25,2,21,2,3,4,2.9814
159032511,3,25,2,21,2,3,4,3.2376
159032523,3,25,2,21,2,3,4,2.4626
159032512,3,25,2,21,2,3,4,4.2501
159032528,3,25,2,21,2,3,4,3.2564
159032519,3,25,2,21,2,3,4,3.4064
159032516,3,25,2,21,2,3,4,4.3439
159032503,3,25,2,21,2,3,4,5.4376
159032539,3,25,2,21,2,3,4,3.0626
159032521,3,25,2,21,2,3,4,3.3064
159032537,3,25,2,21,2,3,4,3.8064
159032517,3,25,2,21,2,3,4,3.6501
159032536,3,25,2,21,2,3,4,3.3501
159032509,3,25,2,21,2,3,4,3.4251
159032514,3,25,2,21,2,3,4,2.9876
159032506,3,25,2,21,2,3,4,3.1376
159032518,3,25,2,21,2,3,4,3.5564
159032515,3,25,2,21,2,3,4,5.2064
159032533,3,25,2,21,2,3,4,3.0189
159032508,3,25,2,21,2,3,4,2.9501
159032532,3,25,2,21,2,3,4,3.6064
159032502,3,25,2,21,2,3,4,4.7939
159032527,3,25,2,21,2,3,4,3.0314
159032513,3,25,2,21,2,3,4,3.7814
159032531,3,25,2,21,2,3,4,3.7001
159032525,3,25,2,21,2,3,4,2.9376
159032507,3,25,2,21,2,3,4,3.0626
159032524,3,25,2,21,2,3,4,2.8626
159032522,3,25,2,21,2,3,4,4.1251
159032520,3,25,2,21,2,3,4,3.3126
159032510,3,25,2,21,2,3,4,3.4564
158042506,3,25,2,21,2,4,2,2.8252
158042503,3,25,2,21,2,4,2,3.1381
158042521,3,25,2,21,2,4,2,4.315
158042518,3,25,2,21,2,4,2,3.2084
158042513,3,25,2,21,2,4,2,2.3422
158042524,3,25,2,21,2,4,2,3.8048
158042519,3,25,2,21,2,4,2,3.1019
158042526,3,25,2,21,2,4,2,2.5508
158042525,3,25,2,21,2,4,2,3.3762
158042516,3,25,2,21,2,4,2,3.7096
158042502,3,25,2,21,2,4,2,4.2016
158042511,3,25,2,21,2,4,2,2.408
158042515,3,25,2,21,2,4,2,2.8479
158042509,3,25,2,21,2,4,2,1.9953
158042507,3,25,2,21,2,4,2,2.8048
158042520,3,25,2,21,2,4,2,2.535
158042505,3,25,2,21,2,4,2,2.8887
158042510,3,25,2,21,2,4,2,2.3377
158042508,3,25,2,21,2,4,2,3.5849
158042522,3,25,2,21,2,4,2,3.4828
158042504,3,25,2,21,2,4,2,3.0474
158042501,3,25,2,21,2,4,2,2.1149
158042523,3,25,2,21,2,4,2,3.5146
158042517,3,25,2,21,2,4,2,2.12
158042514,3,25,2,21,2,4,2,2.4443
157042523,3,25,2,21,2,4,3,2.3558
157042530,3,25,2,21,2,4,3,3.1971
157042517,3,25,2,21,2,4,3,3.0542
157042516,3,25,2,21,2,4,3,3.0678
157042512,3,25,2,21,2,4,3,3.1858
157042521,3,25,2,21,2,4,3,3.5803
157042527,3,25,2,21,2,4,3,2.8116
157042511,3,25,2,21,2,4,3,3.7322
157042526,3,25,2,21,2,4,3,2.4488
157042503,3,25,2,21,2,4,3,2.9363
157042532,3,25,2,21,2,4,3,2.51
157042534,3,25,2,21,2,4,3,2.9635
157042533,3,25,2,21,2,4,3,4.3263
157042538,3,25,2,21,2,4,3,2.5508
157042536,3,25,2,21,2,4,3,3.8139
157042531,3,25,2,21,2,4,3,3.1109
157042535,3,25,2,21,2,4,3,3.5078
157042509,3,25,2,21,2,4,3,2.9817
157042514,3,25,2,21,2,4,3,4.7005
157042506,3,25,2,21,2,4,3,2.5214
157042518,3,25,2,21,2,4,3,2.8887
157042515,3,25,2,21,2,4,3,3.8411
157042508,3,25,2,21,2,4,3,3.3898
157042529,3,25,2,21,2,4,3,2.1291
157042502,3,25,2,21,2,4,3,4.9522
159042523,3,25,2,21,2,4,4,2.3751
159042531,3,25,2,21,2,4,4,3.1939
159042517,3,25,2,21,2,4,4,2.9939
159042516,3,25,2,21,2,4,4,3.1439
159042512,3,25,2,21,2,4,4,3.2189
159042521,3,25,2,21,2,4,4,3.5939
159042528,3,25,2,21,2,4,4,2.7001
159042511,3,25,2,21,2,4,4,4.2376
159042527,3,25,2,21,2,4,4,2.4501
159042503,3,25,2,21,2,4,4,2.9814
159042533,3,25,2,21,2,4,4,2.4501
159042535,3,25,2,21,2,4,4,3.0939
159042534,3,25,2,21,2,4,4,4.8126
159042539,3,25,2,21,2,4,4,2.5064
159042537,3,25,2,21,2,4,4,3.2376
159042532,3,25,2,21,2,4,4,3.1064
159042536,3,25,2,21,2,4,4,3.4126
159042509,3,25,2,21,2,4,4,3.4814
159042514,3,25,2,21,2,4,4,4.7001
159042506,3,25,2,21,2,4,4,2.5376
159042518,3,25,2,21,2,4,4,2.8689
159042515,3,25,2,21,2,4,4,3.8501
159042508,3,25,2,21,2,4,4,2.8814
159042530,3,25,2,21,2,4,4,2.1376
159042502,3,25,2,21,2,4,4,4.9064
158122505,3,25,2,24,1,4,2,3.5803
158122529,3,25,2,24,1,4,2,3.705
158122530,3,25,2,24,1,4,2,2.6166
158122534,3,25,2,24,1,4,2,4.8298
158122535,3,25,2,24,1,4,2,3.4329
158122526,3,25,2,24,1,4,2,2.9817
158122511,3,25,2,24,1,4,2,3.2402
158122523,3,25,2,24,1,4,2,2.5078
158122512,3,25,2,24,1,4,2,4.2402
158122528,3,25,2,24,1,4,2,3.3195
158122519,3,25,2,24,1,4,2,3.4057
158122516,3,25,2,24,1,4,2,4.3082
158122503,3,25,2,24,1,4,2,5.4511
158122539,3,25,2,24,1,4,2,3.0633
158122521,3,25,2,24,1,4,2,3.2991
158122537,3,25,2,24,1,4,2,3.8139
158122517,3,25,2,24,1,4,2,3.6415
158122536,3,25,2,24,1,4,2,3.5599
158122509,3,25,2,24,1,4,2,3.4284
158122514,3,25,2,24,1,4,2,3.0089
158122506,3,25,2,24,1,4,2,3.1291
158122518,3,25,2,24,1,4,2,3.5803
158122515,3,25,2,24,1,4,2,5.2493
158122533,3,25,2,24,1,4,2,2.9794
158122508,3,25,2,24,1,4,2,2.9205
158122532,3,25,2,24,1,4,2,3.6302
158122502,3,25,2,24,1,4,2,4.7572
158122527,3,25,2,24,1,4,2,3.018
158122513,3,25,2,24,1,4,2,3.7776
158122531,3,25,2,24,1,4,2,3.7118
158122525,3,25,2,24,1,4,2,2.9522
158122507,3,25,2,24,1,4,2,3.0701
158122524,3,25,2,24,1,4,2,2.8456
158122522,3,25,2,24,1,4,2,4.0951
158122520,3,25,2,24,1,4,2,3.3853
158122510,3,25,2,24,1,4,2,3.4737
158122538,3,25,2,24,1,4,2,3.3966
158122504,3,25,2,24,1,4,2,3.5032
158122501,3,25,2,24,1,4,2,4.8727
157112505,3,25,2,24,1,4,3,3.5599
157112529,3,25,2,24,1,4,3,3.6937
157112530,3,25,2,24,1,4,3,2.6007
157112534,3,25,2,24,1,4,3,4.7731
157112535,3,25,2,24,1,4,3,3.4307
157112526,3,25,2,24,1,4,3,2.9182
157112511,3,25,2,24,1,4,3,3.2243
157112523,3,25,2,24,1,4,3,2.51
157112512,3,25,2,24,1,4,3,4.2402
157112528,3,25,2,24,1,4,3,3.3195
157112519,3,25,2,24,1,4,3,3.3853
157112516,3,25,2,24,1,4,3,4.2923
157112503,3,25,2,24,1,4,3,5.4601
157112539,3,25,2,24,1,4,3,3.0701
157112521,3,25,2,24,1,4,3,3.3195
157112537,3,25,2,24,1,4,3,3.8139
157112517,3,25,2,24,1,4,3,3.696
157112536,3,25,2,24,1,4,3,3.5871
157112509,3,25,2,24,1,4,3,3.4307
157112514,3,25,2,24,1,4,3,3.0316
157112506,3,25,2,24,1,4,3,3.1404
157112518,3,25,2,24,1,4,3,3.5282
157112515,3,25,2,24,1,4,3,5.2583
157112533,3,25,2,24,1,4,3,3.0406
157112508,3,25,2,24,1,4,3,2.9182
157112532,3,25,2,24,1,4,3,3.6211
157112502,3,25,2,24,1,4,3,4.7368
157112527,3,25,2,24,1,4,3,3.0565
157112513,3,25,2,24,1,4,3,3.7685
157112531,3,25,2,24,1,4,3,3.7141
157112525,3,25,2,24,1,4,3,3.0134
157112507,3,25,2,24,1,4,3,3.0633
157112524,3,25,2,24,1,4,3,2.8252
157112522,3,25,2,24,1,4,3,4.0928
157112520,3,25,2,24,1,4,3,3.3989
157112510,3,25,2,24,1,4,3,3.4987
157112538,3,25,2,24,1,4,3,3.3876
157112504,3,25,2,24,1,4,3,3.5168
157112501,3,25,2,24,1,4,3,4.9348
159122505,3,25,2,24,1,4,4,3.6064
159122529,3,25,2,24,1,4,4,3.7376
159122530,3,25,2,24,1,4,4,2.6064
159122534,3,25,2,24,1,4,4,4.8189
159122535,3,25,2,24,1,4,4,3.4314
159122526,3,25,2,24,1,4,4,2.9501
159122511,3,25,2,24,1,4,4,3.2439
159122523,3,25,2,24,1,4,4,2.4939
159122512,3,25,2,24,1,4,4,3.7189
159122528,3,25,2,24,1,4,4,3.3564
159122519,3,25,2,24,1,4,4,3.4126
159122516,3,25,2,24,1,4,4,4.2751
159122503,3,25,2,24,1,4,4,5.4564
159122539,3,25,2,24,1,4,4,2.5689
159122521,3,25,2,24,1,4,4,2.7814
159122537,3,25,2,24,1,4,4,3.8126
159122517,3,25,2,24,1,4,4,3.6689
159122536,3,25,2,24,1,4,4,3.5626
159122509,3,25,2,24,1,4,4,3.4251
159122514,3,25,2,24,1,4,4,3.0126
159122506,3,25,2,24,1,4,4,3.1314
159122518,3,25,2,24,1,4,4,3.5564
159122515,3,25,2,24,1,4,4,5.2689
159122533,3,25,2,24,1,4,4,3.0064
159122508,3,25,2,24,1,4,4,2.9251
159122532,3,25,2,24,1,4,4,3.6376
159122502,3,25,2,24,1,4,4,4.7564
159122527,3,25,2,24,1,4,4,2.4564
159122513,3,25,2,24,1,4,4,3.2564
159122531,3,25,2,24,1,4,4,3.7001
159122525,3,25,2,24,1,4,4,2.9689
159122507,3,25,2,24,1,4,4,3.0689
159122524,3,25,2,24,1,4,4,2.8626
159122522,3,25,2,24,1,4,4,4.0939
159122520,3,25,2,24,1,4,4,3.4001
159122510,3,25,2,24,1,4,4,3.4689
159122538,3,25,2,24,1,4,4,3.3876
159122504,3,25,2,24,1,4,4,2.9501
159122501,3,25,2,24,1,4,4,4.9019
158102623,3,26,2,23,2,4,2,2.5236
158102621,3,26,2,23,2,4,2,2.3309
158102617,3,26,2,23,2,4,2,3.1903
158102611,3,26,2,23,2,4,2,0.8932
158102632,3,26,2,23,2,4,2,3.6665
158102629,3,26,2,23,2,4,2,2.5463
158102616,3,26,2,23,2,4,2,4.4216
158102612,3,26,2,23,2,4,2,3.4465
158102603,3,26,2,23,2,4,2,2.7073
158102626,3,26,2,23,2,4,2,2.5871
158102631,3,26,2,23,2,4,2,2.7277
158102633,3,26,2,23,2,4,2,1.9749
158102637,3,26,2,23,2,4,2,2.4102
158102635,3,26,2,23,2,4,2,2.6982
158102630,3,26,2,23,2,4,2,3.383
158102634,3,26,2,23,2,4,2,2.544
158102609,3,26,2,23,2,4,2,3.349
158102614,3,26,2,23,2,4,2,2.4329
158102606,3,26,2,23,2,4,2,3.2266
158102618,3,26,2,23,2,4,2,2.4896
158102615,3,26,2,23,2,4,2,3.5758
158102608,3,26,2,23,2,4,2,3.0429
158102628,3,26,2,23,2,4,2,2.9885
158102602,3,26,2,23,2,4,2,2.8048
158102613,3,26,2,23,2,4,2,2.5735
158102627,3,26,2,23,2,4,2,2.8524
158102625,3,26,2,23,2,4,2,3.2107
158102607,3,26,2,23,2,4,2,3.4216
158102624,3,26,2,23,2,4,2,3.1109
158102605,3,26,2,23,2,4,2,3.018
158102619,3,26,2,23,2,4,2,2.9068
158102622,3,26,2,23,2,4,2,2.9522
158102620,3,26,2,23,2,4,2,2.7186
158102610,3,26,2,23,2,4,2,3.4307
158102636,3,26,2,23,2,4,2,2.6665
158102604,3,26,2,23,2,4,2,3.4805
158102601,3,26,2,23,2,4,2,2.7459
157102623,3,26,2,23,2,4,3,2.5917
157102621,3,26,2,23,2,4,3,2.832
157102617,3,26,2,23,2,4,3,3.188
157102611,3,26,2,23,2,4,3,3.5985
157102632,3,26,2,23,2,4,3,3.6665
157102629,3,26,2,23,2,4,3,3.0474
157102616,3,26,2,23,2,4,3,4.4261
157102612,3,26,2,23,2,4,3,3.4125
157102603,3,26,2,23,2,4,3,2.7413
157102626,3,26,2,23,2,4,3,2.569
157102631,3,26,2,23,2,4,3,2.7277
157102633,3,26,2,23,2,4,3,2.5146
157102637,3,26,2,23,2,4,3,2.9227
157102635,3,26,2,23,2,4,3,2.7821
157102630,3,26,2,23,2,4,3,3.9681
157102634,3,26,2,23,2,4,3,2.5712
157102609,3,26,2,23,2,4,3,3.9182
157102614,3,26,2,23,2,4,3,2.3876
157102606,3,26,2,23,2,4,3,3.2379
157102618,3,26,2,23,2,4,3,2.5055
157102615,3,26,2,23,2,4,3,3.5554
157102608,3,26,2,23,2,4,3,3.0928
157102628,3,26,2,23,2,4,3,3.5599
157102602,3,26,2,23,2,4,3,2.8048
157102613,3,26,2,23,2,4,3,2.6257
157102627,3,26,2,23,2,4,3,2.9273
157102625,3,26,2,23,2,4,3,3.7118
157102607,3,26,2,23,2,4,3,3.4102
157102624,3,26,2,23,2,4,3,3.0973
157102605,3,26,2,23,2,4,3,2.9976
157102619,3,26,2,23,2,4,3,2.9068
157102622,3,26,2,23,2,4,3,3.0066
157102620,3,26,2,23,2,4,3,3.2198
157102610,3,26,2,23,2,4,3,3.4012
157102636,3,26,2,23,2,4,3,2.7595
157102604,3,26,2,23,2,4,3,3.9068
157102601,3,26,2,23,2,4,3,3.3468
159102623,3,26,2,23,2,4,4,2.5876
159102621,3,26,2,23,2,4,4,2.3251
159102617,3,26,2,23,2,4,4,3.1876
159102611,3,26,2,23,2,4,4,3.1126
159102632,3,26,2,23,2,4,4,3.1689
159102629,3,26,2,23,2,4,4,2.5439
159102616,3,26,2,23,2,4,4,4.4189
159102612,3,26,2,23,2,4,4,3.4564
159102603,3,26,2,23,2,4,4,2.7564
159102626,3,26,2,23,2,4,4,2.5876
159102631,3,26,2,23,2,4,4,2.2251
159102633,3,26,2,23,2,4,4,2.0126
159102637,3,26,2,23,2,4,4,2.4751
159102635,3,26,2,23,2,4,4,2.7876
159102630,3,26,2,23,2,4,4,3.4689
159102634,3,26,2,23,2,4,4,2.5689
159102609,3,26,2,23,2,4,4,3.4001
159102614,3,26,2,23,2,4,4,2.4439
159102606,3,26,2,23,2,4,4,3.2501
159102618,3,26,2,23,2,4,4,2.5564
159102615,3,26,2,23,2,4,4,3.5939
159102608,3,26,2,23,2,4,4,3.1001
159102628,3,26,2,23,2,4,4,3.0626
159102602,3,26,2,23,2,4,4,2.8126
159102613,3,26,2,23,2,4,4,2.6564
159102627,3,26,2,23,2,4,4,2.9314
159102625,3,26,2,23,2,4,4,3.2126
159102607,3,26,2,23,2,4,4,3.4001
159102624,3,26,2,23,2,4,4,3.1376
159102605,3,26,2,23,2,4,4,3.0189
159102619,3,26,2,23,2,4,4,2.8626
159102622,3,26,2,23,2,4,4,3.0251
159102620,3,26,2,23,2,4,4,2.7251
159102610,3,26,2,23,2,4,4,3.4814
159102636,3,26,2,23,2,4,4,2.7564
159102604,3,26,2,23,2,4,4,3.9126
159102601,3,26,2,23,2,4,4,2.8376
158192623,3,26,2,26,1,3,2,3.0951
158192621,3,26,2,26,1,3,2,2.832
158192617,3,26,2,26,1,3,2,3.6869
158192611,3,26,2,26,1,3,2,3.086
158192632,3,26,2,26,1,3,2,3.6438
158192629,3,26,2,26,1,3,2,3.0792
158192616,3,26,2,26,1,3,2,4.9182
158192612,3,26,2,26,1,3,2,3.9613
158192603,3,26,2,26,1,3,2,3.2606
158192626,3,26,2,26,1,3,2,3.0883
158192631,3,26,2,26,1,3,2,2.7504
158192633,3,26,2,26,1,3,2,2.5463
158192637,3,26,2,26,1,3,2,2.9318
158192635,3,26,2,26,1,3,2,3.2901
158192630,3,26,2,26,1,3,2,3.9318
158192634,3,26,2,26,1,3,2,3.0384
158192609,3,26,2,26,1,3,2,3.9
158192614,3,26,2,26,1,3,2,2.9409
158192606,3,26,2,26,1,3,2,3.7549
158192618,3,26,2,26,1,3,2,3.0066
158192615,3,26,2,26,1,3,2,4.0996
158192608,3,26,2,26,1,3,2,3.603
158192628,3,26,2,26,1,3,2,3.5508
158192602,3,26,2,26,1,3,2,3.3059
158192613,3,26,2,26,1,3,2,3.154
158192627,3,26,2,26,1,3,2,3.4102
158192625,3,26,2,26,1,3,2,3.739
158192607,3,26,2,26,1,3,2,3.8978
158192624,3,26,2,26,1,3,2,3.5939
158192605,3,26,2,26,1,3,2,3.5146
158192619,3,26,2,26,1,3,2,3.4465
158192622,3,26,2,26,1,3,2,3.5168
158192620,3,26,2,26,1,3,2,3.2334
158192610,3,26,2,26,1,3,2,3.9885
158192636,3,26,2,26,1,3,2,3.2515
158192604,3,26,2,26,1,3,2,4.4125
158192601,3,26,2,26,1,3,2,3.3468
157182623,3,26,2,26,1,3,3,3.5214
157182630,3,26,2,26,1,3,3,3.0474
157182617,3,26,2,26,1,3,3,4.9227
157182616,3,26,2,26,1,3,3,4.0973
157182612,3,26,2,26,1,3,3,3.1041
157182621,3,26,2,26,1,3,3,3.1699
157182627,3,26,2,26,1,3,3,3.0883
157182611,3,26,2,26,1,3,3,3.9862
157182626,3,26,2,26,1,3,3,3.7096
157182603,3,26,2,26,1,3,3,3.3014
157182632,3,26,2,26,1,3,3,2.7436
157182634,3,26,2,26,1,3,3,2.5236
157182633,3,26,2,26,1,3,3,3.6551
157182638,3,26,2,26,1,3,3,2.9295
157182636,3,26,2,26,1,3,3,3.2946
157182631,3,26,2,26,1,3,3,3.9635
157182635,3,26,2,26,1,3,3,3.0588
157182609,3,26,2,26,1,3,3,3.603
157182614,3,26,2,26,1,3,3,3.1563
157182606,3,26,2,26,1,3,3,3.5168
157182618,3,26,2,26,1,3,3,3.6869
157182615,3,26,2,26,1,3,3,2.9363
157182608,3,26,2,26,1,3,3,3.3989
157182629,3,26,2,26,1,3,3,3.5622
157182602,3,26,2,26,1,3,3,3.349
157182613,3,26,2,26,1,3,3,3.9658
157182628,3,26,2,26,1,3,3,3.4329
157182625,3,26,2,26,1,3,3,3.6461
157182607,3,26,2,26,1,3,3,3.7549
157182624,3,26,2,26,1,3,3,3.086
157182605,3,26,2,26,1,3,3,4.4125
157182619,3,26,2,26,1,3,3,3.0044
157182622,3,26,2,26,1,3,3,2.832
157182620,3,26,2,26,1,3,3,3.4624
157182610,3,26,2,26,1,3,3,3.3989
157182637,3,26,2,26,1,3,3,3.2493
157182604,3,26,2,26,1,3,3,3.2629
159192623,3,26,2,26,1,3,4,3.5251
159192630,3,26,2,26,1,3,4,3.0501
159192617,3,26,2,26,1,3,4,4.4251
159192616,3,26,2,26,1,3,4,3.5939
159192612,3,26,2,26,1,3,4,3.0939
159192621,3,26,2,26,1,3,4,2.6876
159192627,3,26,2,26,1,3,4,3.0626
159192611,3,26,2,26,1,3,4,3.4814
159192626,3,26,2,26,1,3,4,3.2001
159192603,3,26,2,26,1,3,4,2.8064
159192632,3,26,2,26,1,3,4,2.7251
159192634,3,26,2,26,1,3,4,2.5126
159192633,3,26,2,26,1,3,4,3.6626
159192638,3,26,2,26,1,3,4,2.4064
159192636,3,26,2,26,1,3,4,2.7501
159192631,3,26,2,26,1,3,4,3.9689
159192635,3,26,2,26,1,3,4,3.0751
159192609,3,26,2,26,1,3,4,3.1001
159192614,3,26,2,26,1,3,4,2.6501
159192606,3,26,2,26,1,3,4,3.5126
159192618,3,26,2,26,1,3,4,3.1876
159192615,3,26,2,26,1,3,4,2.4439
159192608,3,26,2,26,1,3,4,3.3939
159192629,3,26,2,26,1,3,4,3.5564
159192602,3,26,2,26,1,3,4,2.8439
159192613,3,26,2,26,1,3,4,3.4689
159192628,3,26,2,26,1,3,4,3.4314
159192625,3,26,2,26,1,3,4,3.5251
159192607,3,26,2,26,1,3,4,3.2501
159192624,3,26,2,26,1,3,4,3.2126
159192605,3,26,2,26,1,3,4,4.4126
159192619,3,26,2,26,1,3,4,2.5064
159192622,3,26,2,26,1,3,4,2.8314
159192620,3,26,2,26,1,3,4,2.9689
159192610,3,26,2,26,1,3,4,3.3939
159192637,3,26,2,26,1,3,4,2.7626
159192604,3,26,2,26,1,3,4,2.7626
1421026005,3,26,3,-1,2,2,2,3.1088
1421026029,3,26,3,-1,2,2,2,3.2811
1421026030,3,26,3,-1,2,2,2,3.4081
1421026034,3,26,3,-1,2,2,2,3.5147
1421026035,3,26,3,-1,2,2,2,2.3627
1421026026,3,26,3,-1,2,2,2,3.5101
1421026011,3,26,3,-1,2,2,2,3.7505
1421026023,3,26,3,-1,2,2,2,2.6825
1421026012,3,26,3,-1,2,2,2,3.8321
1421026028,3,26,3,-1,2,2,2,2.9342
1421026019,3,26,3,-1,2,2,2,3.5396
1421026016,3,26,3,-1,2,2,2,2.7981
1421026003,3,26,3,-1,2,2,2,3.1949
1421026039,3,26,3,-1,2,2,2,2.7777
1421026021,3,26,3,-1,2,2,2,3.238
1421026037,3,26,3,-1,2,2,2,3.1337
1421026017,3,26,3,-1,2,2,2,3.941
1421026036,3,26,3,-1,2,2,2,2.916
1421026009,3,26,3,-1,2,2,2,3.7482
1421026014,3,26,3,-1,2,2,2,3.8208
1421026006,3,26,3,-1,2,2,2,4.2607
1421026018,3,26,3,-1,2,2,2,4.7641
1421026015,3,26,3,-1,2,2,2,2.9954
1421026033,3,26,3,-1,2,2,2,2.5782
1421026008,3,26,3,-1,2,2,2,3.6008
1421026032,3,26,3,-1,2,2,2,3.8117
1421026002,3,26,3,-1,2,2,2,4.1587
1421026027,3,26,3,-1,2,2,2,3.5532
1421026013,3,26,3,-1,2,2,2,3.4512
1421026031,3,26,3,-1,2,2,2,2.8956
1421026025,3,26,3,-1,2,2,2,2.9228
1421026007,3,26,3,-1,2,2,2,3.365
1421026024,3,26,3,-1,2,2,2,3.3809
1421026022,3,26,3,-1,2,2,2,3.0657
1421026020,3,26,3,-1,2,2,2,2.8525
1421026010,3,26,3,-1,2,2,2,3.4512
1421026038,3,26,3,-1,2,2,2,3.1088
1421026004,3,26,3,-1,2,2,2,3.1519
1421026001,3,26,3,-1,2,2,2,3.3945
1381026005,3,26,3,-1,2,2,3,3.111
1381026029,3,26,3,-1,2,2,3,3.2698
1381026030,3,26,3,-1,2,2,3,3.4081
1381026034,3,26,3,-1,2,2,3,3.5147
1381026035,3,26,3,-1,2,2,3,2.3627
1381026026,3,26,3,-1,2,2,3,3.492
1381026011,3,26,3,-1,2,2,3,3.7346
1381026023,3,26,3,-1,2,2,3,2.6802
1381026012,3,26,3,-1,2,2,3,3.8321
1381026028,3,26,3,-1,2,2,3,2.9455
1381026019,3,26,3,-1,2,2,3,3.5351
1381026016,3,26,3,-1,2,2,3,2.7936
1381026003,3,26,3,-1,2,2,3,3.1859
1381026039,3,26,3,-1,2,2,3,2.7868
1381026021,3,26,3,-1,2,2,3,3.2403
1381026037,3,26,3,-1,2,2,3,3.1315
1381026017,3,26,3,-1,2,2,3,3.9455
1381026036,3,26,3,-1,2,2,3,2.9183
1381026009,3,26,3,-1,2,2,3,3.7686
1381026014,3,26,3,-1,2,2,3,3.8367
1381026006,3,26,3,-1,2,2,3,4.2607
1381026018,3,26,3,-1,2,2,3,4.7641
1381026015,3,26,3,-1,2,2,3,2.9863
1381026033,3,26,3,-1,2,2,3,2.5782
1381026008,3,26,3,-1,2,2,3,3.6008
1381026032,3,26,3,-1,2,2,3,3.814
1381026002,3,26,3,-1,2,2,3,4.1655
1381026027,3,26,3,-1,2,2,3,3.551
1381026013,3,26,3,-1,2,2,3,3.4512
1381026031,3,26,3,-1,2,2,3,2.8956
1381026025,3,26,3,-1,2,2,3,2.941
1381026007,3,26,3,-1,2,2,3,3.3673
1381026024,3,26,3,-1,2,2,3,3.3695
1381026022,3,26,3,-1,2,2,3,3.068
1381026020,3,26,3,-1,2,2,3,2.8548
1381026010,3,26,3,-1,2,2,3,3.4489
1381026038,3,26,3,-1,2,2,3,3.111
1381026004,3,26,3,-1,2,2,3,3.1519
1381026001,3,26,3,-1,2,2,3,3.3877
1401026005,3,26,3,-1,2,2,4,3.1064
1401026029,3,26,3,-1,2,2,4,3.2751
1401026030,3,26,3,-1,2,2,4,3.4064
1401026034,3,26,3,-1,2,2,4,3.5126
1401026035,3,26,3,-1,2,2,4,2.3626
1401026026,3,26,3,-1,2,2,4,3.4939
1401026011,3,26,3,-1,2,2,4,3.7501
1401026023,3,26,3,-1,2,2,4,2.6814
1401026012,3,26,3,-1,2,2,4,3.8376
1401026028,3,26,3,-1,2,2,4,2.9376
1401026019,3,26,3,-1,2,2,4,3.5376
1401026016,3,26,3,-1,2,2,4,2.7876
1401026003,3,26,3,-1,2,2,4,3.2001
1401026039,3,26,3,-1,2,2,4,2.7751
1401026021,3,26,3,-1,2,2,4,3.2689
1401026037,3,26,3,-1,2,2,4,3.1314
1401026017,3,26,3,-1,2,2,4,3.9376
1401026036,3,26,3,-1,2,2,4,2.9189
1401026009,3,26,3,-1,2,2,4,3.7501
1401026014,3,26,3,-1,2,2,4,3.8126
1401026006,3,26,3,-1,2,2,4,4.2626
1401026018,3,26,3,-1,2,2,4,4.7751
1401026015,3,26,3,-1,2,2,4,3.0064
1401026033,3,26,3,-1,2,2,4,2.5814
1401026008,3,26,3,-1,2,2,4,3.6001
1401026032,3,26,3,-1,2,2,4,3.8126
1401026002,3,26,3,-1,2,2,4,4.1564
1401026027,3,26,3,-1,2,2,4,3.5564
1401026013,3,26,3,-1,2,2,4,3.4501
1401026031,3,26,3,-1,2,2,4,2.8939
1401026025,3,26,3,-1,2,2,4,2.9376
1401026007,3,26,3,-1,2,2,4,3.3626
1401026024,3,26,3,-1,2,2,4,3.3689
1401026022,3,26,3,-1,2,2,4,3.0689
1401026020,3,26,3,-1,2,2,4,2.8501
1401026010,3,26,3,-1,2,2,4,3.4501
1401026038,3,26,3,-1,2,2,4,3.1064
1401026004,3,26,3,-1,2,2,4,3.1501
1401026001,3,26,3,-1,2,2,4,3.2501
1421126023,3,26,3,-1,2,3,2,2.9183
1421126021,3,26,3,-1,2,3,2,2.6847
1421126017,3,26,3,-1,2,3,2,3.526
1421126011,3,26,3,-1,2,3,2,3.433
1421126032,3,26,3,-1,2,3,2,3.5169
1421126029,3,26,3,-1,2,3,2,2.8979
1421126016,3,26,3,-1,2,3,2,4.7868
1421126012,3,26,3,-1,2,3,2,3.8185
1421126003,3,26,3,-1,2,3,2,3.1133
1421126026,3,26,3,-1,2,3,2,2.941
1421126031,3,26,3,-1,2,3,2,2.5532
1421126033,3,26,3,-1,2,3,2,2.3627
1421126037,3,26,3,-1,2,3,2,2.7664
1421126035,3,26,3,-1,2,3,2,3.1337
1421126030,3,26,3,-1,2,3,2,3.8389
1421126034,3,26,3,-1,2,3,2,2.9206
1421126009,3,26,3,-1,2,3,2,3.7777
1421126014,3,26,3,-1,2,3,2,2.8027
1421126006,3,26,3,-1,2,3,2,3.6076
1421126018,3,26,3,-1,2,3,2,2.8684
1421126015,3,26,3,-1,2,3,2,3.9319
1421126008,3,26,3,-1,2,3,2,3.4285
1421126028,3,26,3,-1,2,3,2,3.4104
1421126002,3,26,3,-1,2,3,2,3.1541
1421126013,3,26,3,-1,2,3,2,3.0045
1421126027,3,26,3,-1,2,3,2,3.2879
1421126025,3,26,3,-1,2,3,2,3.5555
1421126007,3,26,3,-1,2,3,2,3.78
1421126024,3,26,3,-1,2,3,2,3.4965
1421126005,3,26,3,-1,2,3,2,3.3832
1421126019,3,26,3,-1,2,3,2,3.238
1421126022,3,26,3,-1,2,3,2,3.3854
1421126020,3,26,3,-1,2,3,2,3.0702
1421126010,3,26,3,-1,2,3,2,3.8163
1421126036,3,26,3,-1,2,3,2,1.9568
1421126004,3,26,3,-1,2,3,2,4.2471
1421126001,3,26,3,-1,2,3,2,3.2108
1381126023,3,26,3,-1,2,3,3,2.9319
1381126021,3,26,3,-1,2,3,3,2.6847
1381126017,3,26,3,-1,2,3,3,3.5419
1381126011,3,26,3,-1,2,3,3,3.4194
1381126032,3,26,3,-1,2,3,3,3.5169
1381126029,3,26,3,-1,2,3,3,2.8979
1381126016,3,26,3,-1,2,3,3,4.7822
1381126012,3,26,3,-1,2,3,3,3.8231
1381126003,3,26,3,-1,2,3,3,3.111
1381126026,3,26,3,-1,2,3,3,2.9387
1381126031,3,26,3,-1,2,3,3,2.5782
1381126033,3,26,3,-1,2,3,3,2.365
1381126037,3,26,3,-1,2,3,3,2.7732
1381126035,3,26,3,-1,2,3,3,3.1337
1381126030,3,26,3,-1,2,3,3,3.8163
1381126034,3,26,3,-1,2,3,3,2.9183
1381126009,3,26,3,-1,2,3,3,3.7664
1381126014,3,26,3,-1,2,3,3,2.7845
1381126006,3,26,3,-1,2,3,3,3.6031
1381126018,3,26,3,-1,2,3,3,2.8571
1381126015,3,26,3,-1,2,3,3,3.941
1381126008,3,26,3,-1,2,3,3,3.4421
1381126028,3,26,3,-1,2,3,3,3.4104
1381126002,3,26,3,-1,2,3,3,3.1541
1381126013,3,26,3,-1,2,3,3,3.0045
1381126027,3,26,3,-1,2,3,3,3.2788
1381126025,3,26,3,-1,2,3,3,3.551
1381126007,3,26,3,-1,2,3,3,3.7845
1381126024,3,26,3,-1,2,3,3,3.5033
1381126005,3,26,3,-1,2,3,3,3.3695
1381126019,3,26,3,-1,2,3,3,3.2607
1381126022,3,26,3,-1,2,3,3,3.3741
1381126020,3,26,3,-1,2,3,3,3.0657
1381126010,3,26,3,-1,2,3,3,3.8344
1381126036,3,26,3,-1,2,3,3,3.111
1381126004,3,26,3,-1,2,3,3,4.263
1381126001,3,26,3,-1,2,3,3,3.1972
1401126005,3,26,3,-1,2,3,4,2.4064
1401126029,3,26,3,-1,2,3,4,3.2814
1401126030,3,26,3,-1,2,3,4,3.4126
1401126034,3,26,3,-1,2,3,4,3.5126
1401126035,3,26,3,-1,2,3,4,2.3689
1401126026,3,26,3,-1,2,3,4,3.4939
1401126011,3,26,3,-1,2,3,4,3.7501
1401126023,3,26,3,-1,2,3,4,2.6814
1401126012,3,26,3,-1,2,3,4,3.8376
1401126028,3,26,3,-1,2,3,4,2.9376
1401126019,3,26,3,-1,2,3,4,3.5376
1401126016,3,26,3,-1,2,3,4,2.7876
1401126003,3,26,3,-1,2,3,4,3.1939
1401126039,3,26,3,-1,2,3,4,2.7689
1401126021,3,26,3,-1,2,3,4,3.2626
1401126037,3,26,3,-1,2,3,4,3.1314
1401126017,3,26,3,-1,2,3,4,3.9439
1401126036,3,26,3,-1,2,3,4,2.9189
1401126009,3,26,3,-1,2,3,4,3.7439
1401126014,3,26,3,-1,2,3,4,3.8189
1401126006,3,26,3,-1,2,3,4,4.2626
1401126018,3,26,3,-1,2,3,4,4.7751
1401126015,3,26,3,-1,2,3,4,3.0064
1401126033,3,26,3,-1,2,3,4,2.5814
1401126008,3,26,3,-1,2,3,4,3.6064
1401126032,3,26,3,-1,2,3,4,3.8126
1401126002,3,26,3,-1,2,3,4,4.1626
1401126027,3,26,3,-1,2,3,4,3.5564
1401126013,3,26,3,-1,2,3,4,3.4501
1401126031,3,26,3,-1,2,3,4,2.8939
1401126025,3,26,3,-1,2,3,4,2.9439
1401126007,3,26,3,-1,2,3,4,3.3689
1401126024,3,26,3,-1,2,3,4,3.3626
1401126022,3,26,3,-1,2,3,4,3.0814
1401126020,3,26,3,-1,2,3,4,2.8501
1401126010,3,26,3,-1,2,3,4,3.4564
1401126038,3,26,3,-1,2,3,4,3.1064
158072912,3,29,2,22,1,3,2,2.6642
158072924,3,29,2,22,1,3,2,2.959
158072911,3,29,2,22,1,3,2,4.3966
158072903,3,29,2,22,1,3,2,2.8366
158072917,3,29,2,22,1,3,2,3.4533
158072915,3,29,2,22,1,3,2,2.7232
158072930,3,29,2,22,1,3,2,3.798
158072928,3,29,2,22,1,3,2,6.0701
158072922,3,29,2,22,1,3,2,3.4102
158072914,3,29,2,22,1,3,2,2.9091
158072926,3,29,2,22,1,3,2,2.1608
158072906,3,29,2,22,1,3,2,3.4057
158072918,3,29,2,22,1,3,2,2.578
158072909,3,29,2,22,1,3,2,2.7028
158072932,3,29,2,22,1,3,2,5.2175
158072927,3,29,2,22,1,3,2,3.3921
158072925,3,29,2,22,1,3,2,5.6892
158072902,3,29,2,22,1,3,2,3.535
158072933,3,29,2,22,1,3,2,3.7481
158072907,3,29,2,22,1,3,2,2.9227
158072905,3,29,2,22,1,3,2,3.501
158072919,3,29,2,22,1,3,2,2.6846
158072931,3,29,2,22,1,3,2,2.9726
158072920,3,29,2,22,1,3,2,3.1563
158072910,3,29,2,22,1,3,2,3.1359
158072908,3,29,2,22,1,3,2,3.2175
158072929,3,29,2,22,1,3,2,4.671
158072904,3,29,2,22,1,3,2,2.9114
158072901,3,29,2,22,1,3,2,5.7489
158072923,3,29,2,22,1,3,2,2.6778
158072916,3,29,2,22,1,3,2,3.1585
158072913,3,29,2,22,1,3,2,2.8025
157072905,3,29,2,22,1,3,3,3.5168
157072930,3,29,2,22,1,3,3,2.3921
157072931,3,29,2,22,1,3,3,3.3921
157072935,3,29,2,22,1,3,3,3.6688
157072936,3,29,2,22,1,3,3,2.9976
157072927,3,29,2,22,1,3,3,2.9431
157072911,3,29,2,22,1,3,3,4.3921
157072924,3,29,2,22,1,3,3,2.7005
157072912,3,29,2,22,1,3,3,2.6642
157072929,3,29,2,22,1,3,3,2.4647
157072919,3,29,2,22,1,3,3,2.6846
157072916,3,29,2,22,1,3,3,3.154
157072903,3,29,2,22,1,3,3,2.8366
157072941,3,29,2,22,1,3,3,2.51
157072922,3,29,2,22,1,3,3,4.0996
157072939,3,29,2,22,1,3,3,5.2152
157072917,3,29,2,22,1,3,3,3.4533
157072938,3,29,2,22,1,3,3,4.0338
157072909,3,29,2,22,1,3,3,2.7073
157072914,3,29,2,22,1,3,3,2.9205
157072906,3,29,2,22,1,3,3,3.3966
157072918,3,29,2,22,1,3,3,2.5803
157072915,3,29,2,22,1,3,3,2.7277
157072934,3,29,2,22,1,3,3,4.6824
157072908,3,29,2,22,1,3,3,3.2175
157072933,3,29,2,22,1,3,3,2.9295
157072902,3,29,2,22,1,3,3,3.501
157072928,3,29,2,22,1,3,3,2.3853
157072913,3,29,2,22,1,3,3,2.7935
157072932,3,29,2,22,1,3,3,2.5395
157072926,3,29,2,22,1,3,3,2.6914
157072907,3,29,2,22,1,3,3,2.9386
159072905,3,29,2,22,1,3,4,3.5189
159072930,3,29,2,22,1,3,4,2.4251
159072931,3,29,2,22,1,3,4,3.3876
159072935,3,29,2,22,1,3,4,3.6314
159072936,3,29,2,22,1,3,4,3.0439
159072927,3,29,2,22,1,3,4,2.9314
159072911,3,29,2,22,1,3,4,4.3876
159072924,3,29,2,22,1,3,4,2.5814
159072912,3,29,2,22,1,3,4,2.6626
159072929,3,29,2,22,1,3,4,2.4689
159072919,3,29,2,22,1,3,4,2.6814
159072916,3,29,2,22,1,3,4,3.1501
159072903,3,29,2,22,1,3,4,2.8376
159072941,3,29,2,22,1,3,4,2.4626
159072922,3,29,2,22,1,3,4,4.1939
159072939,3,29,2,22,1,3,4,5.2126
159072917,3,29,2,22,1,3,4,3.4564
159072938,3,29,2,22,1,3,4,3.9939
159072909,3,29,2,22,1,3,4,2.7064
159072914,3,29,2,22,1,3,4,2.9314
159072906,3,29,2,22,1,3,4,3.4001
159072918,3,29,2,22,1,3,4,2.5814
159072915,3,29,2,22,1,3,4,2.7251
159072934,3,29,2,22,1,3,4,4.6626
159072908,3,29,2,22,1,3,4,3.2251
159072933,3,29,2,22,1,3,4,2.9064
159072902,3,29,2,22,1,3,4,3.5376
159072928,3,29,2,22,1,3,4,2.3689
159072913,3,29,2,22,1,3,4,2.7876
159072932,3,29,2,22,1,3,4,2.5751
159072926,3,29,2,22,1,3,4,2.7126
159072907,3,29,2,22,1,3,4,2.9314
158082903,3,29,2,22,1,4,2,2.7073
158082930,3,29,2,22,1,4,2,2.8502
158082914,3,29,2,22,1,4,2,3.1835
158082911,3,29,2,22,1,4,2,3.4556
158082928,3,29,2,22,1,4,2,4.6892
158082926,3,29,2,22,1,4,2,2.6075
158082929,3,29,2,22,1,4,2,3.8298
158082912,3,29,2,22,1,4,2,2.5712
158082919,3,29,2,22,1,4,2,3.2039
158082924,3,29,2,22,1,4,2,2.2765
158082906,3,29,2,22,1,4,2,2.6801
158082918,3,29,2,22,1,4,2,2.6347
158082909,3,29,2,22,1,4,2,2.696
158082916,3,29,2,22,1,4,2,4.1268
158082925,3,29,2,22,1,4,2,3.3785
158082922,3,29,2,22,1,4,2,2.3898
158082902,3,29,2,22,1,4,2,3.1858
158082931,3,29,2,22,1,4,2,3.7368
158082907,3,29,2,22,1,4,2,2.7935
158082905,3,29,2,22,1,4,2,4.408
158082920,3,29,2,22,1,4,2,2.6801
158082921,3,29,2,22,1,4,2,2.9409
158082910,3,29,2,22,1,4,2,3.188
158082908,3,29,2,22,1,4,2,2.9159
158082927,3,29,2,22,1,4,2,2.8683
158082904,3,29,2,22,1,4,2,3.1155
158082901,3,29,2,22,1,4,2,2.9341
158082923,3,29,2,22,1,4,2,2.5803
158082917,3,29,2,22,1,4,2,3.2039
158082913,3,29,2,22,1,4,2,2.6597
157082924,3,29,2,22,1,4,3,3.4171
157082931,3,29,2,22,1,4,3,2.6121
157082917,3,29,2,22,1,4,3,3.4556
157082916,3,29,2,22,1,4,3,3.154
157082912,3,29,2,22,1,4,3,2.6642
157082922,3,29,2,22,1,4,3,4.086
157082928,3,29,2,22,1,4,3,2.4533
157082911,3,29,2,22,1,4,3,4.3944
157082927,3,29,2,22,1,4,3,2.3853
157082903,3,29,2,22,1,4,3,2.8366
157082933,3,29,2,22,1,4,3,4.7096
157082935,3,29,2,22,1,4,3,3.018
157082934,3,29,2,22,1,4,3,3.637
157082940,3,29,2,22,1,4,3,2.5055
157082938,3,29,2,22,1,4,3,5.2243
157082932,3,29,2,22,1,4,3,2.8615
157082937,3,29,2,22,1,4,3,4.018
157082909,3,29,2,22,1,4,3,2.7073
157082914,3,29,2,22,1,4,3,2.9205
157082906,3,29,2,22,1,4,3,3.3944
157082918,3,29,2,22,1,4,3,2.5803
157082915,3,29,2,22,1,4,3,2.7254
157082908,3,29,2,22,1,4,3,3.2175
157082930,3,29,2,22,1,4,3,3.374
157082902,3,29,2,22,1,4,3,3.4919
157082913,3,29,2,22,1,4,3,2.7912
157082929,3,29,2,22,1,4,3,2.4148
157082926,3,29,2,22,1,4,3,2.9454
157082907,3,29,2,22,1,4,3,2.9409
157082925,3,29,2,22,1,4,3,2.6801
159082924,3,29,2,22,1,4,4,3.4376
159082931,3,29,2,22,1,4,4,2.6126
159082917,3,29,2,22,1,4,4,3.4501
159082916,3,29,2,22,1,4,4,3.1501
159082912,3,29,2,22,1,4,4,2.6626
159082922,3,29,2,22,1,4,4,4.2126
159082928,3,29,2,22,1,4,4,2.4376
159082911,3,29,2,22,1,4,4,4.3939
159082927,3,29,2,22,1,4,4,2.3939
159082903,3,29,2,22,1,4,4,2.8314
159082933,3,29,2,22,1,4,4,4.6751
159082935,3,29,2,22,1,4,4,3.0064
159082934,3,29,2,22,1,4,4,3.6876
159082940,3,29,2,22,1,4,4,2.4689
159082938,3,29,2,22,1,4,4,5.2314
159082932,3,29,2,22,1,4,4,2.8689
159082937,3,29,2,22,1,4,4,3.8939
159082909,3,29,2,22,1,4,4,2.7064
159082914,3,29,2,22,1,4,4,2.9189
159082906,3,29,2,22,1,4,4,3.3751
159082918,3,29,2,22,1,4,4,2.5814
159082915,3,29,2,22,1,4,4,2.7251
159082908,3,29,2,22,1,4,4,3.2251
159082930,3,29,2,22,1,4,4,3.3939
159082902,3,29,2,22,1,4,4,3.5376
159082913,3,29,2,22,1,4,4,2.8001
159082929,3,29,2,22,1,4,4,2.4189
159082926,3,29,2,22,1,4,4,2.9376
159082907,3,29,2,22,1,4,4,2.9439
159082925,3,29,2,22,1,4,4,2.6939
158152927,3,29,2,25,2,1,2,2.9499
158152937,3,29,2,25,2,1,2,3.0588
158152931,3,29,2,25,2,1,2,2.0565
158152905,3,29,2,25,2,1,2,3.5214
158152911,3,29,2,25,2,1,2,4.3921
158152933,3,29,2,25,2,1,2,2.5576
158152929,3,29,2,25,2,1,2,1.9409
158152912,3,29,2,25,2,1,2,2.6642
158152938,3,29,2,25,2,1,2,7.0474
158152932,3,29,2,25,2,1,2,0.696
158152930,3,29,2,25,2,1,2,2.3853
158152922,3,29,2,25,2,1,2,4.1109
158152940,3,29,2,25,2,1,2,5.2266
158152903,3,29,2,25,2,1,2,2.3241
158152942,3,29,2,25,2,1,2,2.4919
158152919,3,29,2,25,2,1,2,2.1858
158152916,3,29,2,25,2,1,2,2.6529
158152924,3,29,2,25,2,1,2,2.7209
158152917,3,29,2,25,2,1,2,2.9545
158152939,3,29,2,25,2,1,2,1.9794
158152909,3,29,2,25,2,1,2,2.705
158152914,3,29,2,25,2,1,2,2.9227
158152906,3,29,2,25,2,1,2,2.8887
158152918,3,29,2,25,2,1,2,2.578
158152915,3,29,2,25,2,1,2,2.7277
158152936,3,29,2,25,2,1,2,3.535
158152908,3,29,2,25,2,1,2,3.2198
158152935,3,29,2,25,2,1,2,4.7254
158152902,3,29,2,25,2,1,2,3.5372
158152928,3,29,2,25,2,1,2,2.383
158152913,3,29,2,25,2,1,2,2.7889
158152934,3,29,2,25,2,1,2,2.4171
158152926,3,29,2,25,2,1,2,2.6801
158152907,3,29,2,25,2,1,2,2.9386
158152925,3,29,2,25,2,1,2,3.408
158152923,3,29,2,25,2,1,2,2.8978
158152920,3,29,2,25,2,1,2,2.6483
158152910,3,29,2,25,2,1,2,3.1336
157142923,3,29,2,25,2,1,3,3.4102
157142930,3,29,2,25,2,1,3,2.5576
157142917,3,29,2,25,2,1,3,2.578
157142916,3,29,2,25,2,1,3,3.4533
157142912,3,29,2,25,2,1,3,2.7912
157142921,3,29,2,25,2,1,3,2.9159
157142927,3,29,2,25,2,1,3,2.4533
157142911,3,29,2,25,2,1,3,2.6642
157142926,3,29,2,25,2,1,3,2.3876
157142903,3,29,2,25,2,1,3,2.8955
157142932,3,29,2,25,2,1,3,4.7254
157142934,3,29,2,25,2,1,3,3.0656
157142933,3,29,2,25,2,1,3,3.5327
157142939,3,29,2,25,2,1,3,2.4941
157142937,3,29,2,25,2,1,3,5.2266
157142931,3,29,2,25,2,1,3,2.9182
157142936,3,29,2,25,2,1,3,4.0497
157142909,3,29,2,25,2,1,3,3.1336
157142914,3,29,2,25,2,1,3,2.7277
157142906,3,29,2,25,2,1,3,2.9386
157142918,3,29,2,25,2,1,3,2.6869
157142915,3,29,2,25,2,1,3,3.1563
157142908,3,29,2,25,2,1,3,2.7073
157142929,3,29,2,25,2,1,3,3.3694
157142902,3,29,2,25,2,1,3,2.8343
157142913,3,29,2,25,2,1,3,2.9205
157142928,3,29,2,25,2,1,3,2.3717
157142925,3,29,2,25,2,1,3,2.9454
157142907,3,29,2,25,2,1,3,3.2175
157142924,3,29,2,25,2,1,3,2.6914
157142905,3,29,2,25,2,1,3,3.3898
157142919,3,29,2,25,2,1,3,3.1563
157142922,3,29,2,25,2,1,3,2.7073
157142920,3,29,2,25,2,1,3,4.1019
157142910,3,29,2,25,2,1,3,4.3944
157142938,3,29,2,25,2,1,3,3.7504
157142904,3,29,2,25,2,1,3,3.5214
157142901,3,29,2,25,2,1,3,3.5395
159152927,3,29,2,25,2,1,4,2.4439
159152937,3,29,2,25,2,1,4,2.5689
159152931,3,29,2,25,2,1,4,2.8689
159152905,3,29,2,25,2,1,4,3.0189
159152911,3,29,2,25,2,1,4,3.8939
159152933,3,29,2,25,2,1,4,2.4189
159152929,3,29,2,25,2,1,4,1.9501
159152912,3,29,2,25,2,1,4,2.1626
159152938,3,29,2,25,2,1,4,7.5876
159152932,3,29,2,25,2,1,4,2.0376
159152930,3,29,2,25,2,1,4,1.8751
159152922,3,29,2,25,2,1,4,3.6189
159152940,3,29,2,25,2,1,4,4.6939
159152903,3,29,2,25,2,1,4,2.3314
159152942,3,29,2,25,2,1,4,1.9939
159152919,3,29,2,25,2,1,4,2.1939
159152916,3,29,2,25,2,1,4,2.6564
159152924,3,29,2,25,2,1,4,2.2126
159152917,3,29,2,25,2,1,4,2.9626
159152939,3,29,2,25,2,1,4,3.5439
159152909,3,29,2,25,2,1,4,2.2001
159152914,3,29,2,25,2,1,4,2.4189
159152906,3,29,2,25,2,1,4,2.8939
159152918,3,29,2,25,2,1,4,2.0689
159152915,3,29,2,25,2,1,4,2.2251
159152936,3,29,2,25,2,1,4,1.8314
159152908,3,29,2,25,2,1,4,2.7189
159152935,3,29,2,25,2,1,4,0.6001
159152902,3,29,2,25,2,1,4,3.0376
159152928,3,29,2,25,2,1,4,1.8814
159152913,3,29,2,25,2,1,4,2.2939
159152934,3,29,2,25,2,1,4,4.2126
159152926,3,29,2,25,2,1,4,2.1939
159152907,3,29,2,25,2,1,4,2.4376
159152925,3,29,2,25,2,1,4,2.9064
159152923,3,29,2,25,2,1,4,2.3939
159152920,3,29,2,25,2,1,4,2.6626
159152910,3,29,2,25,2,1,4,2.6376
158162926,3,29,2,25,2,2,2,2.1926
158162936,3,29,2,25,2,2,2,3.0542
158162930,3,29,2,25,2,2,2,1.8774
158162905,3,29,2,25,2,2,2,3.5168
158162911,3,29,2,25,2,2,2,4.3898
158162932,3,29,2,25,2,2,2,2.0384
158162928,3,29,2,25,2,2,2,1.8819
158162912,3,29,2,25,2,2,2,2.1631
158162937,3,29,2,25,2,2,2,7.578
158162931,3,29,2,25,2,2,2,2.8502
158162929,3,29,2,25,2,2,2,1.9477
158162921,3,29,2,25,2,2,2,7.4669
158162939,3,29,2,25,2,2,2,5.2243
158162903,3,29,2,25,2,2,2,2.2991
158162941,3,29,2,25,2,2,2,2.4941
158162919,3,29,2,25,2,2,2,2.6824
158162916,3,29,2,25,2,2,2,2.6438
158162923,3,29,2,25,2,2,2,2.8955
158162917,3,29,2,25,2,2,2,3.4511
158162938,3,29,2,25,2,2,2,4.0474
158162909,3,29,2,25,2,2,2,2.705
158162914,3,29,2,25,2,2,2,2.9227
158162906,3,29,2,25,2,2,2,3.3898
158162918,3,29,2,25,2,2,2,2.578
158162915,3,29,2,25,2,2,2,2.7254
158162935,3,29,2,25,2,2,2,3.5395
158162908,3,29,2,25,2,2,2,3.2175
158162934,3,29,2,25,2,2,2,4.222
158162902,3,29,2,25,2,2,2,3.0021
158162927,3,29,2,25,2,2,2,2.9318
158162913,3,29,2,25,2,2,2,2.7867
158162933,3,29,2,25,2,2,2,2.9159
158162925,3,29,2,25,2,2,2,3.4012
158162907,3,29,2,25,2,2,2,2.9363
158162924,3,29,2,25,2,2,2,2.7073
158162922,3,29,2,25,2,2,2,4.1291
158162920,3,29,2,25,2,2,2,2.6551
158162910,3,29,2,25,2,2,2,3.1313
158162940,3,29,2,25,2,2,2,3.7481
158162904,3,29,2,25,2,2,2,2.8978
157152924,3,29,2,25,2,2,3,2.7096
157152922,3,29,2,25,2,2,3,4.1223
157152927,3,29,2,25,2,2,3,2.9409
157152905,3,29,2,25,2,2,3,3.501
157152911,3,29,2,25,2,2,3,4.3989
157152916,3,29,2,25,2,2,3,3.1495
157152930,3,29,2,25,2,2,3,2.3853
157152912,3,29,2,25,2,2,3,2.662
157152919,3,29,2,25,2,2,3,2.6824
157152931,3,29,2,25,2,2,3,2.8615
157152929,3,29,2,25,2,2,3,2.4488
157152937,3,29,2,25,2,2,3,7.578
157152939,3,29,2,25,2,2,3,5.2243
157152903,3,29,2,25,2,2,3,2.832
157152941,3,29,2,25,2,2,3,2.5055
157152932,3,29,2,25,2,2,3,2.544
157152936,3,29,2,25,2,2,3,3.0565
157152917,3,29,2,25,2,2,3,3.4533
157152938,3,29,2,25,2,2,3,4.0497
157152909,3,29,2,25,2,2,3,2.705
157152914,3,29,2,25,2,2,3,2.4307
157152906,3,29,2,25,2,2,3,3.3898
157152918,3,29,2,25,2,2,3,2.5803
157152915,3,29,2,25,2,2,3,2.7277
157152935,3,29,2,25,2,2,3,3.535
157152908,3,29,2,25,2,2,3,3.2175
157152934,3,29,2,25,2,2,3,4.7254
157152902,3,29,2,25,2,2,3,3.5372
157152928,3,29,2,25,2,2,3,2.3785
157152913,3,29,2,25,2,2,3,2.7821
157152933,3,29,2,25,2,2,3,2.4148
157152926,3,29,2,25,2,2,3,2.6914
157152907,3,29,2,25,2,2,3,2.9386
157152925,3,29,2,25,2,2,3,3.4057
157152923,3,29,2,25,2,2,3,2.8932
157152920,3,29,2,25,2,2,3,3.1563
157152910,3,29,2,25,2,2,3,3.1223
157152940,3,29,2,25,2,2,3,3.7504
157152904,3,29,2,25,2,2,3,2.9159
157152901,3,29,2,25,2,2,3,2.4352
159162924,3,29,2,25,2,2,4,2.2064
159162922,3,29,2,25,2,2,4,3.6126
159162927,3,29,2,25,2,2,4,2.4439
159162905,3,29,2,25,2,2,4,3.5251
159162911,3,29,2,25,2,2,4,4.3876
159162916,3,29,2,25,2,2,4,2.6564
159162930,3,29,2,25,2,2,4,1.8751
159162912,3,29,2,25,2,2,4,2.1689
159162919,3,29,2,25,2,2,4,2.1876
159162931,3,29,2,25,2,2,4,2.8501
159162929,3,29,2,25,2,2,4,1.9501
159162937,3,29,2,25,2,2,4,7.5751
159162939,3,29,2,25,2,2,4,4.7126
159162903,3,29,2,25,2,2,4,2.3314
159162941,3,29,2,25,2,2,4,1.9626
159162932,3,29,2,25,2,2,4,2.0376
159162936,3,29,2,25,2,2,4,2.5689
159162917,3,29,2,25,2,2,4,2.9564
159162938,3,29,2,25,2,2,4,3.5501
159162909,3,29,2,25,2,2,4,2.2001
159162914,3,29,2,25,2,2,4,2.4189
159162906,3,29,2,25,2,2,4,2.8939
159162918,3,29,2,25,2,2,4,2.0689
159162915,3,29,2,25,2,2,4,2.2251
159162935,3,29,2,25,2,2,4,3.0376
159162908,3,29,2,25,2,2,4,2.7126
159162934,3,29,2,25,2,2,4,4.2126
159162902,3,29,2,25,2,2,4,3.0376
159162928,3,29,2,25,2,2,4,1.8751
159162913,3,29,2,25,2,2,4,2.7876
159162933,3,29,2,25,2,2,4,2.4064
159162926,3,29,2,25,2,2,4,2.1751
159162907,3,29,2,25,2,2,4,2.9314
159162925,3,29,2,25,2,2,4,2.9126
159162923,3,29,2,25,2,2,4,2.3939
159162920,3,29,2,25,2,2,4,2.6564
159162910,3,29,2,25,2,2,4,2.5876
159162940,3,29,2,25,2,2,4,3.2501
159162904,3,29,2,25,2,2,4,2.3814
159162901,3,29,2,25,2,2,4,1.5847
1421229023,3,29,3,-1,1,3,2,3.2834
1421229030,3,29,3,-1,1,3,2,2.7641
1421229017,3,29,3,-1,1,3,2,2.4308
1421229016,3,29,3,-1,1,3,2,3.2834
1421229012,3,29,3,-1,1,3,2,2.6802
1421229021,3,29,3,-1,1,3,2,2.7596
1421229027,3,29,3,-1,1,3,2,2.1269
1421229011,3,29,3,-1,1,3,2,2.5056
1421229026,3,29,3,-1,1,3,2,3.9364
1421229003,3,29,3,-1,1,3,2,2.746
1421229032,3,29,3,-1,1,3,2,3.3809
1421229034,3,29,3,-1,1,3,2,7.9319
1421229033,3,29,3,-1,1,3,2,2.9138
1421229038,3,29,3,-1,1,3,2,2.4308
1421229036,3,29,3,-1,1,3,2,5.0612
1421229031,3,29,3,-1,1,3,2,4.5782
1421229035,3,29,3,-1,1,3,2,3.0317
1421229009,3,29,3,-1,1,3,2,3.009
1421229014,3,29,3,-1,1,3,2,2.5827
1421229006,3,29,3,-1,1,3,2,3.0748
1421229018,3,29,3,-1,1,3,2,2.5668
1421229015,3,29,3,-1,1,3,2,3.0203
1421229008,3,29,3,-1,1,3,2,2.5464
1421229029,3,29,3,-1,1,3,2,2.4081
1421229002,3,29,3,-1,1,3,2,2.5441
1421229013,3,29,3,-1,1,3,2,2.7278
1421229028,3,29,3,-1,1,3,2,3.2222
1421229025,3,29,3,-1,1,3,2,1.6122
1421229007,3,29,3,-1,1,3,2,2.8321
1421229024,3,29,3,-1,1,3,2,2.5011
1421229005,3,29,3,-1,1,3,2,3.2154
1421229019,3,29,3,-1,1,3,2,2.9727
1421229022,3,29,3,-1,1,3,2,2.5646
1421229020,3,29,3,-1,1,3,2,3.8866
1421229010,3,29,3,-1,1,3,2,4.1881
1421229037,3,29,3,-1,1,3,2,3.628
1381229034,3,29,3,-1,1,3,3,7.941
1381229023,3,29,3,-1,1,3,3,2.4988
1381229019,3,29,3,-1,1,3,3,3.9342
1381229033,3,29,3,-1,1,3,3,2.916
1381229025,3,29,3,-1,1,3,3,2.2403
1381229017,3,29,3,-1,1,3,3,3.0045
1381229012,3,29,3,-1,1,3,3,2.5736
1381229003,3,29,3,-1,1,3,3,2.7392
1381229013,3,29,3,-1,1,3,3,3.0045
1381229032,3,29,3,-1,1,3,3,3.4104
1381229030,3,29,3,-1,1,3,3,2.746
1381229038,3,29,3,-1,1,3,3,2.5305
1381229036,3,29,3,-1,1,3,3,5.043
1381229031,3,29,3,-1,1,3,3,4.5464
1381229035,3,29,3,-1,1,3,3,3.8934
1381229010,3,29,3,-1,1,3,3,2.6394
1381229015,3,29,3,-1,1,3,3,2.4353
1381229007,3,29,3,-1,1,3,3,2.9568
1381229020,3,29,3,-1,1,3,3,2.7528
1381229016,3,29,3,-1,1,3,3,2.5328
1381229009,3,29,3,-1,1,3,3,2.5079
1381229029,3,29,3,-1,1,3,3,2.4081
1381229002,3,29,3,-1,1,3,3,2.6847
1381229014,3,29,3,-1,1,3,3,3.2993
1381229028,3,29,3,-1,1,3,3,3.229
1381229027,3,29,3,-1,1,3,3,2.2652
1381229008,3,29,3,-1,1,3,3,4.2426
1381229026,3,29,3,-1,1,3,3,2.3151
1381229005,3,29,3,-1,1,3,3,3.2652
1381229021,3,29,3,-1,1,3,3,2.5759
1381229024,3,29,3,-1,1,3,3,2.7868
1381229022,3,29,3,-1,1,3,3,3.3038
1381229011,3,29,3,-1,1,3,3,2.7754
1381229037,3,29,3,-1,1,3,3,3.5986
1381229004,3,29,3,-1,1,3,3,3.3832
1381229001,3,29,3,-1,1,3,3,3.3809
1401229025,3,29,3,-1,1,3,4,3.2689
1401229023,3,29,3,-1,1,3,4,2.8064
1401229028,3,29,3,-1,1,3,4,2.2501
1401229005,3,29,3,-1,1,3,4,3.2376
1401229012,3,29,3,-1,1,3,4,2.5126
1401229017,3,29,3,-1,1,3,4,3.3064
1401229031,3,29,3,-1,1,3,4,3.2439
1401229013,3,29,3,-1,1,3,4,2.6439
1401229020,3,29,3,-1,1,3,4,3.0064
1401229032,3,29,3,-1,1,3,4,2.4189
1401229030,3,29,3,-1,1,3,4,2.2876
1401229038,3,29,3,-1,1,3,4,7.9314
1401229040,3,29,3,-1,1,3,4,5.0689
1401229003,3,29,3,-1,1,3,4,2.7439
1401229042,3,29,3,-1,1,3,4,2.4689
1401229033,3,29,3,-1,1,3,4,2.7064
1401229037,3,29,3,-1,1,3,4,2.9189
1401229018,3,29,3,-1,1,3,4,2.4251
1401229039,3,29,3,-1,1,3,4,3.8439
1401229009,3,29,3,-1,1,3,4,2.0001
1401229015,3,29,3,-1,1,3,4,2.5751
1401229006,3,29,3,-1,1,3,4,2.7939
1401229019,3,29,3,-1,1,3,4,2.5376
1401229016,3,29,3,-1,1,3,4,3.0064
1401229036,3,29,3,-1,1,3,4,1.7751
1401229008,3,29,3,-1,1,3,4,2.5689
1401229035,3,29,3,-1,1,3,4,0.9314
1401229002,3,29,3,-1,1,3,4,2.6876
1401229029,3,29,3,-1,1,3,4,2.2876
1401229014,3,29,3,-1,1,3,4,2.7689
1401229034,3,29,3,-1,1,3,4,4.5501
1401229027,3,29,3,-1,1,3,4,2.7939
1401229007,3,29,3,-1,1,3,4,3.0626
1401229026,3,29,3,-1,1,3,4,2.5376
1401229024,3,29,3,-1,1,3,4,2.5064
1401229022,3,29,3,-1,1,3,4,3.9376
1421329005,3,29,3,-1,1,4,2,3.2154
1421329030,3,29,3,-1,1,4,2,3.229
1421329031,3,29,3,-1,1,4,2,2.4149
1421329035,3,29,3,-1,1,4,2,2.9024
1421329036,3,29,3,-1,1,4,2,7.9319
1421329027,3,29,3,-1,1,4,2,2.2267
1421329011,3,29,3,-1,1,4,2,2.5124
1421329024,3,29,3,-1,1,4,2,3.2403
1421329012,3,29,3,-1,1,4,2,2.6417
1421329029,3,29,3,-1,1,4,2,2.0498
1421329019,3,29,3,-1,1,4,2,2.9795
1421329016,3,29,3,-1,1,4,2,3.2902
1421329003,3,29,3,-1,1,4,2,2.746
1421329040,3,29,3,-1,1,4,2,2.297
1421329022,3,29,3,-1,1,4,2,2.789
1421329038,3,29,3,-1,1,4,2,5.0793
1421329017,3,29,3,-1,1,4,2,2.4285
1421329037,3,29,3,-1,1,4,2,3.8979
1421329009,3,29,3,-1,1,4,2,2.9727
1421329014,3,29,3,-1,1,4,2,2.5782
1421329006,3,29,3,-1,1,4,2,2.7913
1421329018,3,29,3,-1,1,4,2,2.56
1421329015,3,29,3,-1,1,4,2,3.0158
1421329034,3,29,3,-1,1,4,2,3.7822
1421329008,3,29,3,-1,1,4,2,2.5555
1421329033,3,29,3,-1,1,4,2,4.1859
1421329002,3,29,3,-1,1,4,2,2.6847
1421329028,3,29,3,-1,1,4,2,2.5192
1421329013,3,29,3,-1,1,4,2,2.7709
1421329032,3,29,3,-1,1,4,2,2.7505
1421329026,3,29,3,-1,1,4,2,2.7936
1421329007,3,29,3,-1,1,4,2,3.068
1421329025,3,29,3,-1,1,4,2,2.5464
1421329023,3,29,3,-1,1,4,2,2.5487
1421329021,3,29,3,-1,1,4,2,3.8888
1421329010,3,29,3,-1,1,4,2,4.2426
1421329039,3,29,3,-1,1,4,2,3.6303
1421329004,3,29,3,-1,1,4,2,3.3945
1421329001,3,29,3,-1,1,4,2,3.3922
1381329005,3,29,3,-1,1,4,3,3.2222
1381329030,3,29,3,-1,1,4,3,3.2494
1381329031,3,29,3,-1,1,4,3,2.4217
1381329035,3,29,3,-1,1,4,3,2.9228
1381329036,3,29,3,-1,1,4,3,7.9432
1381329027,3,29,3,-1,1,4,3,2.2607
1381329011,3,29,3,-1,1,4,3,2.5147
1381329024,3,29,3,-1,1,4,3,3.2516
1381329012,3,29,3,-1,1,4,3,2.6417
1381329029,3,29,3,-1,1,4,3,2.111
1381329019,3,29,3,-1,1,4,3,3.009
1381329016,3,29,3,-1,1,4,3,3.3015
1381329003,3,29,3,-1,1,4,3,2.7482
1381329040,3,29,3,-1,1,4,3,2.3378
1381329022,3,29,3,-1,1,4,3,2.7664
1381329038,3,29,3,-1,1,4,3,5.0498
1381329017,3,29,3,-1,1,4,3,2.4262
1381329037,3,29,3,-1,1,4,3,3.882
1381329009,3,29,3,-1,1,4,3,2.9818
1381329014,3,29,3,-1,1,4,3,2.5782
1381329006,3,29,3,-1,1,4,3,2.7913
1381329018,3,29,3,-1,1,4,3,2.5351
1381329015,3,29,3,-1,1,4,3,3.0067
1381329034,3,29,3,-1,1,4,3,3.4058
1381329008,3,29,3,-1,1,4,3,2.5578
1381329033,3,29,3,-1,1,4,3,4.5464
1381329002,3,29,3,-1,1,4,3,2.6779
1381329028,3,29,3,-1,1,4,3,2.4081
1381329013,3,29,3,-1,1,4,3,2.7709
1381329032,3,29,3,-1,1,4,3,2.7482
1381329026,3,29,3,-1,1,4,3,2.7936
1381329007,3,29,3,-1,1,4,3,3.0702
1381329025,3,29,3,-1,1,4,3,2.5351
1381329023,3,29,3,-1,1,4,3,2.5827
1381329021,3,29,3,-1,1,4,3,3.9251
1381329010,3,29,3,-1,1,4,3,4.2426
1381329039,3,29,3,-1,1,4,3,3.6167
1381329004,3,29,3,-1,1,4,3,3.3763
1381329001,3,29,3,-1,1,4,3,3.399
1401329005,3,29,3,-1,1,4,4,3.2439
1401329030,3,29,3,-1,1,4,4,3.2439
1401329031,3,29,3,-1,1,4,4,2.4376
1401329035,3,29,3,-1,1,4,4,2.9189
1401329036,3,29,3,-1,1,4,4,7.9376
1401329027,3,29,3,-1,1,4,4,2.3064
1401329011,3,29,3,-1,1,4,4,2.5064
1401329024,3,29,3,-1,1,4,4,3.1814
1401329012,3,29,3,-1,1,4,4,2.6439
1401329029,3,29,3,-1,1,4,4,2.1939
1401329019,3,29,3,-1,1,4,4,3.0064
1401329016,3,29,3,-1,1,4,4,3.3064
1401329003,3,29,3,-1,1,4,4,2.7439
1401329040,3,29,3,-1,1,4,4,2.4439
1401329022,3,29,3,-1,1,4,4,2.7439
1401329038,3,29,3,-1,1,4,4,5.0189
1401329017,3,29,3,-1,1,4,4,2.4314
1401329037,3,29,3,-1,1,4,4,3.8939
1401329009,3,29,3,-1,1,4,4,2.9814
1401329014,3,29,3,-1,1,4,4,2.5814
1401329006,3,29,3,-1,1,4,4,2.7876
1401329018,3,29,3,-1,1,4,4,2.5314
1401329015,3,29,3,-1,1,4,4,3.0001
1401329034,3,29,3,-1,1,4,4,3.4501
1401329008,3,29,3,-1,1,4,4,2.5626
1401329033,3,29,3,-1,1,4,4,4.5564
1401329002,3,29,3,-1,1,4,4,2.6876
1401329028,3,29,3,-1,1,4,4,2.3189
1401329013,3,29,3,-1,1,4,4,2.7689
1401329032,3,29,3,-1,1,4,4,2.6814
1401329026,3,29,3,-1,1,4,4,2.7126
1401329007,3,29,3,-1,1,4,4,3.0689
1401329025,3,29,3,-1,1,4,4,2.6251
1401329023,3,29,3,-1,1,4,4,2.5689
1401329021,3,29,3,-1,1,4,4,4.0376
1401329010,3,29,3,-1,1,4,4,4.2439
1401329039,3,29,3,-1,1,4,4,3.5939
1401329004,3,29,3,-1,1,4,4,3.3689
1401329001,3,29,3,-1,1,4,4,3.3876
158133024,3,30,2,24,1,3,2,3.9295
158133022,3,30,2,24,1,3,2,3.1744
158133017,3,30,2,24,1,3,2,4.0996
158133011,3,30,2,24,1,3,2,3.0565
158133033,3,30,2,24,1,3,2,4.3037
158133030,3,30,2,24,1,3,2,3.0883
158133016,3,30,2,24,1,3,2,7.7141
158133012,3,30,2,24,1,3,2,3.9635
158133003,3,30,2,24,1,3,2,4.6234
158133027,3,30,2,24,1,3,2,3.3241
158133032,3,30,2,24,1,3,2,3.7322
158133034,3,30,2,24,1,3,2,3.1313
158133038,3,30,2,24,1,3,2,4.6665
158133036,3,30,2,24,1,3,2,3.5327
158133031,3,30,2,24,1,3,2,3.1563
158133035,3,30,2,24,1,3,2,3.7595
158133009,3,30,2,24,1,3,2,4.3422
158133014,3,30,2,24,1,3,2,3.8093
158133006,3,30,2,24,1,3,2,4.2697
158133018,3,30,2,24,1,3,2,3.9862
158133015,3,30,2,24,1,3,2,4.0542
158133008,3,30,2,24,1,3,2,4.1585
158133029,3,30,2,24,1,3,2,3.7096
158133002,3,30,2,24,1,3,2,5.1926
158133013,3,30,2,24,1,3,2,3.1449
158133028,3,30,2,24,1,3,2,3.6665
158133026,3,30,2,24,1,3,2,4.0973
158133007,3,30,2,24,1,3,2,4.3468
158133025,3,30,2,24,1,3,2,3.5985
158133005,3,30,2,24,1,3,2,3.7731
158133020,3,30,2,24,1,3,2,3.3853
158133023,3,30,2,24,1,3,2,3.4465
158133021,3,30,2,24,1,3,2,3.6257
158133010,3,30,2,24,1,3,2,3.8524
158133037,3,30,2,24,1,3,2,3.6053
158133004,3,30,2,24,1,3,2,4.0225
158133001,3,30,2,24,1,3,2,3.0021
157123024,3,30,2,24,1,3,3,3.4533
157123031,3,30,2,24,1,3,3,3.0905
157123017,3,30,2,24,1,3,3,7.7141
157123016,3,30,2,24,1,3,3,4.0474
157123012,3,30,2,24,1,3,3,3.0588
157123022,3,30,2,24,1,3,3,3.6257
157123028,3,30,2,24,1,3,3,3.3241
157123011,3,30,2,24,1,3,3,3.8502
157123027,3,30,2,24,1,3,3,4.1019
157123003,3,30,2,24,1,3,3,5.1835
157123033,3,30,2,24,1,3,3,3.7345
157123035,3,30,2,24,1,3,3,3.0883
157123034,3,30,2,24,1,3,3,4.3059
157123039,3,30,2,24,1,3,3,4.6665
157123037,3,30,2,24,1,3,3,3.535
157123032,3,30,2,24,1,3,3,3.1563
157123036,3,30,2,24,1,3,3,3.8025
157123009,3,30,2,24,1,3,3,4.1472
157123014,3,30,2,24,1,3,3,3.1654
157123006,3,30,2,24,1,3,3,3.8116
157123018,3,30,2,24,1,3,3,4.1019
157123015,3,30,2,24,1,3,3,3.7957
157123008,3,30,2,24,1,3,3,4.3581
157123030,3,30,2,24,1,3,3,3.7073
157123002,3,30,2,24,1,3,3,3.0044
157123013,3,30,2,24,1,3,3,3.9658
157123029,3,30,2,24,1,3,3,3.6688
157123026,3,30,2,24,1,3,3,3.5939
157123007,3,30,2,24,1,3,3,4.2674
157123025,3,30,2,24,1,3,3,3.925
157123005,3,30,2,24,1,3,3,3.9817
157123019,3,30,2,24,1,3,3,3.9885
157123023,3,30,2,24,1,3,3,3.1744
157123021,3,30,2,24,1,3,3,3.3876
157123010,3,30,2,24,1,3,3,4.3468
157123038,3,30,2,24,1,3,3,3.6098
157123004,3,30,2,24,1,3,3,4.6347
159133024,3,30,2,24,1,3,4,2.9376
159133031,3,30,2,24,1,3,4,3.0876
159133017,3,30,2,24,1,3,4,7.2126
159133016,3,30,2,24,1,3,4,4.0251
159133012,3,30,2,24,1,3,4,2.5626
159133022,3,30,2,24,1,3,4,3.1251
159133028,3,30,2,24,1,3,4,3.3251
159133011,3,30,2,24,1,3,4,3.8439
159133027,3,30,2,24,1,3,4,3.6126
159133003,3,30,2,24,1,3,4,5.1939
159133033,3,30,2,24,1,3,4,3.2189
159133035,3,30,2,24,1,3,4,2.6251
159133034,3,30,2,24,1,3,4,4.2939
159133039,3,30,2,24,1,3,4,4.1626
159133037,3,30,2,24,1,3,4,3.0501
159133032,3,30,2,24,1,3,4,2.6064
159133036,3,30,2,24,1,3,4,3.7626
159133009,3,30,2,24,1,3,4,3.6501
159133014,3,30,2,24,1,3,4,3.1439
159133006,3,30,2,24,1,3,4,3.4939
159133018,3,30,2,24,1,3,4,4.1251
159133015,3,30,2,24,1,3,4,3.3314
159133008,3,30,2,24,1,3,4,3.8314
159133030,3,30,2,24,1,3,4,3.2189
159133002,3,30,2,24,1,3,4,3.0064
159133013,3,30,2,24,1,3,4,3.9564
159133029,3,30,2,24,1,3,4,3.1439
159133026,3,30,2,24,1,3,4,3.0501
159133007,3,30,2,24,1,3,4,4.2876
159133025,3,30,2,24,1,3,4,3.4439
159133005,3,30,2,24,1,3,4,3.5001
159133019,3,30,2,24,1,3,4,3.9314
159133023,3,30,2,24,1,3,4,2.6314
159133021,3,30,2,24,1,3,4,2.8814
159133010,3,30,2,24,1,3,4,4.3439
159133038,3,30,2,24,1,3,4,3.0939
159133004,3,30,2,24,1,3,4,4.6189
158143024,3,30,2,24,1,4,2,3.9341
158143022,3,30,2,24,1,4,2,3.1654
158143017,3,30,2,24,1,4,2,4.0951
158143011,3,30,2,24,1,4,2,3.052
158143033,3,30,2,24,1,4,2,4.3195
158143030,3,30,2,24,1,4,2,3.0837
158143016,3,30,2,24,1,4,2,7.705
158143012,3,30,2,24,1,4,2,3.9862
158143003,3,30,2,24,1,4,2,4.6257
158143027,3,30,2,24,1,4,2,3.349
158143032,3,30,2,24,1,4,2,3.73
158143034,3,30,2,24,1,4,2,3.1245
158143038,3,30,2,24,1,4,2,4.6665
158143036,3,30,2,24,1,4,2,3.535
158143031,3,30,2,24,1,4,2,3.154
158143035,3,30,2,24,1,4,2,3.7481
158143009,3,30,2,24,1,4,2,4.3354
158143014,3,30,2,24,1,4,2,3.8411
158143006,3,30,2,24,1,4,2,4.2742
158143018,3,30,2,24,1,4,2,4.0044
158143015,3,30,2,24,1,4,2,4.0384
158143008,3,30,2,24,1,4,2,4.1744
158143029,3,30,2,24,1,4,2,3.7209
158143002,3,30,2,24,1,4,2,5.1835
158143013,3,30,2,24,1,4,2,3.12
158143028,3,30,2,24,1,4,2,3.6393
158143026,3,30,2,24,1,4,2,4.1041
158143007,3,30,2,24,1,4,2,4.34
158143025,3,30,2,24,1,4,2,3.5917
158143005,3,30,2,24,1,4,2,3.7549
158143020,3,30,2,24,1,4,2,3.3808
158143023,3,30,2,24,1,4,2,3.4261
157133013,3,30,2,24,1,4,3,3.8252
157133028,3,30,2,24,1,4,3,3.0724
157133012,3,30,2,24,1,4,3,3.1427
157133003,3,30,2,24,1,4,3,2.9839
157133020,3,30,2,24,1,4,3,3.349
157133018,3,30,2,24,1,4,3,2.5803
157133034,3,30,2,24,1,4,3,1.0565
157133032,3,30,2,24,1,4,3,3.1087
157133025,3,30,2,24,1,4,3,4.1404
157133016,3,30,2,24,1,4,3,7.73
157133030,3,30,2,24,1,4,3,3.9227
157133007,3,30,2,24,1,4,3,4.2651
157133021,3,30,2,24,1,4,3,3.6733
157133010,3,30,2,24,1,4,3,2.4919
157133036,3,30,2,24,1,4,3,3.7912
157133031,3,30,2,24,1,4,3,4.3332
157133029,3,30,2,24,1,4,3,2.8796
157133002,3,30,2,24,1,4,3,4.6053
157133037,3,30,2,24,1,4,3,4.4873
157133008,3,30,2,24,1,4,3,4.2493
157133005,3,30,2,24,1,4,3,3.6506
157133022,3,30,2,24,1,4,3,3.1177
157133035,3,30,2,24,1,4,3,1.9091
157133023,3,30,2,24,1,4,3,3.4171
157133011,3,30,2,24,1,4,3,7.5327
157133009,3,30,2,24,1,4,3,0.8366
157133033,3,30,2,24,1,4,3,3.7459
157133004,3,30,2,24,1,4,3,4.1041
157133001,3,30,2,24,1,4,3,1.6756
157133026,3,30,2,24,1,4,3,3.2969
157133019,3,30,2,24,1,4,3,6.4193
157133014,3,30,2,24,1,4,3,3.1654
159143024,3,30,2,24,1,4,4,3.4376
159143031,3,30,2,24,1,4,4,2.5876
159143017,3,30,2,24,1,4,4,7.7126
159143016,3,30,2,24,1,4,4,4.0376
159143012,3,30,2,24,1,4,4,3.0564
159143022,3,30,2,24,1,4,4,3.1189
159143028,3,30,2,24,1,4,4,3.3251
159143011,3,30,2,24,1,4,4,3.8439
159143027,3,30,2,24,1,4,4,4.1189
159143003,3,30,2,24,1,4,4,5.2001
159143033,3,30,2,24,1,4,4,3.7376
159143035,3,30,2,24,1,4,4,2.6751
159143034,3,30,2,24,1,4,4,4.2939
159143039,3,30,2,24,1,4,4,4.6626
159143037,3,30,2,24,1,4,4,3.5501
159143032,3,30,2,24,1,4,4,3.1501
159143036,3,30,2,24,1,4,4,3.7064
159143009,3,30,2,24,1,4,4,3.6376
159143014,3,30,2,24,1,4,4,3.1189
159143006,3,30,2,24,1,4,4,3.7751
159143018,3,30,2,24,1,4,4,4.1189
159143015,3,30,2,24,1,4,4,3.8439
159143008,3,30,2,24,1,4,4,4.3439
159143030,3,30,2,24,1,4,4,3.7189
159143002,3,30,2,24,1,4,4,3.0001
159143013,3,30,2,24,1,4,4,3.9751
159143029,3,30,2,24,1,4,4,3.6626
159143026,3,30,2,24,1,4,4,3.5751
159143007,3,30,2,24,1,4,4,4.2751
159143025,3,30,2,24,1,4,4,3.9439
159143005,3,30,2,24,1,4,4,4.0189
159143019,3,30,2,24,1,4,4,3.9501
158183033,3,30,2,25,2,4,2,4.2946
158183022,3,30,2,25,2,4,2,3.188
158183017,3,30,2,25,2,4,2,4.0905
158183032,3,30,2,25,2,4,2,3.739
158183024,3,30,2,25,2,4,2,3.9363
158183016,3,30,2,25,2,4,2,7.7232
158183011,3,30,2,25,2,4,2,3.0701
158183003,3,30,2,25,2,4,2,4.637
158183012,3,30,2,25,2,4,2,3.9681
158183031,3,30,2,25,2,4,2,3.1495
158183029,3,30,2,25,2,4,2,3.7028
158183037,3,30,2,25,2,4,2,4.6869
158183035,3,30,2,25,2,4,2,5.9182
158183030,3,30,2,25,2,4,2,3.0883
158183034,3,30,2,25,2,4,2,2.6211
158183009,3,30,2,25,2,4,2,4.3536
158183014,3,30,2,25,2,4,2,3.8139
158183006,3,30,2,25,2,4,2,4.2561
158183018,3,30,2,25,2,4,2,3.9545
158183015,3,30,2,25,2,4,2,4.0497
158183008,3,30,2,25,2,4,2,4.1359
158183028,3,30,2,25,2,4,2,3.6846
158183002,3,30,2,25,2,4,2,5.1722
158183013,3,30,2,25,2,4,2,3.1313
158183027,3,30,2,25,2,4,2,3.3082
158183026,3,30,2,25,2,4,2,4.1223
158183007,3,30,2,25,2,4,2,4.3785
158183025,3,30,2,25,2,4,2,3.5894
158183005,3,30,2,25,2,4,2,3.8298
158183020,3,30,2,25,2,4,2,3.3989
158183023,3,30,2,25,2,4,2,3.4125
158183021,3,30,2,25,2,4,2,3.6279
158183010,3,30,2,25,2,4,2,3.832
158183036,3,30,2,25,2,4,2,3.603
158183004,3,30,2,25,2,4,2,3.9726
158183001,3,30,2,25,2,4,2,3.0021
157173024,3,30,2,25,2,4,3,3.4148
157173031,3,30,2,25,2,4,3,3.0883
157173017,3,30,2,25,2,4,3,7.7345
157173016,3,30,2,25,2,4,3,4.0406
157173012,3,30,2,25,2,4,3,3.0701
157173022,3,30,2,25,2,4,3,3.6393
157173028,3,30,2,25,2,4,3,3.3173
157173011,3,30,2,25,2,4,3,3.8093
157173027,3,30,2,25,2,4,3,4.1223
157173003,3,30,2,25,2,4,3,5.1744
157173033,3,30,2,25,2,4,3,3.7549
157173035,3,30,2,25,2,4,3,3.0905
157173034,3,30,2,25,2,4,3,4.2787
157173039,3,30,2,25,2,4,3,4.7005
157173037,3,30,2,25,2,4,3,3.5735
157173032,3,30,2,25,2,4,3,3.1563
157173036,3,30,2,25,2,4,3,3.7912
157173009,3,30,2,25,2,4,3,4.1336
157173014,3,30,2,25,2,4,3,3.1313
157173006,3,30,2,25,2,4,3,3.8207
157173018,3,30,2,25,2,4,3,4.0905
157173015,3,30,2,25,2,4,3,3.8161
157173008,3,30,2,25,2,4,3,4.3808
157173030,3,30,2,25,2,4,3,3.7118
157173002,3,30,2,25,2,4,3,3.0021
157173013,3,30,2,25,2,4,3,3.9681
157173029,3,30,2,25,2,4,3,3.6756
157173026,3,30,2,25,2,4,3,3.5826
157173007,3,30,2,25,2,4,3,4.2606
157173025,3,30,2,25,2,4,3,3.9363
157173005,3,30,2,25,2,4,3,3.9771
157173019,3,30,2,25,2,4,3,3.9545
157173023,3,30,2,25,2,4,3,3.1744
157173021,3,30,2,25,2,4,3,3.3921
157173010,3,30,2,25,2,4,3,4.3785
157173038,3,30,2,25,2,4,3,3.569
159183024,3,30,2,25,2,4,4,3.4314
159183031,3,30,2,25,2,4,4,3.0876
159183017,3,30,2,25,2,4,4,7.7251
159183016,3,30,2,25,2,4,4,4.0439
159183012,3,30,2,25,2,4,4,3.0814
159183022,3,30,2,25,2,4,4,3.0876
159183028,3,30,2,25,2,4,4,3.3314
159183011,3,30,2,25,2,4,4,3.8126
159183027,3,30,2,25,2,4,4,4.1126
159183003,3,30,2,25,2,4,4,4.6626
159183033,3,30,2,25,2,4,4,3.2314
159183035,3,30,2,25,2,4,4,3.0876
159183034,3,30,2,25,2,4,4,4.2939
159183039,3,30,2,25,2,4,4,4.6939
159183037,3,30,2,25,2,4,4,3.5501
159183032,3,30,2,25,2,4,4,3.1626
159183036,3,30,2,25,2,4,4,3.7939
159183009,3,30,2,25,2,4,4,4.1439
159183014,3,30,2,25,2,4,4,3.1376
159183006,3,30,2,25,2,4,4,3.8314
159183018,3,30,2,25,2,4,4,3.5876
159183015,3,30,2,25,2,4,4,3.8189
159183008,3,30,2,25,2,4,4,3.8814
159183030,3,30,2,25,2,4,4,3.7189
159183002,3,30,2,25,2,4,4,3.0001
159183013,3,30,2,25,2,4,4,3.4564
159183029,3,30,2,25,2,4,4,3.6626
159183026,3,30,2,25,2,4,4,3.0814
159183007,3,30,2,25,2,4,4,4.2439
159183025,3,30,2,25,2,4,4,3.9439
159183005,3,30,2,25,2,4,4,3.9751
159183019,3,30,2,25,2,4,4,3.9626
159183023,3,30,2,25,2,4,4,3.1814
159183021,3,30,2,25,2,4,4,3.4001
159183010,3,30,2,25,2,4,4,4.3689
159183038,3,30,2,25,2,4,4,3.5939
1421430024,3,30,3,-1,2,1,2,3.263
1421430031,3,30,3,-1,2,1,2,2.9591
1421430017,3,30,3,-1,2,1,2,7.5782
1421430016,3,30,3,-1,2,1,2,3.8661
1421430012,3,30,3,-1,2,1,2,2.8956
1421430022,3,30,3,-1,2,1,2,3.4852
1421430028,3,30,3,-1,2,1,2,3.1451
1421430011,3,30,3,-1,2,1,2,3.7074
1421430027,3,30,3,-1,2,1,2,3.9773
1421430003,3,30,3,-1,2,1,2,5.0226
1421430033,3,30,3,-1,2,1,2,3.5532
1421430035,3,30,3,-1,2,1,2,2.9455
1421430034,3,30,3,-1,2,1,2,4.1428
1421430039,3,30,3,-1,2,1,2,4.5396
1421430037,3,30,3,-1,2,1,2,3.4217
1421430032,3,30,3,-1,2,1,2,3.0135
1421430036,3,30,3,-1,2,1,2,3.6439
1421430009,3,30,3,-1,2,1,2,3.9863
1421430014,3,30,3,-1,2,1,2,2.9818
1421430006,3,30,3,-1,2,1,2,3.6689
1421430018,3,30,3,-1,2,1,2,3.9342
1421430015,3,30,3,-1,2,1,2,3.7006
1421430008,3,30,3,-1,2,1,2,4.2244
1421430030,3,30,3,-1,2,1,2,3.5532
1421430002,3,30,3,-1,2,1,2,2.8548
1421430013,3,30,3,-1,2,1,2,3.8163
1421430029,3,30,3,-1,2,1,2,3.5328
1421430026,3,30,3,-1,2,1,2,3.4534
1421430007,3,30,3,-1,2,1,2,4.111
1421430025,3,30,3,-1,2,1,2,3.7822
1421430005,3,30,3,-1,2,1,2,3.8344
1421430019,3,30,3,-1,2,1,2,3.8004
1421430023,3,30,3,-1,2,1,2,3.0271
1421430021,3,30,3,-1,2,1,2,3.2562
1421430010,3,30,3,-1,2,1,2,4.2017
1421430038,3,30,3,-1,2,1,2,3.4308
1421430004,3,30,3,-1,2,1,2,4.4829
1381430024,3,30,3,-1,2,1,3,3.78
1381430022,3,30,3,-1,2,1,3,3.0317
1381430017,3,30,3,-1,2,1,3,3.9546
1381430011,3,30,3,-1,2,1,3,2.8956
1381430033,3,30,3,-1,2,1,3,4.1269
1381430030,3,30,3,-1,2,1,3,2.9364
1381430016,3,30,3,-1,2,1,3,7.5782
1381430012,3,30,3,-1,2,1,3,3.9228
1381430003,3,30,3,-1,2,1,3,4.4829
1381430027,3,30,3,-1,2,1,3,3.1609
1381430032,3,30,3,-1,2,1,3,3.5759
1381430034,3,30,3,-1,2,1,3,2.9546
1381430038,3,30,3,-1,2,1,3,4.5351
1381430036,3,30,3,-1,2,1,3,3.39
1381430031,3,30,3,-1,2,1,3,3.009
1381430035,3,30,3,-1,2,1,3,3.6643
1381430009,3,30,3,-1,2,1,3,4.204
1381430014,3,30,3,-1,2,1,3,3.6825
1381430006,3,30,3,-1,2,1,3,4.1133
1381430018,3,30,3,-1,2,1,3,3.7822
1381430015,3,30,3,-1,2,1,3,3.8684
1381430008,3,30,3,-1,2,1,3,4.0113
1381430029,3,30,3,-1,2,1,3,3.5736
1381430002,3,30,3,-1,2,1,3,5.0226
1381430013,3,30,3,-1,2,1,3,2.8956
1381430028,3,30,3,-1,2,1,3,3.5215
1381430026,3,30,3,-1,2,1,3,3.9773
1381430007,3,30,3,-1,2,1,3,4.2244
1381430025,3,30,3,-1,2,1,3,3.4557
1381430005,3,30,3,-1,2,1,3,3.6711
1381430020,3,30,3,-1,2,1,3,3.2335
1381430023,3,30,3,-1,2,1,3,3.2584
1381430021,3,30,3,-1,2,1,3,3.4739
1381430010,3,30,3,-1,2,1,3,3.6825
1381430037,3,30,3,-1,2,1,3,3.4376
1381430004,3,30,3,-1,2,1,3,3.8344
1381430001,3,30,3,-1,2,1,3,2.8299
1401430005,3,30,3,-1,2,1,4,3.6876
1401430030,3,30,3,-1,2,1,4,3.5064
1401430031,3,30,3,-1,2,1,4,3.5689
1401430035,3,30,3,-1,2,1,4,4.1626
1401430036,3,30,3,-1,2,1,4,2.9126
1401430027,3,30,3,-1,2,1,4,3.9626
1401430011,3,30,3,-1,2,1,4,3.6189
1401430024,3,30,3,-1,2,1,4,3.2751
1401430012,3,30,3,-1,2,1,4,2.9251
1401430029,3,30,3,-1,2,1,4,1.7939
1401430019,3,30,3,-1,2,1,4,3.5376
1401430016,3,30,3,-1,2,1,4,3.8939
1401430003,3,30,3,-1,2,1,4,4.4939
1401430040,3,30,3,-1,2,1,4,4.5439
1401430022,3,30,3,-1,2,1,4,3.4626
1401430038,3,30,3,-1,2,1,4,3.4001
1401430017,3,30,3,-1,2,1,4,7.5751
1401430037,3,30,3,-1,2,1,4,3.6501
1401430009,3,30,3,-1,2,1,4,1.9189
1401430014,3,30,3,-1,2,1,4,2.9814
1401430006,3,30,3,-1,2,1,4,4.0939
1401430018,3,30,3,-1,2,1,4,3.9376
1401430015,3,30,3,-1,2,1,4,3.6689
1401430034,3,30,3,-1,2,1,4,3.5751
1401430008,3,30,3,-1,2,1,4,3.9876
1401430033,3,30,3,-1,2,1,4,3.0189
1401430002,3,30,3,-1,2,1,4,5.0126
1401430028,3,30,3,-1,2,1,4,0.6439
1401430013,3,30,3,-1,2,1,4,3.8126
1401430032,3,30,3,-1,2,1,4,2.9376
1401430026,3,30,3,-1,2,1,4,3.4314
1401430007,3,30,3,-1,2,1,4,4.2314
1401430025,3,30,3,-1,2,1,4,3.7939
1401430023,3,30,3,-1,2,1,4,3.0376
1401430021,3,30,3,-1,2,1,4,3.2126
1401430010,3,30,3,-1,2,1,4,1.6001
1401430039,3,30,3,-1,2,1,4,3.4439
1421530024,3,30,3,-1,2,4,2,3.7868
1421530022,3,30,3,-1,2,4,2,3.0226
1421530017,3,30,3,-1,2,4,2,3.9319
1421530011,3,30,3,-1,2,4,2,2.9206
1421530033,3,30,3,-1,2,4,2,4.1541
1421530030,3,30,3,-1,2,4,2,2.907
1421530016,3,30,3,-1,2,4,2,7.5555
1421530012,3,30,3,-1,2,4,2,3.8299
1421530003,3,30,3,-1,2,4,2,4.4807
1421530027,3,30,3,-1,2,4,2,3.1813
1421530032,3,30,3,-1,2,4,2,3.5441
1421530034,3,30,3,-1,2,4,2,2.9387
1421530038,3,30,3,-1,2,4,2,4.5419
1421530036,3,30,3,-1,2,4,2,3.4013
1421530031,3,30,3,-1,2,4,2,3.0453
1421530035,3,30,3,-1,2,4,2,3.6711
1421530009,3,30,3,-1,2,4,2,4.2312
1421530014,3,30,3,-1,2,4,2,3.6915
1421530006,3,30,3,-1,2,4,2,4.111
1421530018,3,30,3,-1,2,4,2,3.8072
1421530015,3,30,3,-1,2,4,2,3.882
1421530008,3,30,3,-1,2,4,2,3.8729
1421530029,3,30,3,-1,2,4,2,3.5736
1421530002,3,30,3,-1,2,4,2,5.0476
1421530013,3,30,3,-1,2,4,2,2.9659
1421530028,3,30,3,-1,2,4,2,3.5192
1421530026,3,30,3,-1,2,4,2,3.9727
1421530007,3,30,3,-1,2,4,2,4.3333
1421530025,3,30,3,-1,2,4,2,3.4353
1421530005,3,30,3,-1,2,4,2,3.6711
1421530020,3,30,3,-1,2,4,2,3.3265
1421530023,3,30,3,-1,2,4,2,3.2652
1421530021,3,30,3,-1,2,4,2,3.4194
1421530010,3,30,3,-1,2,4,2,3.6734
1421530037,3,30,3,-1,2,4,2,3.4308
1421530004,3,30,3,-1,2,4,2,3.8117
1421530001,3,30,3,-1,2,4,2,2.8571
1381530024,3,30,3,-1,2,4,3,3.7868
1381530022,3,30,3,-1,2,4,3,3.0271
1381530017,3,30,3,-1,2,4,3,3.9432
1381530011,3,30,3,-1,2,4,3,2.9047
1381530033,3,30,3,-1,2,4,3,4.1473
1381530030,3,30,3,-1,2,4,3,2.941
1381530016,3,30,3,-1,2,4,3,7.5691
1381530012,3,30,3,-1,2,4,3,3.814
1381530003,3,30,3,-1,2,4,3,4.4875
1381530027,3,30,3,-1,2,4,3,3.17
1381530032,3,30,3,-1,2,4,3,3.5578
1381530034,3,30,3,-1,2,4,3,2.9432
1381530038,3,30,3,-1,2,4,3,4.5419
1381530036,3,30,3,-1,2,4,3,3.3469
1381530031,3,30,3,-1,2,4,3,3.0339
1381530035,3,30,3,-1,2,4,3,3.721
1381530009,3,30,3,-1,2,4,3,4.2017
1381530014,3,30,3,-1,2,4,3,3.6779
1381530006,3,30,3,-1,2,4,3,4.111
1381530018,3,30,3,-1,2,4,3,3.8072
1381530015,3,30,3,-1,2,4,3,3.8911
1381530008,3,30,3,-1,2,4,3,3.9773
1381530029,3,30,3,-1,2,4,3,3.5441
1381530002,3,30,3,-1,2,4,3,5.0203
1381530013,3,30,3,-1,2,4,3,2.9841
1381530028,3,30,3,-1,2,4,3,3.5373
1381530026,3,30,3,-1,2,4,3,3.9682
1381530007,3,30,3,-1,2,4,3,4.2312
1381530025,3,30,3,-1,2,4,3,3.4353
1381530005,3,30,3,-1,2,4,3,3.6711
1381530020,3,30,3,-1,2,4,3,3.2879
1381530023,3,30,3,-1,2,4,3,3.2652
1381530021,3,30,3,-1,2,4,3,3.4534
1381530010,3,30,3,-1,2,4,3,3.7029
1381530037,3,30,3,-1,2,4,3,3.4376
1381530004,3,30,3,-1,2,4,3,3.8321
1381530001,3,30,3,-1,2,4,3,2.8571
1401530024,3,30,3,-1,2,4,4,3.7939
1401530022,3,30,3,-1,2,4,4,3.0376
1401530017,3,30,3,-1,2,4,4,3.9376
1401530011,3,30,3,-1,2,4,4,2.9376
1401530033,3,30,3,-1,2,4,4,4.1439
1401530030,3,30,3,-1,2,4,4,2.9376
1401530016,3,30,3,-1,2,4,4,7.5814
1401530012,3,30,3,-1,2,4,4,3.8064
1401530003,3,30,3,-1,2,4,4,4.4939
1401530027,3,30,3,-1,2,4,4,3.1814
1401530032,3,30,3,-1,2,4,4,3.5876
1401530034,3,30,3,-1,2,4,4,2.9376
1401530038,3,30,3,-1,2,4,4,4.5376
1401530036,3,30,3,-1,2,4,4,3.3939
1401530031,3,30,3,-1,2,4,4,3.0126
1401530035,3,30,3,-1,2,4,4,3.6439
1401530009,3,30,3,-1,2,4,4,4.2126
1401530014,3,30,3,-1,2,4,4,3.6626
1401530006,3,30,3,-1,2,4,4,4.1001
1401530018,3,30,3,-1,2,4,4,3.8126
1401530015,3,30,3,-1,2,4,4,3.8939
1401530008,3,30,3,-1,2,4,4,3.9939
1401530029,3,30,3,-1,2,4,4,3.5626
1401530002,3,30,3,-1,2,4,4,5.0126
1401530013,3,30,3,-1,2,4,4,2.9876
1401530028,3,30,3,-1,2,4,4,3.5126
1401530026,3,30,3,-1,2,4,4,3.9626
1401530007,3,30,3,-1,2,4,4,4.2251
1401530025,3,30,3,-1,2,4,4,3.4314
1401530005,3,30,3,-1,2,4,4,3.6814
1401530020,3,30,3,-1,2,4,4,3.2626
1401530023,3,30,3,-1,2,4,4,3.2751
1401530021,3,30,3,-1,2,4,4,3.4564
1401530010,3,30,3,-1,2,4,4,3.6626
1401530037,3,30,3,-1,2,4,4,3.4501
1401530004,3,30,3,-1,2,4,4,3.8251
1401530001,3,30,3,-1,2,4,4,2.8439
162033323,3,33,2,31,1,3,2,2.0066
162033321,3,33,2,31,1,3,2,2.5554
162033317,3,33,2,31,1,3,2,2.2719
162033311,3,33,2,31,1,3,2,3.1812
162033332,3,33,2,31,1,3,2,2.8411
162033329,3,33,2,31,1,3,2,4.8343
162033316,3,33,2,31,1,3,2,3.9227
162033312,3,33,2,31,1,3,2,3.4216
162033303,3,33,2,31,1,3,2,3.4148
162033326,3,33,2,31,1,3,2,2.6892
162033331,3,33,2,31,1,3,2,3.5871
162033333,3,33,2,31,1,3,2,3.2969
162033337,3,33,2,31,1,3,2,3.4896
162033335,3,33,2,31,1,3,2,2.6642
162033330,3,33,2,31,1,3,2,3.4239
162033334,3,33,2,31,1,3,2,2.2855
162033309,3,33,2,31,1,3,2,2.9114
162033314,3,33,2,31,1,3,2,5.2923
162033306,3,33,2,31,1,3,2,2.8683
162033318,3,33,2,31,1,3,2,3.1245
162033315,3,33,2,31,1,3,2,3.764
161033309,3,33,2,31,1,3,3,2.3263
161033314,3,33,2,31,1,3,3,3.4171
161033321,3,33,2,31,1,3,3,3.5236
161033302,3,33,2,31,1,3,3,7.1472
161033312,3,33,2,31,1,3,3,2.51
161033311,3,33,2,31,1,3,3,3.0746
161033315,3,33,2,31,1,3,3,3.5531
161033319,3,33,2,31,1,3,3,2.8751
161033307,3,33,2,31,1,3,3,3.0542
161033320,3,33,2,31,1,3,3,3.5259
161033305,3,33,2,31,1,3,3,6.8229
161033303,3,33,2,31,1,3,3,3.0497
161033306,3,33,2,31,1,3,3,2.5826
161033317,3,33,2,31,1,3,3,3.2991
161033310,3,33,2,31,1,3,3,2.662
161033308,3,33,2,31,1,3,3,2.6189
161033318,3,33,2,31,1,3,3,2.2946
161033304,3,33,2,31,1,3,3,2.7708
161033301,3,33,2,31,1,3,3,3.5576
161033316,3,33,2,31,1,3,3,2.8774
161033313,3,33,2,31,1,3,3,4.8615
163033313,3,33,2,31,1,3,4,3.9439
163033322,3,33,2,31,1,3,4,2.5564
163033326,3,33,2,31,1,3,4,5.0876
163033319,3,33,2,31,1,3,4,2.7751
163033303,3,33,2,31,1,3,4,3.6126
163033327,3,33,2,31,1,3,4,3.6314
163033328,3,33,2,31,1,3,4,3.7314
163033318,3,33,2,31,1,3,4,7.0564
163033311,3,33,2,31,1,3,4,3.6251
163033334,3,33,2,31,1,3,4,3.7001
163033331,3,33,2,31,1,3,4,2.2001
163033325,3,33,2,31,1,3,4,2.6876
163033317,3,33,2,31,1,3,4,2.9376
163033309,3,33,2,31,1,3,4,2.9689
163033315,3,33,2,31,1,3,4,2.4564
163033332,3,33,2,31,1,3,4,2.8689
163033306,3,33,2,31,1,3,4,3.0314
163033316,3,33,2,31,1,3,4,3.2814
163033330,3,33,2,31,1,3,4,3.4876
163033324,3,33,2,31,1,3,4,3.2939
163033302,3,33,2,31,1,3,4,3.2814
162083323,3,33,2,34,1,4,2,3.0746
162083321,3,33,2,34,1,4,2,6.891
162083317,3,33,2,34,1,4,2,3.8751
162083311,3,33,2,34,1,4,2,3.4511
162083332,3,33,2,34,1,4,2,2.8864
162083329,3,33,2,34,1,4,2,4.8819
162083316,3,33,2,34,1,4,2,3.7504
162083312,3,33,2,34,1,4,2,3.3808
162083303,3,33,2,34,1,4,2,3.4193
162083326,3,33,2,34,1,4,2,2.6778
162083331,3,33,2,34,1,4,2,3.5531
162083333,3,33,2,34,1,4,2,3.2969
162083337,3,33,2,34,1,4,2,3.4964
162083335,3,33,2,34,1,4,2,2.6914
162083330,3,33,2,34,1,4,2,3.3989
162083334,3,33,2,34,1,4,2,2.2561
162083309,3,33,2,34,1,4,2,2.6279
162083314,3,33,2,34,1,4,2,2.3127
162083306,3,33,2,34,1,4,2,2.9137
162083318,3,33,2,34,1,4,2,2.3263
162083315,3,33,2,34,1,4,2,2.2447
162083308,3,33,2,34,1,4,2,2.9341
162083328,3,33,2,34,1,4,2,2.4919
162083302,3,33,2,34,1,4,2,3.0837
162083313,3,33,2,34,1,4,2,3.12
162083327,3,33,2,34,1,4,2,3.0701
162083325,3,33,2,34,1,4,2,2.383
162083307,3,33,2,34,1,4,2,2.9091
162083324,3,33,2,34,1,4,2,2.5463
162083305,3,33,2,34,1,4,2,2.5917
162083319,3,33,2,34,1,4,2,3.0792
162083322,3,33,2,34,1,4,2,2.5531
162083320,3,33,2,34,1,4,2,2.7345
162083310,3,33,2,34,1,4,2,3.0406
162083336,3,33,2,34,1,4,2,3.7572
162083304,3,33,2,34,1,4,2,3.408
162083301,3,33,2,34,1,4,2,2.0973
161083323,3,33,2,34,1,4,3,3.0429
161083321,3,33,2,34,1,4,3,6.8592
161083317,3,33,2,34,1,4,3,3.9431
161083311,3,33,2,34,1,4,3,3.4443
161083332,3,33,2,34,1,4,3,2.8864
161083329,3,33,2,34,1,4,3,4.8774
161083316,3,33,2,34,1,4,3,3.7209
161083312,3,33,2,34,1,4,3,3.4193
161083303,3,33,2,34,1,4,3,3.4239
161083326,3,33,2,34,1,4,3,2.6914
161083331,3,33,2,34,1,4,3,3.5531
161083333,3,33,2,34,1,4,3,3.281
161083337,3,33,2,34,1,4,3,3.4873
161083335,3,33,2,34,1,4,3,2.7232
161083330,3,33,2,34,1,4,3,3.4216
161083334,3,33,2,34,1,4,3,2.2833
161083309,3,33,2,34,1,4,3,2.6143
161083314,3,33,2,34,1,4,3,2.2991
161083306,3,33,2,34,1,4,3,2.9114
161083318,3,33,2,34,1,4,3,2.2583
161083315,3,33,2,34,1,4,3,2.2923
161083308,3,33,2,34,1,4,3,2.9318
161083328,3,33,2,34,1,4,3,2.4715
161083302,3,33,2,34,1,4,3,3.0792
161083313,3,33,2,34,1,4,3,3.1041
161083327,3,33,2,34,1,4,3,3.0792
161083325,3,33,2,34,1,4,3,2.3558
161083307,3,33,2,34,1,4,3,2.9137
161083324,3,33,2,34,1,4,3,2.578
161083305,3,33,2,34,1,4,3,2.5917
161083319,3,33,2,34,1,4,3,3.0746
161083322,3,33,2,34,1,4,3,2.5871
161083320,3,33,2,34,1,4,3,2.7413
161083310,3,33,2,34,1,4,3,3.0406
161083336,3,33,2,34,1,4,3,3.7073
161083304,3,33,2,34,1,4,3,3.4239
161083301,3,33,2,34,1,4,3,2.0837
163083323,3,33,2,34,1,4,4,2.7626
163083321,3,33,2,34,1,4,4,7.0564
163083317,3,33,2,34,1,4,4,3.5939
163083311,3,33,2,34,1,4,4,3.1439
163083332,3,33,2,34,1,4,4,3.0501
163083329,3,33,2,34,1,4,4,4.5689
163083316,3,33,2,34,1,4,4,3.4439
163083312,3,33,2,34,1,4,4,3.1001
163083303,3,33,2,34,1,4,4,3.6251
163083326,3,33,2,34,1,4,4,2.3564
163083331,3,33,2,34,1,4,4,3.2314
163083333,3,33,2,34,1,4,4,2.9939
163083337,3,33,2,34,1,4,4,3.6876
163083335,3,33,2,34,1,4,4,2.8564
163083330,3,33,2,34,1,4,4,3.1314
163083334,3,33,2,34,1,4,4,1.9814
163083309,3,33,2,34,1,4,4,2.3126
163083314,3,33,2,34,1,4,4,1.9751
163083306,3,33,2,34,1,4,4,2.6126
163083318,3,33,2,34,1,4,4,1.9626
163083315,3,33,2,34,1,4,4,1.9126
163083308,3,33,2,34,1,4,4,2.6314
163083328,3,33,2,34,1,4,4,2.1814
163083302,3,33,2,34,1,4,4,2.7814
163083313,3,33,2,34,1,4,4,3.3064
163083327,3,33,2,34,1,4,4,2.7814
163083325,3,33,2,34,1,4,4,2.5564
163083307,3,33,2,34,1,4,4,2.6126
163083324,3,33,2,34,1,4,4,2.2689
163083305,3,33,2,34,1,4,4,2.2876
163083319,3,33,2,34,1,4,4,2.7814
163083322,3,33,2,34,1,4,4,2.7689
163083320,3,33,2,34,1,4,4,2.4439
163083310,3,33,2,34,1,4,4,2.7064
163083336,3,33,2,34,1,4,4,3.4626
163083304,3,33,2,34,1,4,4,3.1251
163083301,3,33,2,34,1,4,4,1.7814
1420536023,3,36,3,-1,1,3,2,3.6167
1420536021,3,36,3,-1,1,3,2,4.5736
1420536026,3,36,3,-1,1,3,2,3.458
1420536005,3,36,3,-1,1,3,2,3.9092
1420536011,3,36,3,-1,1,3,2,2.8775
1420536016,3,36,3,-1,1,3,2,3.1473
1420536029,3,36,3,-1,1,3,2,2.7437
1420536012,3,36,3,-1,1,3,2,4.848
1420536019,3,36,3,-1,1,3,2,2.4761
1420536030,3,36,3,-1,1,3,2,3.1745
1420536028,3,36,3,-1,1,3,2,2.6598
1420536036,3,36,3,-1,1,3,2,3.6167
1420536038,3,36,3,-1,1,3,2,2.9228
1420536003,3,36,3,-1,1,3,2,4.0453
1420536040,3,36,3,-1,1,3,2,2.1042
1420536031,3,36,3,-1,1,3,2,3.0725
1420536035,3,36,3,-1,1,3,2,2.8367
1420536017,3,36,3,-1,1,3,2,2.3605
1420536037,3,36,3,-1,1,3,2,3.0861
1420536009,3,36,3,-1,1,3,2,3.3446
1420536014,3,36,3,-1,1,3,2,2.9818
1420536006,3,36,3,-1,1,3,2,3.7754
1420536018,3,36,3,-1,1,3,2,3.2516
1420536015,3,36,3,-1,1,3,2,3.5328
1420536034,3,36,3,-1,1,3,2,3.6394
1420536008,3,36,3,-1,1,3,2,4.8911
1420536033,3,36,3,-1,1,3,2,3.3355
1420536002,3,36,3,-1,1,3,2,5.653
1420536027,3,36,3,-1,1,3,2,3.7868
1420536013,3,36,3,-1,1,3,2,3.8661
1420536032,3,36,3,-1,1,3,2,2.687
1420536025,3,36,3,-1,1,3,2,3.2879
1420536007,3,36,3,-1,1,3,2,3.424
1420536024,3,36,3,-1,1,3,2,3.2312
1420536022,3,36,3,-1,1,3,2,3.399
1420536020,3,36,3,-1,1,3,2,3.1587
1420536010,3,36,3,-1,1,3,2,3.3401
1420536039,3,36,3,-1,1,3,2,3.263
1420536004,3,36,3,-1,1,3,2,3.5578
1420536001,3,36,3,-1,1,3,2,3.0816
1380536023,3,36,3,-1,1,3,3,3.6099
1380536021,3,36,3,-1,1,3,3,4.5714
1380536026,3,36,3,-1,1,3,3,3.4489
1380536005,3,36,3,-1,1,3,3,3.9206
1380536011,3,36,3,-1,1,3,3,2.8775
1380536016,3,36,3,-1,1,3,3,3.1428
1380536029,3,36,3,-1,1,3,3,2.7051
1380536012,3,36,3,-1,1,3,3,4.848
1380536019,3,36,3,-1,1,3,3,2.4852
1380536030,3,36,3,-1,1,3,3,3.1881
1380536028,3,36,3,-1,1,3,3,2.6643
1380536036,3,36,3,-1,1,3,3,3.653
1380536038,3,36,3,-1,1,3,3,2.9092
1380536003,3,36,3,-1,1,3,3,4.0158
1380536040,3,36,3,-1,1,3,3,2.1133
1380536031,3,36,3,-1,1,3,3,3.0748
1380536035,3,36,3,-1,1,3,3,2.8072
1380536017,3,36,3,-1,1,3,3,2.3605
1380536037,3,36,3,-1,1,3,3,3.0929
1380536009,3,36,3,-1,1,3,3,3.297
1380536014,3,36,3,-1,1,3,3,2.9841
1380536006,3,36,3,-1,1,3,3,3.7709
1380536018,3,36,3,-1,1,3,3,3.2607
1380536015,3,36,3,-1,1,3,3,3.5283
1380536034,3,36,3,-1,1,3,3,3.628
1380536008,3,36,3,-1,1,3,3,4.9206
1380536033,3,36,3,-1,1,3,3,3.3355
1380536002,3,36,3,-1,1,3,3,5.6643
1380536027,3,36,3,-1,1,3,3,3.7959
1380536013,3,36,3,-1,1,3,3,3.8707
1380536032,3,36,3,-1,1,3,3,2.7188
1380536025,3,36,3,-1,1,3,3,3.2856
1380536007,3,36,3,-1,1,3,3,3.4104
1380536024,3,36,3,-1,1,3,3,3.2403
1380536022,3,36,3,-1,1,3,3,3.4013
1380536020,3,36,3,-1,1,3,3,3.1541
1380536010,3,36,3,-1,1,3,3,3.365
1380536039,3,36,3,-1,1,3,3,3.263
1380536004,3,36,3,-1,1,3,3,3.5804
1380536001,3,36,3,-1,1,3,3,3.0884
1400536023,3,36,3,-1,1,3,4,3.5564
1400536021,3,36,3,-1,1,3,4,4.6001
1400536026,3,36,3,-1,1,3,4,3.3876
1400536005,3,36,3,-1,1,3,4,3.7376
1400536011,3,36,3,-1,1,3,4,2.8126
1400536016,3,36,3,-1,1,3,4,3.1564
1400536029,3,36,3,-1,1,3,4,2.6814
1400536012,3,36,3,-1,1,3,4,4.8314
1400536019,3,36,3,-1,1,3,4,2.4501
1400536030,3,36,3,-1,1,3,4,3.1751
1400536028,3,36,3,-1,1,3,4,2.6689
1400536036,3,36,3,-1,1,3,4,3.5626
1400536038,3,36,3,-1,1,3,4,3.0126
1400536003,3,36,3,-1,1,3,4,4.0814
1400536040,3,36,3,-1,1,3,4,2.0251
1400536031,3,36,3,-1,1,3,4,3.0376
1400536035,3,36,3,-1,1,3,4,2.8939
1400536017,3,36,3,-1,1,3,4,2.3689
1400536037,3,36,3,-1,1,3,4,2.8751
1400536009,3,36,3,-1,1,3,4,3.2439
1400536014,3,36,3,-1,1,3,4,2.9814
1400536006,3,36,3,-1,1,3,4,3.8751
1400536018,3,36,3,-1,1,3,4,3.2564
1400536015,3,36,3,-1,1,3,4,3.5126
1400536034,3,36,3,-1,1,3,4,3.5689
1400536008,3,36,3,-1,1,3,4,4.8876
1400536033,3,36,3,-1,1,3,4,3.4314
1400536002,3,36,3,-1,1,3,4,5.5314
1400536027,3,36,3,-1,1,3,4,3.8626
1400536013,3,36,3,-1,1,3,4,3.8876
1400536032,3,36,3,-1,1,3,4,2.6751
1400536025,3,36,3,-1,1,3,4,3.2814
1400536007,3,36,3,-1,1,3,4,3.4189
1400536024,3,36,3,-1,1,3,4,3.3001
1400536022,3,36,3,-1,1,3,4,3.4564
1400536020,3,36,3,-1,1,3,4,3.1564
1400536010,3,36,3,-1,1,3,4,3.4314
1400536039,3,36,3,-1,1,3,4,3.2564
1400536004,3,36,3,-1,1,3,4,3.0439
1400536001,3,36,3,-1,1,3,4,3.1439
1420638023,3,38,3,-1,1,3,2,3.0544
1420638021,3,38,3,-1,1,3,2,3.3355
1420638026,3,38,3,-1,1,3,2,3.3854
1420638005,3,38,3,-1,1,3,2,2.2335
1420638011,3,38,3,-1,1,3,2,2.9251
1420638016,3,38,3,-1,1,3,2,2.5147
1420638029,3,38,3,-1,1,3,2,2.585
1420638012,3,38,3,-1,1,3,2,3.2448
1420638019,3,38,3,-1,1,3,2,3.1088
1420638030,3,38,3,-1,1,3,2,2.6598
1420638028,3,38,3,-1,1,3,2,2.1995
1420638036,3,38,3,-1,1,3,2,3.4104
1420638038,3,38,3,-1,1,3,2,2.4013
1420638003,3,38,3,-1,1,3,2,3.6938
1420638040,3,38,3,-1,1,3,2,2.2902
1420638031,3,38,3,-1,1,3,2,2.755
1420638035,3,38,3,-1,1,3,2,3.1496
1420638017,3,38,3,-1,1,3,2,3.6008
1420638037,3,38,3,-1,1,3,2,2.9319
1420638009,3,38,3,-1,1,3,2,2.5578
1420638014,3,38,3,-1,1,3,2,3.2244
1420638006,3,38,3,-1,1,3,2,2.6802
1420638018,3,38,3,-1,1,3,2,2.9999
1420638015,3,38,3,-1,1,3,2,2.9999
1420638034,3,38,3,-1,1,3,2,2.263
1420638008,3,38,3,-1,1,3,2,3.4194
1420638033,3,38,3,-1,1,3,2,2.4104
1420638002,3,38,3,-1,1,3,2,3.3423
1420638027,3,38,3,-1,1,3,2,2.8185
1420638013,3,38,3,-1,1,3,2,3.1677
1420638032,3,38,3,-1,1,3,2,2.848
1420638025,3,38,3,-1,1,3,2,3.1881
1420638007,3,38,3,-1,1,3,2,3.4534
1420638024,3,38,3,-1,1,3,2,2.6303
1420638022,3,38,3,-1,1,3,2,2.7596
1420638020,3,38,3,-1,1,3,2,2.2924
1420638010,3,38,3,-1,1,3,2,3.3968
1420638039,3,38,3,-1,1,3,2,2.2199
1420638004,3,38,3,-1,1,3,2,2.3333
1420638001,3,38,3,-1,1,3,2,2.5918
1380638023,3,38,3,-1,1,3,3,3.0362
1380638021,3,38,3,-1,1,3,3,3.0884
1380638026,3,38,3,-1,1,3,3,3.4262
1380638005,3,38,3,-1,1,3,3,2.2222
1380638011,3,38,3,-1,1,3,3,2.9251
1380638016,3,38,3,-1,1,3,3,2.5373
1380638029,3,38,3,-1,1,3,3,2.5895
1380638012,3,38,3,-1,1,3,3,3.2448
1380638019,3,38,3,-1,1,3,3,3.1178
1380638030,3,38,3,-1,1,3,3,2.6983
1380638028,3,38,3,-1,1,3,3,2.2085
1380638036,3,38,3,-1,1,3,3,3.4126
1380638038,3,38,3,-1,1,3,3,2.365
1380638003,3,38,3,-1,1,3,3,3.6711
1380638040,3,38,3,-1,1,3,3,2.2788
1380638031,3,38,3,-1,1,3,3,2.7142
1380638035,3,38,3,-1,1,3,3,3.1451
1380638017,3,38,3,-1,1,3,3,3.6031
1380638037,3,38,3,-1,1,3,3,2.9705
1380638009,3,38,3,-1,1,3,3,2.5623
1380638014,3,38,3,-1,1,3,3,3.2312
1380638006,3,38,3,-1,1,3,3,2.6825
1380638018,3,38,3,-1,1,3,3,2.9977
1380638015,3,38,3,-1,1,3,3,2.9795
1380638034,3,38,3,-1,1,3,3,2.2675
1380638008,3,38,3,-1,1,3,3,3.4466
1380638033,3,38,3,-1,1,3,3,2.4149
1380638002,3,38,3,-1,1,3,3,3.3514
1380638027,3,38,3,-1,1,3,3,2.7936
1380638013,3,38,3,-1,1,3,3,3.17
1380638032,3,38,3,-1,1,3,3,2.8367
1380638025,3,38,3,-1,1,3,3,3.1632
1380638007,3,38,3,-1,1,3,3,3.4262
1380638024,3,38,3,-1,1,3,3,2.6417
1380638022,3,38,3,-1,1,3,3,2.7686
1380638020,3,38,3,-1,1,3,3,2.5351
1380638010,3,38,3,-1,1,3,3,3.3945
1380638039,3,38,3,-1,1,3,3,2.2176
1380638004,3,38,3,-1,1,3,3,2.3627
1380638001,3,38,3,-1,1,3,3,2.5872
1400638023,3,38,3,-1,1,3,4,3.0376
1400638021,3,38,3,-1,1,3,4,3.0564
1400638026,3,38,3,-1,1,3,4,3.3939
1400638005,3,38,3,-1,1,3,4,2.2126
1400638011,3,38,3,-1,1,3,4,2.9376
1400638016,3,38,3,-1,1,3,4,2.5314
1400638029,3,38,3,-1,1,3,4,2.6001
1400638012,3,38,3,-1,1,3,4,3.2626
1400638019,3,38,3,-1,1,3,4,3.1564
1400638030,3,38,3,-1,1,3,4,2.6626
1400638028,3,38,3,-1,1,3,4,2.2064
1400638036,3,38,3,-1,1,3,4,3.4064
1400638038,3,38,3,-1,1,3,4,2.4001
1400638003,3,38,3,-1,1,3,4,3.7689
1400638040,3,38,3,-1,1,3,4,2.3376
1400638031,3,38,3,-1,1,3,4,2.7564
1400638035,3,38,3,-1,1,3,4,3.1564
1400638017,3,38,3,-1,1,3,4,3.5876
1400638037,3,38,3,-1,1,3,4,2.9251
1400638009,3,38,3,-1,1,3,4,2.5564
1400638014,3,38,3,-1,1,3,4,3.2626
1400638006,3,38,3,-1,1,3,4,2.7064
1400638018,3,38,3,-1,1,3,4,3.0001
1400638015,3,38,3,-1,1,3,4,2.9689
1400638034,3,38,3,-1,1,3,4,2.2501
1400638008,3,38,3,-1,1,3,4,3.4314
1400638033,3,38,3,-1,1,3,4,2.4189
1400638002,3,38,3,-1,1,3,4,3.3314
1400638027,3,38,3,-1,1,3,4,2.7814
1400638013,3,38,3,-1,1,3,4,3.1251
1400638032,3,38,3,-1,1,3,4,2.8376
1400638025,3,38,3,-1,1,3,4,3.1939
1400638007,3,38,3,-1,1,3,4,3.4314
1400638024,3,38,3,-1,1,3,4,2.6314
1400638022,3,38,3,-1,1,3,4,2.7876
1400638020,3,38,3,-1,1,3,4,2.5251
1400638010,3,38,3,-1,1,3,4,3.3939
1400638039,3,38,3,-1,1,3,4,2.2251
1400638004,3,38,3,-1,1,3,4,2.2626
1400638001,3,38,3,-1,1,3,4,2.6189
1420738032,3,38,3,-1,1,4,2,1.3763
1420738038,3,38,3,-1,1,4,2,3.1519
1420738028,3,38,3,-1,1,4,2,3.3854
1420738005,3,38,3,-1,1,4,2,2.3695
1420738011,3,38,3,-1,1,4,2,3.3877
1420738026,3,38,3,-1,1,4,2,2.6212
1420738029,3,38,3,-1,1,4,2,2.8004
1420738012,3,38,3,-1,1,4,2,2.9274
1420738039,3,38,3,-1,1,4,2,3.4081
1420738033,3,38,3,-1,1,4,2,2.6983
1420738030,3,38,3,-1,1,4,2,2.2176
1420738021,3,38,3,-1,1,4,2,3.1088
1420738041,3,38,3,-1,1,4,2,2.4081
1420738003,3,38,3,-1,1,4,2,3.3401
1420738043,3,38,3,-1,1,4,2,2.2856
1420738019,3,38,3,-1,1,4,2,0.9523
1420738016,3,38,3,-1,1,4,2,3.009
1420738023,3,38,3,-1,1,4,2,3.0612
1420738017,3,38,3,-1,1,4,2,2.5192
1420738040,3,38,3,-1,1,4,2,2.9251
1420738009,3,38,3,-1,1,4,2,3.4466
1420738014,3,38,3,-1,1,4,2,3.1904
1420738006,3,38,3,-1,1,4,2,2.2358
1420738018,3,38,3,-1,1,4,2,3.5986
1420738034,3,38,3,-1,1,4,2,2.7142
1420738015,3,38,3,-1,1,4,2,3.2199
1420738037,3,38,3,-1,1,4,2,2.2607
1420738008,3,38,3,-1,1,4,2,3.4308
1420738036,3,38,3,-1,1,4,2,2.4172
1420738002,3,38,3,-1,1,4,2,2.5895
1420738027,3,38,3,-1,1,4,2,3.1949
1420738013,3,38,3,-1,1,4,2,3.2154
1420738035,3,38,3,-1,1,4,2,2.8435
1420738025,3,38,3,-1,1,4,2,3.0544
1420738007,3,38,3,-1,1,4,2,2.6825
1420738024,3,38,3,-1,1,4,2,2.78
1420738022,3,38,3,-1,1,4,2,2.551
1420738020,3,38,3,-1,1,4,2,0.5691
1420738010,3,38,3,-1,1,4,2,2.5578
1420738042,3,38,3,-1,1,4,2,2.1904
1380738023,3,38,3,-1,1,4,3,3.0498
1380738021,3,38,3,-1,1,4,3,3.0816
1380738026,3,38,3,-1,1,4,3,3.4058
1380738005,3,38,3,-1,1,4,3,2.2403
1380738011,3,38,3,-1,1,4,3,2.9251
1380738016,3,38,3,-1,1,4,3,2.5192
1380738029,3,38,3,-1,1,4,3,2.5736
1380738012,3,38,3,-1,1,4,3,3.2516
1380738019,3,38,3,-1,1,4,3,3.1383
1380738030,3,38,3,-1,1,4,3,2.7142
1380738028,3,38,3,-1,1,4,3,2.204
1380738036,3,38,3,-1,1,4,3,3.4081
1380738038,3,38,3,-1,1,4,3,2.3537
1380738003,3,38,3,-1,1,4,3,3.6779
1380738040,3,38,3,-1,1,4,3,2.2902
1380738031,3,38,3,-1,1,4,3,2.6983
1380738035,3,38,3,-1,1,4,3,3.1519
1380738017,3,38,3,-1,1,4,3,3.6008
1380738037,3,38,3,-1,1,4,3,2.9818
1380738009,3,38,3,-1,1,4,3,2.5782
1380738014,3,38,3,-1,1,4,3,3.229
1380738006,3,38,3,-1,1,4,3,2.6825
1380738018,3,38,3,-1,1,4,3,3.0022
1380738015,3,38,3,-1,1,4,3,2.9909
1380738034,3,38,3,-1,1,4,3,2.263
1380738008,3,38,3,-1,1,4,3,3.4421
1380738033,3,38,3,-1,1,4,3,2.4126
1380738002,3,38,3,-1,1,4,3,3.3355
1380738027,3,38,3,-1,1,4,3,2.7959
1380738013,3,38,3,-1,1,4,3,3.1632
1380738032,3,38,3,-1,1,4,3,2.8503
1380738025,3,38,3,-1,1,4,3,3.1972
1380738007,3,38,3,-1,1,4,3,3.4285
1380738024,3,38,3,-1,1,4,3,2.6371
1380738022,3,38,3,-1,1,4,3,2.7505
1380738020,3,38,3,-1,1,4,3,2.5283
1380738010,3,38,3,-1,1,4,3,3.3809
1380738039,3,38,3,-1,1,4,3,2.2244
1380738004,3,38,3,-1,1,4,3,2.3491
1380738001,3,38,3,-1,1,4,3,2.6031
1400738031,3,38,3,-1,1,4,4,2.5939
1400738037,3,38,3,-1,1,4,4,3.1564
1400738028,3,38,3,-1,1,4,4,3.3814
1400738005,3,38,3,-1,1,4,4,0.9501
1400738011,3,38,3,-1,1,4,4,3.3876
1400738026,3,38,3,-1,1,4,4,2.6314
1400738029,3,38,3,-1,1,4,4,2.7939
1400738012,3,38,3,-1,1,4,4,2.9189
1400738038,3,38,3,-1,1,4,4,3.4064
1400738032,3,38,3,-1,1,4,4,2.6689
1400738030,3,38,3,-1,1,4,4,2.2001
1400738021,3,38,3,-1,1,4,4,1.0314
1400738040,3,38,3,-1,1,4,4,2.4064
1400738003,3,38,3,-1,1,4,4,3.6751
1400738042,3,38,3,-1,1,4,4,2.3501
1400738019,3,38,3,-1,1,4,4,3.0001
1400738016,3,38,3,-1,1,4,4,3.0126
1400738023,3,38,3,-1,1,4,4,3.0751
1400738017,3,38,3,-1,1,4,4,2.5189
1400738039,3,38,3,-1,1,4,4,2.9189
1400738009,3,38,3,-1,1,4,4,3.4314
1400738014,3,38,3,-1,1,4,4,3.1501
1400738006,3,38,3,-1,1,4,4,0.5314
1400738018,3,38,3,-1,1,4,4,3.5939
1400738033,3,38,3,-1,1,4,4,2.7501
1400738015,3,38,3,-1,1,4,4,3.2314
1400738036,3,38,3,-1,1,4,4,2.2564
1400738008,3,38,3,-1,1,4,4,3.4314
1400738035,3,38,3,-1,1,4,4,2.4314
1400738002,3,38,3,-1,1,4,4,3.3314
1400738027,3,38,3,-1,1,4,4,3.2064
1400738013,3,38,3,-1,1,4,4,3.2439
1400738034,3,38,3,-1,1,4,4,2.8314
1400738025,3,38,3,-1,1,4,4,3.0439
1400738007,3,38,3,-1,1,4,4,2.6814
1400738024,3,38,3,-1,1,4,4,2.7939
1400738022,3,38,3,-1,1,4,4,2.5376
1400738020,3,38,3,-1,1,4,4,1.3251
1400738010,3,38,3,-1,1,4,4,2.5814
1400738041,3,38,3,-1,1,4,4,2.2064
1420839005,3,39,3,-1,2,4,2,4.3061
1420839029,3,39,3,-1,2,4,2,2.8775
1420839030,3,39,3,-1,2,4,2,2.1315
1420839034,3,39,3,-1,2,4,2,3.043
1420839035,3,39,3,-1,2,4,2,3.2426
1420839026,3,39,3,-1,2,4,2,3.1745
1420839011,3,39,3,-1,2,4,2,3.5578
1420839023,3,39,3,-1,2,4,2,2.6825
1420839012,3,39,3,-1,2,4,2,3.3061
1420839028,3,39,3,-1,2,4,2,3.0906
1420839019,3,39,3,-1,2,4,2,2.7664
1420839016,3,39,3,-1,2,4,2,3.0249
1420839003,3,39,3,-1,2,4,2,3.0203
1420839039,3,39,3,-1,2,4,2,2.2154
1420839021,3,39,3,-1,2,4,2,3.1768
1420839037,3,39,3,-1,2,4,2,2.941
1420839017,3,39,3,-1,2,4,2,2.7074
1420839036,3,39,3,-1,2,4,2,2.9591
1420839009,3,39,3,-1,2,4,2,2.8548
1420839014,3,39,3,-1,2,4,2,3.0589
1420839006,3,39,3,-1,2,4,2,2.9637
1420839018,3,39,3,-1,2,4,2,3.0725
1420839015,3,39,3,-1,2,4,2,3.2902
1420839033,3,39,3,-1,2,4,2,2.2176
1420839008,3,39,3,-1,2,4,2,3.238
1420839032,3,39,3,-1,2,4,2,2.8571
1420839002,3,39,3,-1,2,4,2,2.6485
1420839027,3,39,3,-1,2,4,2,2.5986
1420839013,3,39,3,-1,2,4,2,3.0022
1420839031,3,39,3,-1,2,4,2,2.1269
1420839025,3,39,3,-1,2,4,2,2.3015
1420839007,3,39,3,-1,2,4,2,2.7709
1420839024,3,39,3,-1,2,4,2,2.7482
1420839022,3,39,3,-1,2,4,2,3.39
1420839020,3,39,3,-1,2,4,2,4.2607
1420839010,3,39,3,-1,2,4,2,4.136
1420839038,3,39,3,-1,2,4,2,1.916
1420839004,3,39,3,-1,2,4,2,3.4104
1420839001,3,39,3,-1,2,4,2,2.365
1380839005,3,39,3,-1,2,4,3,4.3129
1380839029,3,39,3,-1,2,4,3,2.8752
1380839030,3,39,3,-1,2,4,3,2.1315
1380839034,3,39,3,-1,2,4,3,3.0476
1380839035,3,39,3,-1,2,4,3,3.2403
1380839026,3,39,3,-1,2,4,3,3.1768
1380839011,3,39,3,-1,2,4,3,3.5578
1380839023,3,39,3,-1,2,4,3,2.6847
1380839012,3,39,3,-1,2,4,3,3.3333
1380839028,3,39,3,-1,2,4,3,3.0906
1380839019,3,39,3,-1,2,4,3,2.78
1380839016,3,39,3,-1,2,4,3,3.0271
1380839003,3,39,3,-1,2,4,3,3.0203
1380839039,3,39,3,-1,2,4,3,2.2154
1380839021,3,39,3,-1,2,4,3,3.1768
1380839037,3,39,3,-1,2,4,3,2.941
1380839017,3,39,3,-1,2,4,3,2.7074
1380839036,3,39,3,-1,2,4,3,2.9614
1380839009,3,39,3,-1,2,4,3,2.8866
1380839014,3,39,3,-1,2,4,3,3.0498
1380839006,3,39,3,-1,2,4,3,2.9637
1380839018,3,39,3,-1,2,4,3,3.068
1380839015,3,39,3,-1,2,4,3,3.2924
1380839033,3,39,3,-1,2,4,3,2.2154
1380839008,3,39,3,-1,2,4,3,3.2108
1380839032,3,39,3,-1,2,4,3,2.8571
1380839002,3,39,3,-1,2,4,3,2.6485
1380839027,3,39,3,-1,2,4,3,2.6008
1380839013,3,39,3,-1,2,4,3,3.0022
1380839031,3,39,3,-1,2,4,3,2.1292
1380839025,3,39,3,-1,2,4,3,2.2993
1380839007,3,39,3,-1,2,4,3,2.7709
1380839024,3,39,3,-1,2,4,3,2.7482
1380839022,3,39,3,-1,2,4,3,3.39
1380839020,3,39,3,-1,2,4,3,4.2539
1380839010,3,39,3,-1,2,4,3,4.1088
1380839038,3,39,3,-1,2,4,3,1.9183
1380839004,3,39,3,-1,2,4,3,3.4104
1380839001,3,39,3,-1,2,4,3,2.3627
1400839023,3,39,3,-1,2,4,4,3.3876
1400839021,3,39,3,-1,2,4,4,4.2939
1400839026,3,39,3,-1,2,4,4,2.3001
1400839005,3,39,3,-1,2,4,4,3.4251
1400839011,3,39,3,-1,2,4,4,4.1376
1400839016,3,39,3,-1,2,4,4,3.3251
1400839029,3,39,3,-1,2,4,4,3.0939
1400839012,3,39,3,-1,2,4,4,3.5626
1400839019,3,39,3,-1,2,4,4,3.0689
1400839030,3,39,3,-1,2,4,4,2.8751
1400839028,3,39,3,-1,2,4,4,2.6001
1400839036,3,39,3,-1,2,4,4,3.2564
1400839038,3,39,3,-1,2,4,4,2.9439
1400839003,3,39,3,-1,2,4,4,1.1439
1400839040,3,39,3,-1,2,4,4,2.2189
1400839031,3,39,3,-1,2,4,4,2.1314
1400839035,3,39,3,-1,2,4,4,3.0439
1400839017,3,39,3,-1,2,4,4,3.0251
1400839037,3,39,3,-1,2,4,4,2.9376
1400839009,3,39,3,-1,2,4,4,3.2376
1400839014,3,39,3,-1,2,4,4,3.0126
1400839006,3,39,3,-1,2,4,4,4.3064
1400839018,3,39,3,-1,2,4,4,2.7064
1400839015,3,39,3,-1,2,4,4,3.0439
1400839034,3,39,3,-1,2,4,4,2.2064
1400839008,3,39,3,-1,2,4,4,2.7626
1400839033,3,39,3,-1,2,4,4,2.8564
1400839002,3,39,3,-1,2,4,4,2.6376
1400839027,3,39,3,-1,2,4,4,3.1751
1400839013,3,39,3,-1,2,4,4,3.3001
1400839032,3,39,3,-1,2,4,4,2.1439
1400839025,3,39,3,-1,2,4,4,2.7439
1400839007,3,39,3,-1,2,4,4,2.9439
1400839024,3,39,3,-1,2,4,4,2.6814
1400839022,3,39,3,-1,2,4,4,3.1751
1400839020,3,39,3,-1,2,4,4,2.7439
1400839010,3,39,3,-1,2,4,4,2.8564
1400839039,3,39,3,-1,2,4,4,1.9189
1400839004,3,39,3,-1,2,4,4,1.1314
1420941005,3,41,3,-1,1,1,2,2.2652
1420941029,3,41,3,-1,1,1,2,2.1519
1420941030,3,41,3,-1,1,1,2,2.619
1420941034,3,41,3,-1,1,1,2,3.6643
1420941035,3,41,3,-1,1,1,2,3.0158
1420941026,3,41,3,-1,1,1,2,2.2335
1420941011,3,41,3,-1,1,1,2,2.0226
1420941023,3,41,3,-1,1,1,2,3.3219
1420941012,3,41,3,-1,1,1,2,3.229
1420941028,3,41,3,-1,1,1,2,2.0226
1420941019,3,41,3,-1,1,1,2,2.7732
1420941016,3,41,3,-1,1,1,2,2.1791
1420941003,3,41,3,-1,1,1,2,2.0657
1420941039,3,41,3,-1,1,1,2,2.3265
1420941021,3,41,3,-1,1,1,2,2.6235
1420941037,3,41,3,-1,1,1,2,3.2471
1420941017,3,41,3,-1,1,1,2,2.6734
1420941036,3,41,3,-1,1,1,2,6.8752
1420941009,3,41,3,-1,1,1,2,2.526
1420941014,3,41,3,-1,1,1,2,2.5487
1420941006,3,41,3,-1,1,1,2,2.7845
1420941018,3,41,3,-1,1,1,2,1.755
1420941015,3,41,3,-1,1,1,2,3.1972
1420941033,3,41,3,-1,1,1,2,3.0702
1420941008,3,41,3,-1,1,1,2,1.6915
1420941032,3,41,3,-1,1,1,2,3.2584
1420941002,3,41,3,-1,1,1,2,2.2562
1420941027,3,41,3,-1,1,1,2,2.4081
1420941013,3,41,3,-1,1,1,2,2.4671
1420941031,3,41,3,-1,1,1,2,2.6008
1420941025,3,41,3,-1,1,1,2,3.068
1420941007,3,41,3,-1,1,1,2,3.0793
1420941024,3,41,3,-1,1,1,2,4.2607
1420941022,3,41,3,-1,1,1,2,2.6212
1420941020,3,41,3,-1,1,1,2,4.5192
1420941010,3,41,3,-1,1,1,2,2.7686
1420941038,3,41,3,-1,1,1,2,2.5668
1420941004,3,41,3,-1,1,1,2,2.9024
1420941001,3,41,3,-1,1,1,2,2.6417
1380941005,3,41,3,-1,1,1,3,2.2471
1380941029,3,41,3,-1,1,1,3,2.1519
1380941030,3,41,3,-1,1,1,3,2.6099
1380941034,3,41,3,-1,1,1,3,3.6643
1380941035,3,41,3,-1,1,1,3,3.0181
1380941026,3,41,3,-1,1,1,3,2.238
1380941011,3,41,3,-1,1,1,3,2.0135
1380941023,3,41,3,-1,1,1,3,3.3219
1380941012,3,41,3,-1,1,1,3,3.238
1380941028,3,41,3,-1,1,1,3,2.0339
1380941019,3,41,3,-1,1,1,3,2.7936
1380941016,3,41,3,-1,1,1,3,2.1927
1380941003,3,41,3,-1,1,1,3,2.0657
1380941039,3,41,3,-1,1,1,3,2.3265
1380941021,3,41,3,-1,1,1,3,2.6417
1380941037,3,41,3,-1,1,1,3,3.2516
1380941017,3,41,3,-1,1,1,3,3.6258
1380941036,3,41,3,-1,1,1,3,6.8707
1380941009,3,41,3,-1,1,1,3,2.5215
1380941014,3,41,3,-1,1,1,3,2.5373
1380941006,3,41,3,-1,1,1,3,2.8117
1380941018,3,41,3,-1,1,1,3,1.7641
1380941015,3,41,3,-1,1,1,3,3.1949
1380941033,3,41,3,-1,1,1,3,3.0725
1380941008,3,41,3,-1,1,1,3,1.6961
1380941032,3,41,3,-1,1,1,3,3.263
1380941002,3,41,3,-1,1,1,3,2.2584
1380941027,3,41,3,-1,1,1,3,2.4081
1380941013,3,41,3,-1,1,1,3,2.4716
1380941031,3,41,3,-1,1,1,3,2.5963
1380941025,3,41,3,-1,1,1,3,3.0657
1380941007,3,41,3,-1,1,1,3,3.068
1380941024,3,41,3,-1,1,1,3,4.2426
1380941022,3,41,3,-1,1,1,3,2.6212
1380941020,3,41,3,-1,1,1,3,4.4875
1380941010,3,41,3,-1,1,1,3,2.7709
1380941038,3,41,3,-1,1,1,3,2.5668
1380941004,3,41,3,-1,1,1,3,2.9183
1380941001,3,41,3,-1,1,1,3,2.6235
1400941026,3,41,3,-1,1,1,4,1.8189
1400941036,3,41,3,-1,1,1,4,3.6689
1400941030,3,41,3,-1,1,1,4,2.0189
1400941005,3,41,3,-1,1,1,4,2.2376
1400941011,3,41,3,-1,1,1,4,2.0251
1400941032,3,41,3,-1,1,1,4,2.6251
1400941028,3,41,3,-1,1,1,4,2.2376
1400941012,3,41,3,-1,1,1,4,3.2376
1400941037,3,41,3,-1,1,1,4,3.0251
1400941031,3,41,3,-1,1,1,4,2.1501
1400941029,3,41,3,-1,1,1,4,2.4064
1400941021,3,41,3,-1,1,1,4,2.6376
1400941039,3,41,3,-1,1,1,4,3.2376
1400941003,3,41,3,-1,1,1,4,2.0689
1400941041,3,41,3,-1,1,1,4,1.6814
1400941019,3,41,3,-1,1,1,4,2.7689
1400941016,3,41,3,-1,1,1,4,2.1939
1400941023,3,41,3,-1,1,1,4,3.3251
1400941017,3,41,3,-1,1,1,4,3.6251
1400941038,3,41,3,-1,1,1,4,6.6501
1400941009,3,41,3,-1,1,1,4,2.5126
1400941014,3,41,3,-1,1,1,4,2.5376
1400941006,3,41,3,-1,1,1,4,2.8126
1400941018,3,41,3,-1,1,1,4,1.7689
1400941015,3,41,3,-1,1,1,4,3.1939
1400941035,3,41,3,-1,1,1,4,3.0376
1400941008,3,41,3,-1,1,1,4,1.7064
1400941034,3,41,3,-1,1,1,4,3.2564
1400941002,3,41,3,-1,1,1,4,2.2564
1400941027,3,41,3,-1,1,1,4,0.5001
1400941013,3,41,3,-1,1,1,4,2.4689
1400941033,3,41,3,-1,1,1,4,2.6001
1400941025,3,41,3,-1,1,1,4,1.2314
1400941007,3,41,3,-1,1,1,4,3.0689
1400941024,3,41,3,-1,1,1,4,2.2751
1400941022,3,41,3,-1,1,1,4,2.6189
1400941020,3,41,3,-1,1,1,4,4.5126
1400941010,3,41,3,-1,1,1,4,2.7689
1400941040,3,41,3,-1,1,1,4,2.5501
1420942023,3,42,3,-1,1,1,2,4.1337
1420942021,3,42,3,-1,1,1,2,4.1972
1420942026,3,42,3,-1,1,1,2,4.2267
1420942005,3,42,3,-1,1,1,2,2.8117
1420942011,3,42,3,-1,1,1,2,3.7505
1420942016,3,42,3,-1,1,1,2,5.8027
1420942029,3,42,3,-1,1,1,2,5.746
1420942012,3,42,3,-1,1,1,2,3.6666
1420942019,3,42,3,-1,1,1,2,5.7686
1420942030,3,42,3,-1,1,1,2,3.3265
1420942028,3,42,3,-1,1,1,2,4.0181
1420942036,3,42,3,-1,1,1,2,3.8798
1420942038,3,42,3,-1,1,1,2,3.5169
1420942003,3,42,3,-1,1,1,2,5.4353
1420942040,3,42,3,-1,1,1,2,4.6734
1420942031,3,42,3,-1,1,1,2,4.1405
1420942035,3,42,3,-1,1,1,2,6.3083
1420942017,3,42,3,-1,1,1,2,2.6417
1420942037,3,42,3,-1,1,1,2,3.4308
1420942009,3,42,3,-1,1,1,2,4.6485
1420942014,3,42,3,-1,1,1,2,4.9251
1420942006,3,42,3,-1,1,1,2,3.8571
1420942018,3,42,3,-1,1,1,2,4.882
1420942015,3,42,3,-1,1,1,2,4.56
1420942034,3,42,3,-1,1,1,2,2.9206
1420942008,3,42,3,-1,1,1,2,5.1133
1420942033,3,42,3,-1,1,1,2,4.39
1420942002,3,42,3,-1,1,1,2,3.3695
1420942027,3,42,3,-1,1,1,2,3.8571
1420942013,3,42,3,-1,1,1,2,4.6258
1420942032,3,42,3,-1,1,1,2,3.7324
1420942025,3,42,3,-1,1,1,2,3.3423
1420942007,3,42,3,-1,1,1,2,6.2698
1420942024,3,42,3,-1,1,1,2,3.1315
1420942022,3,42,3,-1,1,1,2,4.2426
1420942020,3,42,3,-1,1,1,2,4.9296
1420942010,3,42,3,-1,1,1,2,2.7686
1420942039,3,42,3,-1,1,1,2,4.4988
1420942004,3,42,3,-1,1,1,2,2.7482
1420942001,3,42,3,-1,1,1,2,1.8117
1380942023,3,42,3,-1,1,1,3,4.1178
1380942021,3,42,3,-1,1,1,3,4.2199
1380942026,3,42,3,-1,1,1,3,4.2244
1380942005,3,42,3,-1,1,1,3,2.7936
1380942011,3,42,3,-1,1,1,3,3.7686
1380942016,3,42,3,-1,1,1,3,5.8004
1380942029,3,42,3,-1,1,1,3,5.7573
1380942012,3,42,3,-1,1,1,3,3.6485
1380942019,3,42,3,-1,1,1,3,5.7573
1380942030,3,42,3,-1,1,1,3,3.3469
1380942028,3,42,3,-1,1,1,3,4.0022
1380942036,3,42,3,-1,1,1,3,3.8979
1380942038,3,42,3,-1,1,1,3,3.5169
1380942003,3,42,3,-1,1,1,3,5.4376
1380942040,3,42,3,-1,1,1,3,4.6689
1380942031,3,42,3,-1,1,1,3,5.1451
1380942035,3,42,3,-1,1,1,3,6.2924
1380942017,3,42,3,-1,1,1,3,2.6417
1380942037,3,42,3,-1,1,1,3,3.4308
1380942009,3,42,3,-1,1,1,3,4.6462
1380942014,3,42,3,-1,1,1,3,4.9251
1380942006,3,42,3,-1,1,1,3,3.8775
1380942018,3,42,3,-1,1,1,3,4.8979
1380942015,3,42,3,-1,1,1,3,4.5623
1380942034,3,42,3,-1,1,1,3,2.9206
1380942008,3,42,3,-1,1,1,3,5.1156
1380942033,3,42,3,-1,1,1,3,4.3922
1380942002,3,42,3,-1,1,1,3,3.3877
1380942027,3,42,3,-1,1,1,3,3.8775
1380942013,3,42,3,-1,1,1,3,4.6258
1380942032,3,42,3,-1,1,1,3,3.746
1380942025,3,42,3,-1,1,1,3,3.3423
1380942007,3,42,3,-1,1,1,3,6.2698
1380942024,3,42,3,-1,1,1,3,3.1315
1380942022,3,42,3,-1,1,1,3,4.2403
1380942020,3,42,3,-1,1,1,3,4.9296
1380942010,3,42,3,-1,1,1,3,2.7528
1380942039,3,42,3,-1,1,1,3,4.4965
1380942004,3,42,3,-1,1,1,3,2.7482
1380942001,3,42,3,-1,1,1,3,3.1156
1400942031,3,42,3,-1,1,1,4,2.9626
1400942005,3,42,3,-1,1,1,4,2.8064
1400942028,3,42,3,-1,1,1,4,1.6001
1400942033,3,42,3,-1,1,1,4,3.1376
1400942036,3,42,3,-1,1,1,4,4.2376
1400942041,3,42,3,-1,1,1,4,5.1814
1400942038,3,42,3,-1,1,1,4,3.9876
1400942044,3,42,3,-1,1,1,4,2.9189
1400942008,3,42,3,-1,1,1,4,1.2189
1400942011,3,42,3,-1,1,1,4,4.6439
1400942013,3,42,3,-1,1,1,4,1.5689
1400942035,3,42,3,-1,1,1,4,2.2564
1400942037,3,42,3,-1,1,1,4,3.8564
1400942029,3,42,3,-1,1,1,4,4.1939
1400942052,3,42,3,-1,1,1,4,2.3939
1400942003,3,42,3,-1,1,1,4,5.4251
1400942050,3,42,3,-1,1,1,4,4.5001
1400942020,3,42,3,-1,1,1,4,4.9251
1400942017,3,42,3,-1,1,1,4,0.5689
1400942030,3,42,3,-1,1,1,4,4.2439
1400942024,3,42,3,-1,1,1,4,2.0251
1400942018,3,42,3,-1,1,1,4,2.2064
1400942045,3,42,3,-1,1,1,4,3.1939
1400942022,3,42,3,-1,1,1,4,0.6689
1400942046,3,42,3,-1,1,1,4,2.3626
1400942009,3,42,3,-1,1,1,4,1.5064
1400942015,3,42,3,-1,1,1,4,2.4751
1400942027,3,42,3,-1,1,1,4,2.6001
1400942006,3,42,3,-1,1,1,4,3.8564
1400942019,3,42,3,-1,1,1,4,1.6689
1400942039,3,42,3,-1,1,1,4,5.7814
1400942016,3,42,3,-1,1,1,4,2.3314
1400942042,3,42,3,-1,1,1,4,3.7314
1400942002,3,42,3,-1,1,1,4,3.3751
1400942014,3,42,3,-1,1,1,4,0.5439
1400942047,3,42,3,-1,1,1,4,3.8814
1400942026,3,42,3,-1,1,1,4,5.7564
1400942007,3,42,3,-1,1,1,4,2.0376
1400942025,3,42,3,-1,1,1,4,4.8126
1400942040,3,42,3,-1,1,1,4,3.3189
148034330,3,43,4,1,1,1,2,1.7233
148034305,3,43,4,1,1,1,2,2.365
148034327,3,43,4,1,1,1,2,1.1927
148034331,3,43,4,1,1,1,2,0.8571
148034333,3,43,4,1,1,1,2,1.8934
148034338,3,43,4,1,1,1,2,1.6099
148034335,3,43,4,1,1,1,2,1.2675
148034341,3,43,4,1,1,1,2,1.4285
148034308,3,43,4,1,1,1,2,1.009
148034311,3,43,4,1,1,1,2,1.6099
148034312,3,43,4,1,1,1,2,1.3854
148034332,3,43,4,1,1,1,2,1.3627
148034334,3,43,4,1,1,1,2,1.6371
148034328,3,43,4,1,1,1,2,1.1881
148034348,3,43,4,1,1,1,2,1.4943
148034303,3,43,4,1,1,1,2,3.0702
148034347,3,43,4,1,1,1,2,1.3174
148034319,3,43,4,1,1,1,2,1.0022
148034316,3,43,4,1,1,1,2,1.7777
148034329,3,43,4,1,1,1,2,1.5986
148034323,3,43,4,1,1,1,2,0.8684
148034317,3,43,4,1,1,1,2,1.8027
148034342,3,43,4,1,1,1,2,1.6031
148034321,3,43,4,1,1,1,2,1.0702
148034343,3,43,4,1,1,1,2,2.1927
148034309,3,43,4,1,1,1,2,1.3718
148034314,3,43,4,1,1,1,2,1.229
148034326,3,43,4,1,1,1,2,1.3605
148034306,3,43,4,1,1,1,2,2.6008
148034318,3,43,4,1,1,1,2,1.0884
148034336,3,43,4,1,1,1,2,1.8321
148034315,3,43,4,1,1,1,2,2.3038
148034339,3,43,4,1,1,1,2,1.3469
148034302,3,43,4,1,1,1,2,2.2063
148034313,3,43,4,1,1,1,2,1.3083
148034344,3,43,4,1,1,1,2,1.3559
148034325,3,43,4,1,1,1,2,2.1745
148034307,3,43,4,1,1,1,2,2.9115
148034324,3,43,4,1,1,1,2,0.9138
148034337,3,43,4,1,1,1,2,1.4058
148034322,3,43,4,1,1,1,2,1.0884
148034320,3,43,4,1,1,1,2,1.1632
148034310,3,43,4,1,1,1,2,1.6439
148034340,3,43,4,1,1,1,2,1.5237
148034346,3,43,4,1,1,1,2,0.6779
148034304,3,43,4,1,1,1,2,2.3695
148034301,3,43,4,1,1,1,2,1.8843
146034330,3,43,4,1,1,1,3,1.7369
146034335,3,43,4,1,1,1,3,1.2403
146034332,3,43,4,1,1,1,3,1.3537
146034305,3,43,4,1,1,1,3,2.526
146034319,3,43,4,1,1,1,3,1.8299
146034312,3,43,4,1,1,1,3,1.433
146034344,3,43,4,1,1,1,3,1.8049
146034333,3,43,4,1,1,1,3,1.9138
146034324,3,43,4,1,1,1,3,0.916
146034311,3,43,4,1,1,1,3,1.5918
146034329,3,43,4,1,1,1,3,1.5872
146034334,3,43,4,1,1,1,3,1.6303
146034331,3,43,4,1,1,1,3,1.3129
146034345,3,43,4,1,1,1,3,0.975
146034303,3,43,4,1,1,1,3,3.0816
146034347,3,43,4,1,1,1,3,1.3446
146034328,3,43,4,1,1,1,3,1.1904
146034316,3,43,4,1,1,1,3,2.2131
146034327,3,43,4,1,1,1,3,1.1904
146034317,3,43,4,1,1,1,3,1.7868
146034342,3,43,4,1,1,1,3,1.6076
146034322,3,43,4,1,1,1,3,1.0816
146034343,3,43,4,1,1,1,3,2.1677
146034309,3,43,4,1,1,1,3,1.3786
146034314,3,43,4,1,1,1,3,1.2358
146034306,3,43,4,1,1,1,3,2.6235
146034318,3,43,4,1,1,1,3,1.0702
146034336,3,43,4,1,1,1,3,1.848
146034315,3,43,4,1,1,1,3,2.3015
146034339,3,43,4,1,1,1,3,1.3378
146034308,3,43,4,1,1,1,3,1.0271
146034340,3,43,4,1,1,1,3,1.56
146034302,3,43,4,1,1,1,3,2.2131
146034313,3,43,4,1,1,1,3,1.2993
146034337,3,43,4,1,1,1,3,1.3968
146034326,3,43,4,1,1,1,3,1.3832
146034307,3,43,4,1,1,1,3,2.8956
146034325,3,43,4,1,1,1,3,2.1519
146034338,3,43,4,1,1,1,3,1.6144
146034323,3,43,4,1,1,1,3,0.8752
146034321,3,43,4,1,1,1,3,1.0838
146034310,3,43,4,1,1,1,3,0.7482
146034341,3,43,4,1,1,1,3,1.4081
146034348,3,43,4,1,1,1,3,1.4625
146034304,3,43,4,1,1,1,3,2.6711
146034301,3,43,4,1,1,1,3,1.8911
146034346,3,43,4,1,1,1,3,0.6779
150034331,3,43,4,1,1,1,4,1.0689
150034305,3,43,4,1,1,1,4,2.5314
150034328,3,43,4,1,1,1,4,1.1876
150034332,3,43,4,1,1,1,4,1.2689
150034334,3,43,4,1,1,1,4,1.8189
150034339,3,43,4,1,1,1,4,1.6189
150034336,3,43,4,1,1,1,4,1.2564
150034342,3,43,4,1,1,1,4,1.4251
150034308,3,43,4,1,1,1,4,1.0189
150034311,3,43,4,1,1,1,4,1.5939
150034312,3,43,4,1,1,1,4,1.4064
150034333,3,43,4,1,1,1,4,1.4439
150034335,3,43,4,1,1,1,4,1.6126
150034329,3,43,4,1,1,1,4,1.1939
150034349,3,43,4,1,1,1,4,1.4876
150034303,3,43,4,1,1,1,4,3.0626
150034348,3,43,4,1,1,1,4,1.3189
150034320,3,43,4,1,1,1,4,1.0189
150034317,3,43,4,1,1,1,4,2.2126
150034330,3,43,4,1,1,1,4,1.6001
150034324,3,43,4,1,1,1,4,0.8689
150034318,3,43,4,1,1,1,4,1.7876
150034343,3,43,4,1,1,1,4,1.5939
150034322,3,43,4,1,1,1,4,1.1064
150034344,3,43,4,1,1,1,4,2.1689
150034309,3,43,4,1,1,1,4,1.3814
150034314,3,43,4,1,1,1,4,1.2314
150034327,3,43,4,1,1,1,4,1.3501
150034306,3,43,4,1,1,1,4,2.6189
150034319,3,43,4,1,1,1,4,1.0751
150034337,3,43,4,1,1,1,4,1.8501
150034315,3,43,4,1,1,1,4,1.3751
150034340,3,43,4,1,1,1,4,1.3376
150034302,3,43,4,1,1,1,4,2.2126
150034313,3,43,4,1,1,1,4,1.3001
150034345,3,43,4,1,1,1,4,1.7939
150034326,3,43,4,1,1,1,4,2.1814
150034307,3,43,4,1,1,1,4,2.9001
150034325,3,43,4,1,1,1,4,0.9189
150034338,3,43,4,1,1,1,4,1.4064
150034323,3,43,4,1,1,1,4,1.0814
150034321,3,43,4,1,1,1,4,1.1439
150034310,3,43,4,1,1,1,4,1.6439
150034341,3,43,4,1,1,1,4,1.5376
150034347,3,43,4,1,1,1,4,0.6751
150034304,3,43,4,1,1,1,4,2.6939
150034301,3,43,4,1,1,1,4,1.8751
148044329,3,43,4,1,1,3,2,1.7188
148044334,3,43,4,1,1,3,2,1.2562
148044331,3,43,4,1,1,3,2,1.3605
148044305,3,43,4,1,1,3,2,2.619
148044319,3,43,4,1,1,3,2,1.1496
148044312,3,43,4,1,1,3,2,1.2993
148044343,3,43,4,1,1,3,2,1.8072
148044332,3,43,4,1,1,3,2,1.8956
148044323,3,43,4,1,1,3,2,0.9115
148044311,3,43,4,1,1,3,2,1.4036
148044328,3,43,4,1,1,3,2,1.6462
148044333,3,43,4,1,1,3,2,1.6167
148044330,3,43,4,1,1,3,2,1.3197
148044344,3,43,4,1,1,3,2,0.9954
148044303,3,43,4,1,1,3,2,2.6961
148044346,3,43,4,1,1,3,2,1.3174
148044327,3,43,4,1,1,3,2,1.1451
148044316,3,43,4,1,1,3,2,1.78
148044326,3,43,4,1,1,3,2,1.1927
148044317,3,43,4,1,1,3,2,1.0929
148044341,3,43,4,1,1,3,2,1.6031
148044321,3,43,4,1,1,3,2,1.068
148044342,3,43,4,1,1,3,2,2.17
148044309,3,43,4,1,1,3,2,1.6575
148044314,3,43,4,1,1,3,2,2.2993
148044306,3,43,4,1,1,3,2,2.9002
148044318,3,43,4,1,1,3,2,1.009
148044335,3,43,4,1,1,3,2,1.8525
148044315,3,43,4,1,1,3,2,2.2312
148044338,3,43,4,1,1,3,2,1.3401
148044308,3,43,4,1,1,3,2,1.3832
148044339,3,43,4,1,1,3,2,1.5328
148044302,3,43,4,1,1,3,2,3.068
148044313,3,43,4,1,1,3,2,1.2358
148044336,3,43,4,1,1,3,2,1.4376
148044325,3,43,4,1,1,3,2,1.3627
148044307,3,43,4,1,1,3,2,1.0203
148044324,3,43,4,1,1,3,2,2.17
148044337,3,43,4,1,1,3,2,1.585
148044322,3,43,4,1,1,3,2,0.8752
148044320,3,43,4,1,1,3,2,1.0952
148044310,3,43,4,1,1,3,2,1.5782
148044340,3,43,4,1,1,3,2,1.424
148044347,3,43,4,1,1,3,2,1.4875
148044304,3,43,4,1,1,3,2,2.5215
148044301,3,43,4,1,1,3,2,2.2154
146044327,3,43,4,1,1,3,3,1.1927
146044324,3,43,4,1,1,3,3,0.8866
146044330,3,43,4,1,1,3,3,1.7324
146044305,3,43,4,1,1,3,3,2.5373
146044311,3,43,4,1,1,3,3,1.6076
146044334,3,43,4,1,1,3,3,1.6122
146044332,3,43,4,1,1,3,3,1.3854
146044312,3,43,4,1,1,3,3,1.3832
146044322,3,43,4,1,1,3,3,1.3763
146044335,3,43,4,1,1,3,3,1.2539
146044333,3,43,4,1,1,3,3,1.8729
146044341,3,43,4,1,1,3,3,1.4036
146044345,3,43,4,1,1,3,3,0.9999
146044303,3,43,4,1,1,3,3,3.0725
146044348,3,43,4,1,1,3,3,1.4897
146044320,3,43,4,1,1,3,3,1.0113
146044316,3,43,4,1,1,3,3,2.3423
146044329,3,43,4,1,1,3,3,1.5872
146044317,3,43,4,1,1,3,3,1.78
146044344,3,43,4,1,1,3,3,1.7936
146044343,3,43,4,1,1,3,3,2.1677
146044309,3,43,4,1,1,3,3,1.3854
146044314,3,43,4,1,1,3,3,1.2312
146044306,3,43,4,1,1,3,3,2.6144
146044318,3,43,4,1,1,3,3,1.0748
146044336,3,43,4,1,1,3,3,1.8503
146044315,3,43,4,1,1,3,3,2.1836
146044340,3,43,4,1,1,3,3,1.551
146044308,3,43,4,1,1,3,3,1.0158
146044338,3,43,4,1,1,3,3,1.585
146044302,3,43,4,1,1,3,3,2.2131
146044328,3,43,4,1,1,3,3,1.1949
146044313,3,43,4,1,1,3,3,1.3015
146044337,3,43,4,1,1,3,3,1.4376
146044326,3,43,4,1,1,3,3,1.3491
146044307,3,43,4,1,1,3,3,2.9274
146044325,3,43,4,1,1,3,3,2.1904
146044339,3,43,4,1,1,3,3,1.3559
146044323,3,43,4,1,1,3,3,0.8911
146044321,3,43,4,1,1,3,3,0.8027
146044310,3,43,4,1,1,3,3,1.6212
146044342,3,43,4,1,1,3,3,1.5963
146044346,3,43,4,1,1,3,3,0.6779
146044304,3,43,4,1,1,3,3,2.6575
146044301,3,43,4,1,1,3,3,1.8707
146044347,3,43,4,1,1,3,3,1.3174
150044330,3,43,4,1,1,3,4,1.7251
150044305,3,43,4,1,1,3,4,2.5376
150044327,3,43,4,1,1,3,4,1.1876
150044331,3,43,4,1,1,3,4,1.3189
150044333,3,43,4,1,1,3,4,1.9001
150044338,3,43,4,1,1,3,4,1.6189
150044335,3,43,4,1,1,3,4,1.2564
150044341,3,43,4,1,1,3,4,1.4251
150044308,3,43,4,1,1,3,4,1.0251
150044311,3,43,4,1,1,3,4,1.6001
150044312,3,43,4,1,1,3,4,1.4001
150044332,3,43,4,1,1,3,4,1.3626
150044334,3,43,4,1,1,3,4,1.6126
150044328,3,43,4,1,1,3,4,1.1939
150044348,3,43,4,1,1,3,4,1.4876
150044303,3,43,4,1,1,3,4,3.0689
150044347,3,43,4,1,1,3,4,1.3189
150044319,3,43,4,1,1,3,4,1.0251
150044316,3,43,4,1,1,3,4,2.2126
150044329,3,43,4,1,1,3,4,1.5939
150044323,3,43,4,1,1,3,4,0.8689
150044317,3,43,4,1,1,3,4,1.7876
150044342,3,43,4,1,1,3,4,1.5939
150044321,3,43,4,1,1,3,4,1.1064
150044343,3,43,4,1,1,3,4,2.1751
150044309,3,43,4,1,1,3,4,1.3814
150044314,3,43,4,1,1,3,4,1.2314
150044326,3,43,4,1,1,3,4,1.3626
150044306,3,43,4,1,1,3,4,2.6189
150044318,3,43,4,1,1,3,4,1.0626
150044336,3,43,4,1,1,3,4,1.8501
150044315,3,43,4,1,1,3,4,1.3626
150044339,3,43,4,1,1,3,4,1.3376
150044302,3,43,4,1,1,3,4,2.2064
150044313,3,43,4,1,1,3,4,1.3001
150044344,3,43,4,1,1,3,4,1.7876
150044325,3,43,4,1,1,3,4,2.1751
150044307,3,43,4,1,1,3,4,2.8939
150044324,3,43,4,1,1,3,4,0.9126
150044337,3,43,4,1,1,3,4,1.4064
150044322,3,43,4,1,1,3,4,1.0876
150044320,3,43,4,1,1,3,4,1.1439
150044310,3,43,4,1,1,3,4,1.6376
150044340,3,43,4,1,1,3,4,1.5376
150044346,3,43,4,1,1,3,4,0.6814
150044304,3,43,4,1,1,3,4,2.6876
148074529,3,45,4,1,1,2,2,1.9138
148074534,3,45,4,1,1,2,2,1.3174
148074531,3,45,4,1,1,2,2,1.4625
148074505,3,45,4,1,1,2,2,2.7822
148074519,3,45,4,1,1,2,2,1.594
148074512,3,45,4,1,1,2,2,1.4716
148074543,3,45,4,1,1,2,2,1.8525
148074532,3,45,4,1,1,2,2,1.7686
148074523,3,45,4,1,1,2,2,1.2335
148074511,3,45,4,1,1,2,2,1.6417
148074528,3,45,4,1,1,2,2,2.2993
148074533,3,45,4,1,1,2,2,1.551
148074530,3,45,4,1,1,2,2,1.5782
148074544,3,45,4,1,1,2,2,1.3174
148074503,3,45,4,1,1,2,2,3.3061
148074546,3,45,4,1,1,2,2,2.3605
148074527,3,45,4,1,1,2,2,0.9999
148074516,3,45,4,1,1,2,2,4.721
148074526,3,45,4,1,1,2,2,1.4172
148074517,3,45,4,1,1,2,2,1.3378
148074541,3,45,4,1,1,2,2,1.9909
148074521,3,45,4,1,1,2,2,1.1904
148074542,3,45,4,1,1,2,2,2.3061
148074509,3,45,4,1,1,2,2,1.4943
148074514,3,45,4,1,1,2,2,1.3877
148074506,3,45,4,1,1,2,2,2.6711
148074518,3,45,4,1,1,2,2,1.6643
148074535,3,45,4,1,1,2,2,1.6371
148074515,3,45,4,1,1,2,2,1.7256
148074538,3,45,4,1,1,2,2,1.6144
148074508,3,45,4,1,1,2,2,1.5305
148074539,3,45,4,1,1,2,2,1.619
148074502,3,45,4,1,1,2,2,3.1178
148074513,3,45,4,1,1,2,2,1.3968
148074536,3,45,4,1,1,2,2,1.4262
148074525,3,45,4,1,1,2,2,1.5963
148074507,3,45,4,1,1,2,2,2.8729
148074524,3,45,4,1,1,2,2,1.9024
148074537,3,45,4,1,1,2,2,1.5101
148074522,3,45,4,1,1,2,2,0.687
148074520,3,45,4,1,1,2,2,1.6031
148074510,3,45,4,1,1,2,2,1.6485
148074540,3,45,4,1,1,2,2,1.5124
148074547,3,45,4,1,1,2,2,1.6212
148074504,3,45,4,1,1,2,2,2.7437
148074501,3,45,4,1,1,2,2,2.8956
148074545,3,45,4,1,1,2,2,0.9568
146074532,3,45,4,1,1,2,3,1.916
146074505,3,45,4,1,1,2,3,2.7505
146074529,3,45,4,1,1,2,3,1.424
146074533,3,45,4,1,1,2,3,1.5736
146074535,3,45,4,1,1,2,3,1.7686
146074540,3,45,4,1,1,2,3,1.5101
146074537,3,45,4,1,1,2,3,1.3174
146074543,3,45,4,1,1,2,3,1.5101
146074508,3,45,4,1,1,2,3,1.9841
146074511,3,45,4,1,1,2,3,1.6485
146074512,3,45,4,1,1,2,3,1.6507
146074534,3,45,4,1,1,2,3,1.4648
146074536,3,45,4,1,1,2,3,1.551
146074530,3,45,4,1,1,2,3,0.9954
146074550,3,45,4,1,1,2,3,1.6167
146074503,3,45,4,1,1,2,3,3.1156
146074549,3,45,4,1,1,2,3,2.365
146074521,3,45,4,1,1,2,3,1.6643
146074518,3,45,4,1,1,2,3,1.8661
146074531,3,45,4,1,1,2,3,2.2993
146074525,3,45,4,1,1,2,3,1.4398
146074519,3,45,4,1,1,2,3,2.102
146074544,3,45,4,1,1,2,3,1.9795
146074523,3,45,4,1,1,2,3,1.5963
146074545,3,45,4,1,1,2,3,2.3219
146074509,3,45,4,1,1,2,3,1.526
146074516,3,45,4,1,1,2,3,1.39
146074528,3,45,4,1,1,2,3,1.5986
146074506,3,45,4,1,1,2,3,2.78
146074520,3,45,4,1,1,2,3,1.3401
146074538,3,45,4,1,1,2,3,1.6394
146074517,3,45,4,1,1,2,3,1.7051
146074541,3,45,4,1,1,2,3,1.619
146074502,3,45,4,1,1,2,3,2.8979
146074515,3,45,4,1,1,2,3,1.3968
146074546,3,45,4,1,1,2,3,1.8503
146074527,3,45,4,1,1,2,3,2.077
146074507,3,45,4,1,1,2,3,2.6915
146074526,3,45,4,1,1,2,3,1.0748
146074539,3,45,4,1,1,2,3,0.6621
146074524,3,45,4,1,1,2,3,1.1927
146074522,3,45,4,1,1,2,3,1.6167
146074510,3,45,4,1,1,2,3,1.5056
146074542,3,45,4,1,1,2,3,1.6167
146074548,3,45,4,1,1,2,3,0.9568
146074504,3,45,4,1,1,2,3,3.3061
146074501,3,45,4,1,1,2,3,2.5827
150064529,3,45,4,1,1,2,4,1.9189
150064534,3,45,4,1,1,2,4,1.3189
150064531,3,45,4,1,1,2,4,1.4626
150064505,3,45,4,1,1,2,4,2.7751
150064519,3,45,4,1,1,2,4,1.6876
150064512,3,45,4,1,1,2,4,1.4689
150064543,3,45,4,1,1,2,4,1.8501
150064532,3,45,4,1,1,2,4,1.7689
150064523,3,45,4,1,1,2,4,1.2501
150064511,3,45,4,1,1,2,4,1.6689
150064528,3,45,4,1,1,2,4,2.2939
150064533,3,45,4,1,1,2,4,1.5501
150064530,3,45,4,1,1,2,4,1.5751
150064544,3,45,4,1,1,2,4,1.3189
150064503,3,45,4,1,1,2,4,3.2876
150064546,3,45,4,1,1,2,4,2.3626
150064527,3,45,4,1,1,2,4,1.0001
150064516,3,45,4,1,1,2,4,1.8564
150064526,3,45,4,1,1,2,4,1.4314
150064517,3,45,4,1,1,2,4,2.1189
150064541,3,45,4,1,1,2,4,1.9751
150064521,3,45,4,1,1,2,4,1.5501
150064542,3,45,4,1,1,2,4,2.3251
150064509,3,45,4,1,1,2,4,1.4876
150064514,3,45,4,1,1,2,4,1.3814
150064506,3,45,4,1,1,2,4,2.6689
150064518,3,45,4,1,1,2,4,1.3189
150064535,3,45,4,1,1,2,4,1.6376
150064515,3,45,4,1,1,2,4,1.7064
150064538,3,45,4,1,1,2,4,1.6126
150064508,3,45,4,1,1,2,4,1.5314
150064539,3,45,4,1,1,2,4,1.6189
150064502,3,45,4,1,1,2,4,3.1001
150064513,3,45,4,1,1,2,4,1.4001
150064536,3,45,4,1,1,2,4,1.4251
150064525,3,45,4,1,1,2,4,1.5939
150064507,3,45,4,1,1,2,4,2.8689
150064524,3,45,4,1,1,2,4,1.8939
150064537,3,45,4,1,1,2,4,1.5126
150064522,3,45,4,1,1,2,4,1.2376
150064520,3,45,4,1,1,2,4,1.6126
150064510,3,45,4,1,1,2,4,1.6314
150064540,3,45,4,1,1,2,4,1.5126
150064547,3,45,4,1,1,2,4,1.6189
150064504,3,45,4,1,1,2,4,2.7501
150064501,3,45,4,1,1,2,4,2.9126
150064545,3,45,4,1,1,2,4,0.9564
148084530,3,45,4,1,1,4,2,1.9183
148084505,3,45,4,1,1,4,2,2.7822
148084527,3,45,4,1,1,4,2,1.4172
148084531,3,45,4,1,1,4,2,1.5736
148084533,3,45,4,1,1,4,2,1.7709
148084538,3,45,4,1,1,4,2,1.5101
148084535,3,45,4,1,1,4,2,1.3061
148084541,3,45,4,1,1,4,2,1.5124
148084508,3,45,4,1,1,4,2,1.5305
148084511,3,45,4,1,1,4,2,1.6598
148084512,3,45,4,1,1,4,2,1.4716
148084532,3,45,4,1,1,4,2,1.4648
148084534,3,45,4,1,1,4,2,1.56
148084528,3,45,4,1,1,4,2,0.9999
148084548,3,45,4,1,1,4,2,1.6212
148084503,3,45,4,1,1,4,2,3.3061
148084547,3,45,4,1,1,4,2,2.3627
148084519,3,45,4,1,1,4,2,1.6961
148084516,3,45,4,1,1,4,2,1.8548
148084529,3,45,4,1,1,4,2,2.3015
148084523,3,45,4,1,1,4,2,1.433
148084517,3,45,4,1,1,4,2,2.1292
148084542,3,45,4,1,1,4,2,1.9954
148084521,3,45,4,1,1,4,2,1.594
148084543,3,45,4,1,1,4,2,2.3061
148084509,3,45,4,1,1,4,2,1.4897
148084514,3,45,4,1,1,4,2,1.3854
148084526,3,45,4,1,1,4,2,1.5986
148084506,3,45,4,1,1,4,2,2.687
148084518,3,45,4,1,1,4,2,1.3219
148084536,3,45,4,1,1,4,2,1.6394
148084515,3,45,4,1,1,4,2,1.7051
148084539,3,45,4,1,1,4,2,1.6167
148084502,3,45,4,1,1,4,2,3.1201
148084513,3,45,4,1,1,4,2,1.399
148084544,3,45,4,1,1,4,2,1.8548
148084525,3,45,4,1,1,4,2,1.9047
148084507,3,45,4,1,1,4,2,2.8571
148084524,3,45,4,1,1,4,2,1.2539
148084537,3,45,4,1,1,4,2,1.4285
148084522,3,45,4,1,1,4,2,1.1995
148084520,3,45,4,1,1,4,2,1.5986
148084510,3,45,4,1,1,4,2,1.6417
148084540,3,45,4,1,1,4,2,1.619
148084546,3,45,4,1,1,4,2,0.9568
148084504,3,45,4,1,1,4,2,2.7505
148084501,3,45,4,1,1,4,2,2.8979
148084545,3,45,4,1,1,4,2,1.3151
146084530,3,45,4,1,1,4,3,1.941
146084505,3,45,4,1,1,4,3,2.789
146084527,3,45,4,1,1,4,3,1.4421
146084531,3,45,4,1,1,4,3,1.5578
146084533,3,45,4,1,1,4,3,1.7596
146084538,3,45,4,1,1,4,3,1.5147
146084535,3,45,4,1,1,4,3,1.3378
146084541,3,45,4,1,1,4,3,1.5056
146084508,3,45,4,1,1,4,3,1.5124
146084511,3,45,4,1,1,4,3,1.6507
146084512,3,45,4,1,1,4,3,1.4784
146084532,3,45,4,1,1,4,3,1.4671
146084534,3,45,4,1,1,4,3,1.5578
146084528,3,45,4,1,1,4,3,0.9909
146084548,3,45,4,1,1,4,3,1.619
146084503,3,45,4,1,1,4,3,3.331
146084547,3,45,4,1,1,4,3,2.365
146084519,3,45,4,1,1,4,3,1.6825
146084516,3,45,4,1,1,4,3,1.8752
146084529,3,45,4,1,1,4,3,2.2993
146084523,3,45,4,1,1,4,3,1.4285
146084517,3,45,4,1,1,4,3,2.102
146084542,3,45,4,1,1,4,3,2.009
146084521,3,45,4,1,1,4,3,1.5827
146084543,3,45,4,1,1,4,3,2.2947
146084509,3,45,4,1,1,4,3,1.5237
146084514,3,45,4,1,1,4,3,1.3809
146084526,3,45,4,1,1,4,3,1.5895
146084506,3,45,4,1,1,4,3,2.6621
146084518,3,45,4,1,1,4,3,1.3378
146084536,3,45,4,1,1,4,3,1.6212
146084515,3,45,4,1,1,4,3,1.6961
146084539,3,45,4,1,1,4,3,1.6144
146084502,3,45,4,1,1,4,3,3.1224
146084513,3,45,4,1,1,4,3,1.4013
146084544,3,45,4,1,1,4,3,1.8525
146084525,3,45,4,1,1,4,3,1.8911
146084507,3,45,4,1,1,4,3,2.8752
146084524,3,45,4,1,1,4,3,1.2539
146084537,3,45,4,1,1,4,3,1.4149
146084522,3,45,4,1,1,4,3,1.2108
146084520,3,45,4,1,1,4,3,1.6167
146084510,3,45,4,1,1,4,3,1.6235
146084540,3,45,4,1,1,4,3,1.6212
146084546,3,45,4,1,1,4,3,0.9455
146084504,3,45,4,1,1,4,3,2.7505
146084501,3,45,4,1,1,4,3,2.9002
146084545,3,45,4,1,1,4,3,1.331
150074530,3,45,4,1,1,4,4,1.9189
150074505,3,45,4,1,1,4,4,2.7751
150074527,3,45,4,1,1,4,4,1.4314
150074531,3,45,4,1,1,4,4,1.5689
150074533,3,45,4,1,1,4,4,1.7689
150074538,3,45,4,1,1,4,4,1.5126
150074535,3,45,4,1,1,4,4,1.3126
150074541,3,45,4,1,1,4,4,1.5064
150074508,3,45,4,1,1,4,4,1.5314
150074511,3,45,4,1,1,4,4,1.6751
150074512,3,45,4,1,1,4,4,1.5126
150074532,3,45,4,1,1,4,4,1.4689
150074534,3,45,4,1,1,4,4,1.5564
150074528,3,45,4,1,1,4,4,0.9939
150074548,3,45,4,1,1,4,4,1.6251
150074503,3,45,4,1,1,4,4,3.3001
150074547,3,45,4,1,1,4,4,2.3626
150074519,3,45,4,1,1,4,4,1.6876
150074516,3,45,4,1,1,4,4,1.8564
150074529,3,45,4,1,1,4,4,2.3064
150074523,3,45,4,1,1,4,4,1.4439
150074517,3,45,4,1,1,4,4,2.1189
150074542,3,45,4,1,1,4,4,1.9876
150074521,3,45,4,1,1,4,4,1.5501
150074543,3,45,4,1,1,4,4,2.3189
150074509,3,45,4,1,1,4,4,1.4876
150074514,3,45,4,1,1,4,4,1.3876
150074526,3,45,4,1,1,4,4,1.5876
150074506,3,45,4,1,1,4,4,2.6689
150074518,3,45,4,1,1,4,4,1.3189
150074536,3,45,4,1,1,4,4,1.6439
150074515,3,45,4,1,1,4,4,1.7001
150074539,3,45,4,1,1,4,4,1.6189
150074502,3,45,4,1,1,4,4,2.9564
150074513,3,45,4,1,1,4,4,1.3501
150074544,3,45,4,1,1,4,4,1.8501
150074525,3,45,4,1,1,4,4,1.9064
150074507,3,45,4,1,1,4,4,2.8751
150074524,3,45,4,1,1,4,4,1.2501
150074537,3,45,4,1,1,4,4,1.4251
150074522,3,45,4,1,1,4,4,1.2376
150074520,3,45,4,1,1,4,4,1.6126
150074510,3,45,4,1,1,4,4,1.6376
150074540,3,45,4,1,1,4,4,1.6189
150074546,3,45,4,1,1,4,4,0.9564
150074504,3,45,4,1,1,4,4,2.5689
150074501,3,45,4,1,1,4,4,3.0376
150074545,3,45,4,1,1,4,4,1.3189
148094730,3,47,4,1,2,1,2,2.365
148094705,3,47,4,1,2,1,2,2.7482
148094727,3,47,4,1,2,1,2,1.746
148094731,3,47,4,1,2,1,2,2.5011
148094733,3,47,4,1,2,1,2,1.6258
148094738,3,47,4,1,2,1,2,1.8525
148094735,3,47,4,1,2,1,2,1.6666
148094741,3,47,4,1,2,1,2,2.0521
148094708,3,47,4,1,2,1,2,2.95
148094711,3,47,4,1,2,1,2,1.755
148094712,3,47,4,1,2,1,2,1.5895
148094732,3,47,4,1,2,1,2,1.8548
148094734,3,47,4,1,2,1,2,1.8276
148094728,3,47,4,1,2,1,2,1.6507
148094749,3,47,4,1,2,1,2,1.9183
148094703,3,47,4,1,2,1,2,2.7596
148094747,3,47,4,1,2,1,2,1.3877
148094719,3,47,4,1,2,1,2,1.4126
148094716,3,47,4,1,2,1,2,2.0884
148094729,3,47,4,1,2,1,2,1.78
148094723,3,47,4,1,2,1,2,1.2426
148094717,3,47,4,1,2,1,2,2.458
148094742,3,47,4,1,2,1,2,1.6779
148094721,3,47,4,1,2,1,2,1.6303
148094743,3,47,4,1,2,1,2,1.9546
148094709,3,47,4,1,2,1,2,1.8979
148094714,3,47,4,1,2,1,2,1.9251
148094726,3,47,4,1,2,1,2,1.8661
148094706,3,47,4,1,2,1,2,3.1927
148094718,3,47,4,1,2,1,2,2.1655
148094736,3,47,4,1,2,1,2,1.3514
148094715,3,47,4,1,2,1,2,1.4988
148094739,3,47,4,1,2,1,2,1.6326
148094702,3,47,4,1,2,1,2,2.2902
148094713,3,47,4,1,2,1,2,1.594
148094744,3,47,4,1,2,1,2,2.6553
148094725,3,47,4,1,2,1,2,1.399
148094707,3,47,4,1,2,1,2,3.1995
148094724,3,47,4,1,2,1,2,1.3537
148094737,3,47,4,1,2,1,2,1.9342
148094722,3,47,4,1,2,1,2,1.5011
148094720,3,47,4,1,2,1,2,1.6779
148094710,3,47,4,1,2,1,2,1.8117
148094740,3,47,4,1,2,1,2,2.4965
148094746,3,47,4,1,2,1,2,2.4172
148094704,3,47,4,1,2,1,2,3.6122
148094701,3,47,4,1,2,1,2,2.6122
148094748,3,47,4,1,2,1,2,1.7029
148094745,3,47,4,1,2,1,2,2.5305
146094734,3,47,4,1,2,1,3,2.365
146094713,3,47,4,1,2,1,3,1.746
146094712,3,47,4,1,2,1,3,1.8095
146094727,3,47,4,1,2,1,3,1.2448
146094703,3,47,4,1,2,1,3,2.1609
146094733,3,47,4,1,2,1,3,1.78
146094750,3,47,4,1,2,1,3,2.4081
146094737,3,47,4,1,2,1,3,1.3582
146094731,3,47,4,1,2,1,3,1.746
146094706,3,47,4,1,2,1,3,5.7959
146094738,3,47,4,1,2,1,3,2.0906
146094746,3,47,4,1,2,1,3,1.7097
146094732,3,47,4,1,2,1,3,1.6439
146094740,3,47,4,1,2,1,3,1.331
146094739,3,47,4,1,2,1,3,1.6666
146094709,3,47,4,1,2,1,3,5.7278
146094718,3,47,4,1,2,1,3,1.5101
146094751,3,47,4,1,2,1,3,1.399
146094723,3,47,4,1,2,1,3,1.4104
146094753,3,47,4,1,2,1,3,0.7097
146094747,3,47,4,1,2,1,3,1.9523
146094719,3,47,4,1,2,1,3,0.882
146094736,3,47,4,1,2,1,3,1.8752
146094735,3,47,4,1,2,1,3,2.5011
146094721,3,47,4,1,2,1,3,2.4852
146094748,3,47,4,1,2,1,3,2.6643
146094725,3,47,4,1,2,1,3,1.6099
146094756,3,47,4,1,2,1,3,4.0271
146094710,3,47,4,1,2,1,3,0.5169
146094717,3,47,4,1,2,1,3,1.9115
146094730,3,47,4,1,2,1,3,1.8752
146094707,3,47,4,1,2,1,3,7.3763
146094722,3,47,4,1,2,1,3,2.1269
146094742,3,47,4,1,2,1,3,1.8798
146094745,3,47,4,1,2,1,3,2.0181
146094702,3,47,4,1,2,1,3,1.7278
146094714,3,47,4,1,2,1,3,1.5963
146094743,3,47,4,1,2,1,3,1.6326
146094729,3,47,4,1,2,1,3,1.3877
146094708,3,47,4,1,2,1,3,2.9455
146094728,3,47,4,1,2,1,3,1.3514
146094741,3,47,4,1,2,1,3,1.9274
146094726,3,47,4,1,2,1,3,1.5237
146094724,3,47,4,1,2,1,3,1.6825
146094711,3,47,4,1,2,1,3,1.7959
146094744,3,47,4,1,2,1,3,2.4965
146094755,3,47,4,1,2,1,3,6.8616
146094705,3,47,4,1,2,1,3,1.6303
146094701,3,47,4,1,2,1,3,5.263
150084730,3,47,4,1,2,1,4,2.4189
150084705,3,47,4,1,2,1,4,2.7689
150084727,3,47,4,1,2,1,4,1.6814
150084731,3,47,4,1,2,1,4,2.4564
150084733,3,47,4,1,2,1,4,1.5564
150084738,3,47,4,1,2,1,4,1.8689
150084735,3,47,4,1,2,1,4,1.6564
150084741,3,47,4,1,2,1,4,2.0251
150084708,3,47,4,1,2,1,4,2.9626
150084711,3,47,4,1,2,1,4,1.7376
150084712,3,47,4,1,2,1,4,1.6001
150084732,3,47,4,1,2,1,4,1.9314
150084734,3,47,4,1,2,1,4,1.8376
150084728,3,47,4,1,2,1,4,1.6376
150084749,3,47,4,1,2,1,4,1.9126
150084703,3,47,4,1,2,1,4,2.7689
150084747,3,47,4,1,2,1,4,1.3814
150084719,3,47,4,1,2,1,4,1.4064
150084716,3,47,4,1,2,1,4,2.0751
150084729,3,47,4,1,2,1,4,1.7689
150084723,3,47,4,1,2,1,4,1.2314
150084717,3,47,4,1,2,1,4,2.4626
150084742,3,47,4,1,2,1,4,1.6814
150084721,3,47,4,1,2,1,4,1.6001
150084743,3,47,4,1,2,1,4,1.9814
150084709,3,47,4,1,2,1,4,1.8939
150084714,3,47,4,1,2,1,4,1.9126
150084726,3,47,4,1,2,1,4,1.8439
150084706,3,47,4,1,2,1,4,3.2001
150084718,3,47,4,1,2,1,4,2.1626
150084736,3,47,4,1,2,1,4,1.4251
150084715,3,47,4,1,2,1,4,1.5251
150084739,3,47,4,1,2,1,4,1.6376
150084702,3,47,4,1,2,1,4,2.2689
150084713,3,47,4,1,2,1,4,1.6001
150084744,3,47,4,1,2,1,4,2.6439
150084725,3,47,4,1,2,1,4,1.5001
150084707,3,47,4,1,2,1,4,3.2001
150084724,3,47,4,1,2,1,4,1.3251
150084737,3,47,4,1,2,1,4,1.8626
150084722,3,47,4,1,2,1,4,1.5376
150084720,3,47,4,1,2,1,4,1.6876
150084710,3,47,4,1,2,1,4,1.8064
150084740,3,47,4,1,2,1,4,2.4939
150084746,3,47,4,1,2,1,4,2.4126
150084704,3,47,4,1,2,1,4,3.5814
150084701,3,47,4,1,2,1,4,2.5314
150084748,3,47,4,1,2,1,4,1.7064
150084745,3,47,4,1,2,1,4,2.5439
148104730,3,47,4,1,2,3,2,2.5079
148104735,3,47,4,1,2,3,2,1.3514
148104732,3,47,4,1,2,3,2,1.6099
148104705,3,47,4,1,2,3,2,3.1949
148104720,3,47,4,1,2,3,2,1.6212
148104712,3,47,4,1,2,3,2,1.9727
148104744,3,47,4,1,2,3,2,2.551
148104733,3,47,4,1,2,3,2,1.8707
148104724,3,47,4,1,2,3,2,1.3945
148104711,3,47,4,1,2,3,2,1.585
148104729,3,47,4,1,2,3,2,2.3627
148104734,3,47,4,1,2,3,2,1.6212
148104731,3,47,4,1,2,3,2,1.8571
148104745,3,47,4,1,2,3,2,2.4013
148104703,3,47,4,1,2,3,2,2.7709
148104747,3,47,4,1,2,3,2,1.7006
148104728,3,47,4,1,2,3,2,1.789
148104716,3,47,4,1,2,3,2,2.1609
148104727,3,47,4,1,2,3,2,1.6394
148104717,3,47,4,1,2,3,2,1.4285
148104742,3,47,4,1,2,3,2,1.9705
148104722,3,47,4,1,2,3,2,1.2312
148104743,3,47,4,1,2,3,2,2.6439
148104709,3,47,4,1,2,3,2,1.7324
148104714,3,47,4,1,2,3,2,2.0861
148104706,3,47,4,1,2,3,2,2.9568
148104718,3,47,4,1,2,3,2,0.7074
148104736,3,47,4,1,2,3,2,1.9342
148104715,3,47,4,1,2,3,2,2.4602
148104739,3,47,4,1,2,3,2,2.492
148104708,3,47,4,1,2,3,2,1.8163
148104740,3,47,4,1,2,3,2,2.0884
148104702,3,47,4,1,2,3,2,3.4671
148104713,3,47,4,1,2,3,2,1.4557
148104737,3,47,4,1,2,3,2,1.8639
148104726,3,47,4,1,2,3,2,1.7437
148104707,3,47,4,1,2,3,2,1.8979
148104725,3,47,4,1,2,3,2,1.8752
148104738,3,47,4,1,2,3,2,1.6394
148104723,3,47,4,1,2,3,2,1.3559
148104721,3,47,4,1,2,3,2,1.5215
148104710,3,47,4,1,2,3,2,1.6099
148104741,3,47,4,1,2,3,2,1.6258
148104748,3,47,4,1,2,3,2,1.9206
148104704,3,47,4,1,2,3,2,3.1972
148104701,3,47,4,1,2,3,2,2.1927
146104729,3,47,4,1,2,3,3,1.6417
146104712,3,47,4,1,2,3,3,1.7278
146104711,3,47,4,1,2,3,3,1.8163
146104742,3,47,4,1,2,3,3,2.0317
146104703,3,47,4,1,2,3,3,2.0385
146104728,3,47,4,1,2,3,3,1.7686
146104739,3,47,4,1,2,3,3,1.8707
146104732,3,47,4,1,2,3,3,2.5328
146104723,3,47,4,1,2,3,3,1.5192
146104705,3,47,4,1,2,3,3,0.8798
146104734,3,47,4,1,2,3,3,1.6122
146104736,3,47,4,1,2,3,3,1.6666
146104727,3,47,4,1,2,3,3,1.8593
146104735,3,47,4,1,2,3,3,1.8367
146104719,3,47,4,1,2,3,3,2.17
146104708,3,47,4,1,2,3,3,3.1859
146104715,3,47,4,1,2,3,3,1.8911
146104746,3,47,4,1,2,3,3,2.5396
146104749,3,47,4,1,2,3,3,1.7142
146104730,3,47,4,1,2,3,3,1.7913
146104716,3,47,4,1,2,3,3,1.5147
146104731,3,47,4,1,2,3,3,2.3401
146104733,3,47,4,1,2,3,3,1.848
146104717,3,47,4,1,2,3,3,2.0793
146104743,3,47,4,1,2,3,3,1.6893
146104721,3,47,4,1,2,3,3,1.6757
146104744,3,47,4,1,2,3,3,1.9659
146104709,3,47,4,1,2,3,3,2.9705
146104714,3,47,4,1,2,3,3,1.6008
146104726,3,47,4,1,2,3,3,1.4217
146104706,3,47,4,1,2,3,3,1.1428
146104718,3,47,4,1,2,3,3,2.4557
146104741,3,47,4,1,2,3,3,2.4943
146104750,3,47,4,1,2,3,3,1.907
146104702,3,47,4,1,2,3,3,2.8253
146104713,3,47,4,1,2,3,3,1.6371
146104738,3,47,4,1,2,3,3,1.907
146104725,3,47,4,1,2,3,3,1.3378
146104707,3,47,4,1,2,3,3,3.2131
146104724,3,47,4,1,2,3,3,1.2335
146104737,3,47,4,1,2,3,3,1.3559
146104722,3,47,4,1,2,3,3,1.6167
146104720,3,47,4,1,2,3,3,1.4081
146104710,3,47,4,1,2,3,3,1.8729
146104740,3,47,4,1,2,3,3,1.6371
146104747,3,47,4,1,2,3,3,2.4036
150094726,3,47,4,1,2,3,4,1.7689
150094723,3,47,4,1,2,3,4,1.7939
150094729,3,47,4,1,2,3,4,1.8814
150094705,3,47,4,1,2,3,4,2.9564
150094711,3,47,4,1,2,3,4,1.9189
150094732,3,47,4,1,2,3,4,1.6564
150094730,3,47,4,1,2,3,4,1.6126
150094712,3,47,4,1,2,3,4,1.5126
150094721,3,47,4,1,2,3,4,1.3314
150094733,3,47,4,1,2,3,4,1.3751
150094731,3,47,4,1,2,3,4,1.8314
150094739,3,47,4,1,2,3,4,1.6814
150094743,3,47,4,1,2,3,4,2.4064
150094703,3,47,4,1,2,3,4,3.2001
150094746,3,47,4,1,2,3,4,1.9126
150094719,3,47,4,1,2,3,4,1.5314
150094716,3,47,4,1,2,3,4,1.4064
150094728,3,47,4,1,2,3,4,2.5001
150094717,3,47,4,1,2,3,4,1.6814
150094742,3,47,4,1,2,3,4,2.5501
150094741,3,47,4,1,2,3,4,2.6376
150094709,3,47,4,1,2,3,4,1.6189
150094714,3,47,4,1,2,3,4,2.4564
150094706,3,47,4,1,2,3,4,1.8939
150094718,3,47,4,1,2,3,4,1.6126
150094734,3,47,4,1,2,3,4,1.9189
150094715,3,47,4,1,2,3,4,2.1626
150094738,3,47,4,1,2,3,4,2.0189
150094708,3,47,4,1,2,3,4,1.7251
150094736,3,47,4,1,2,3,4,1.6439
150094702,3,47,4,1,2,3,4,2.7689
150094727,3,47,4,1,2,3,4,2.3751
150094713,3,47,4,1,2,3,4,2.0876
150094735,3,47,4,1,2,3,4,1.8626
150094725,3,47,4,1,2,3,4,1.6376
150094707,3,47,4,1,2,3,4,1.8126
150094724,3,47,4,1,2,3,4,1.7251
150094737,3,47,4,1,2,3,4,2.4939
150094722,3,47,4,1,2,3,4,1.5001
150094720,3,47,4,1,2,3,4,1.2314
150094710,3,47,4,1,2,3,4,1.5939
150094740,3,47,4,1,2,3,4,1.9876
150094744,3,47,4,1,2,3,4,1.3876
150094704,3,47,4,1,2,3,4,3.2001
150094701,3,47,4,1,2,3,4,3.5814
150094745,3,47,4,1,2,3,4,1.7064
148154928,3,49,4,3,1,3,2,1.4965
148154925,3,49,4,3,1,3,2,2.331
148154931,3,49,4,3,1,3,2,1.5464
148154905,3,49,4,3,1,3,2,2.619
148154911,3,49,4,3,1,3,2,1.56
148154934,3,49,4,3,1,3,2,1.9364
148154932,3,49,4,3,1,3,2,1.6689
148154912,3,49,4,3,1,3,2,1.2312
148154923,3,49,4,3,1,3,2,1.1949
148154935,3,49,4,3,1,3,2,0.6983
148154933,3,49,4,3,1,3,2,1.9115
148154941,3,49,4,3,1,3,2,1.78
148154945,3,49,4,3,1,3,2,1.526
148154903,3,49,4,3,1,3,2,2.7074
148154948,3,49,4,3,1,3,2,2.4625
148154921,3,49,4,3,1,3,2,1.6779
148154916,3,49,4,3,1,3,2,1.9931
148154930,3,49,4,3,1,3,2,2.4716
148154917,3,49,4,3,1,3,2,1.941
148154944,3,49,4,3,1,3,2,2.9024
148154943,3,49,4,3,1,3,2,3.3287
148154909,3,49,4,3,1,3,2,1.8049
148154914,3,49,4,3,1,3,2,1.2063
148154906,3,49,4,3,1,3,2,2.789
148154918,3,49,4,3,1,3,2,1.0861
148154936,3,49,4,3,1,3,2,1.8004
148154915,3,49,4,3,1,3,2,1.7437
148154940,3,49,4,3,1,3,2,1.8956
148154908,3,49,4,3,1,3,2,1.365
148154938,3,49,4,3,1,3,2,1.746
148154902,3,49,4,3,1,3,2,2.3786
148154929,3,49,4,3,1,3,2,1.9319
148154913,3,49,4,3,1,3,2,1.2652
148154937,3,49,4,3,1,3,2,1.95
148154927,3,49,4,3,1,3,2,1.5396
148154907,3,49,4,3,1,3,2,2.8593
148154926,3,49,4,3,1,3,2,1.6371
148154939,3,49,4,3,1,3,2,2.2993
148154924,3,49,4,3,1,3,2,0.9274
148154922,3,49,4,3,1,3,2,1.3786
148154910,3,49,4,3,1,3,2,1.0022
148154942,3,49,4,3,1,3,2,1.3537
148154946,3,49,4,3,1,3,2,1.5895
148154904,3,49,4,3,1,3,2,2.5578
148154901,3,49,4,3,1,3,2,2.1201
148154947,3,49,4,3,1,3,2,2.0022
146154930,3,49,4,3,1,3,3,2.4988
146154905,3,49,4,3,1,3,3,2.6099
146154927,3,49,4,3,1,3,3,1.4829
146154931,3,49,4,3,1,3,3,1.4807
146154933,3,49,4,3,1,3,3,1.8956
146154938,3,49,4,3,1,3,3,1.7482
146154935,3,49,4,3,1,3,3,1.7165
146154941,3,49,4,3,1,3,3,1.78
146154908,3,49,4,3,1,3,3,1.3741
146154911,3,49,4,3,1,3,3,1.5668
146154912,3,49,4,3,1,3,3,1.2267
146154932,3,49,4,3,1,3,3,1.7142
146154934,3,49,4,3,1,3,3,1.95
146154928,3,49,4,3,1,3,3,1.4784
146154948,3,49,4,3,1,3,3,2.4693
146154903,3,49,4,3,1,3,3,2.5895
146154947,3,49,4,3,1,3,3,2.009
146154919,3,49,4,3,1,3,3,0.8798
146154916,3,49,4,3,1,3,3,2.0294
146154929,3,49,4,3,1,3,3,1.9138
146154923,3,49,4,3,1,3,3,1.0612
146154917,3,49,4,3,1,3,3,1.9047
146154942,3,49,4,3,1,3,3,2.1836
146154921,3,49,4,3,1,3,3,1.3446
146154943,3,49,4,3,1,3,3,3.3083
146154909,3,49,4,3,1,3,3,1.7981
146154914,3,49,4,3,1,3,3,1.1995
146154926,3,49,4,3,1,3,3,1.7051
146154906,3,49,4,3,1,3,3,2.7754
146154918,3,49,4,3,1,3,3,1.1269
146154936,3,49,4,3,1,3,3,1.9319
146154915,3,49,4,3,1,3,3,1.7051
146154939,3,49,4,3,1,3,3,2.2471
146154902,3,49,4,3,1,3,3,2.365
146154913,3,49,4,3,1,3,3,1.2766
146154944,3,49,4,3,1,3,3,2.9342
146154925,3,49,4,3,1,3,3,2.3265
146154907,3,49,4,3,1,3,3,2.8593
146154924,3,49,4,3,1,3,3,1.0226
146154937,3,49,4,3,1,3,3,1.9682
146154922,3,49,4,3,1,3,3,1.1881
146154920,3,49,4,3,1,3,3,1.6394
146154910,3,49,4,3,1,3,3,1.9773
146154940,3,49,4,3,1,3,3,1.9568
146154946,3,49,4,3,1,3,3,1.585
146154904,3,49,4,3,1,3,3,2.6961
150144930,3,49,4,3,1,3,4,2.4751
150144935,3,49,4,3,1,3,4,1.7189
150144932,3,49,4,3,1,3,4,1.7001
150144905,3,49,4,3,1,3,4,2.6314
150144919,3,49,4,3,1,3,4,1.5314
150144912,3,49,4,3,1,3,4,1.2564
150144945,3,49,4,3,1,3,4,2.9314
150144933,3,49,4,3,1,3,4,1.8689
150144924,3,49,4,3,1,3,4,1.0126
150144911,3,49,4,3,1,3,4,1.5751
150144929,3,49,4,3,1,3,4,1.9376
150144934,3,49,4,3,1,3,4,1.9439
150144931,3,49,4,3,1,3,4,1.5126
150144946,3,49,4,3,1,3,4,1.5314
150144903,3,49,4,3,1,3,4,2.7064
150144948,3,49,4,3,1,3,4,2.0376
150144928,3,49,4,3,1,3,4,1.4876
150144916,3,49,4,3,1,3,4,2.0251
150144927,3,49,4,3,1,3,4,1.5314
150144917,3,49,4,3,1,3,4,1.8939
150144943,3,49,4,3,1,3,4,2.1564
150144921,3,49,4,3,1,3,4,1.3439
150144944,3,49,4,3,1,3,4,3.3064
150144909,3,49,4,3,1,3,4,1.8189
150144914,3,49,4,3,1,3,4,1.1939
150144906,3,49,4,3,1,3,4,2.7876
150144918,3,49,4,3,1,3,4,1.1064
150144936,3,49,4,3,1,3,4,1.9626
150144915,3,49,4,3,1,3,4,1.7439
150144939,3,49,4,3,1,3,4,1.1814
150144908,3,49,4,3,1,3,4,1.3564
150144941,3,49,4,3,1,3,4,1.0751
150144902,3,49,4,3,1,3,4,2.3876
150144913,3,49,4,3,1,3,4,1.2501
150144937,3,49,4,3,1,3,4,1.9501
150144926,3,49,4,3,1,3,4,1.6439
150144907,3,49,4,3,1,3,4,2.8564
150144925,3,49,4,3,1,3,4,2.3251
150144938,3,49,4,3,1,3,4,1.0501
150144923,3,49,4,3,1,3,4,1.0876
150144920,3,49,4,3,1,3,4,1.6814
150144910,3,49,4,3,1,3,4,1.9314
150144942,3,49,4,3,1,3,4,1.7876
150144949,3,49,4,3,1,3,4,2.4189
150144904,3,49,4,3,1,3,4,2.5501
150144901,3,49,4,3,1,3,4,2.1189
148164927,3,49,4,3,1,4,2,1.4897
148164924,3,49,4,3,1,4,2,2.3401
148164930,3,49,4,3,1,4,2,1.5147
148164905,3,49,4,3,1,4,2,2.7959
148164911,3,49,4,3,1,4,2,1.2516
148164933,3,49,4,3,1,4,2,1.9364
148164931,3,49,4,3,1,4,2,1.6983
148164912,3,49,4,3,1,4,2,1.2448
148164922,3,49,4,3,1,4,2,1.0906
148164934,3,49,4,3,1,4,2,1.7278
148164932,3,49,4,3,1,4,2,1.8752
148164940,3,49,4,3,1,4,2,1.7868
148164944,3,49,4,3,1,4,2,1.5328
148164903,3,49,4,3,1,4,2,2.5441
148164947,3,49,4,3,1,4,2,2.4512
148164920,3,49,4,3,1,4,2,1.3401
148164916,3,49,4,3,1,4,2,1.9024
148164929,3,49,4,3,1,4,2,2.4716
148164917,3,49,4,3,1,4,2,1.0997
148164943,3,49,4,3,1,4,2,2.941
148164942,3,49,4,3,1,4,2,3.3038
148164909,3,49,4,3,1,4,2,1.9387
148164914,3,49,4,3,1,4,2,0.9682
148164906,3,49,4,3,1,4,2,2.8548
148164919,3,49,4,3,1,4,2,1.6757
148164935,3,49,4,3,1,4,2,1.9591
148164915,3,49,4,3,1,4,2,2.0226
148164939,3,49,4,3,1,4,2,1.9659
148164908,3,49,4,3,1,4,2,1.8004
148164937,3,49,4,3,1,4,2,1.7414
148164902,3,49,4,3,1,4,2,2.721
148164928,3,49,4,3,1,4,2,1.9364
148164913,3,49,4,3,1,4,2,1.1927
148164936,3,49,4,3,1,4,2,1.8389
148164926,3,49,4,3,1,4,2,1.5328
148164907,3,49,4,3,1,4,2,1.3673
148164925,3,49,4,3,1,4,2,1.6394
148164938,3,49,4,3,1,4,2,2.2312
148164923,3,49,4,3,1,4,2,0.9977
148164921,3,49,4,3,1,4,2,1.1927
148164910,3,49,4,3,1,4,2,1.5872
148164941,3,49,4,3,1,4,2,2.1881
148164945,3,49,4,3,1,4,2,1.5759
148164904,3,49,4,3,1,4,2,2.6144
148164901,3,49,4,3,1,4,2,2.3786
148164946,3,49,4,3,1,4,2,1.9999
146164929,3,49,4,3,1,4,3,2.4875
146164934,3,49,4,3,1,4,3,1.6961
146164931,3,49,4,3,1,4,3,1.7074
146164905,3,49,4,3,1,4,3,2.7959
146164919,3,49,4,3,1,4,3,1.6666
146164912,3,49,4,3,1,4,3,1.2403
146164943,3,49,4,3,1,4,3,2.9387
146164932,3,49,4,3,1,4,3,1.8775
146164923,3,49,4,3,1,4,3,1.0022
146164911,3,49,4,3,1,4,3,1.068
146164928,3,49,4,3,1,4,3,1.9387
146164933,3,49,4,3,1,4,3,1.9523
146164930,3,49,4,3,1,4,3,1.5079
146164944,3,49,4,3,1,4,3,1.5351
146164903,3,49,4,3,1,4,3,2.5736
146164946,3,49,4,3,1,4,3,1.9931
146164927,3,49,4,3,1,4,3,1.4897
146164916,3,49,4,3,1,4,3,1.8911
146164926,3,49,4,3,1,4,3,1.5147
146164917,3,49,4,3,1,4,3,1.1315
146164941,3,49,4,3,1,4,3,2.1972
146164921,3,49,4,3,1,4,3,1.2017
146164942,3,49,4,3,1,4,3,3.3083
146164909,3,49,4,3,1,4,3,1.9364
146164914,3,49,4,3,1,4,3,1.7392
146164906,3,49,4,3,1,4,3,2.8548
146164918,3,49,4,3,1,4,3,1.5237
146164935,3,49,4,3,1,4,3,1.9568
146164915,3,49,4,3,1,4,3,2.0317
146164938,3,49,4,3,1,4,3,2.2856
146164908,3,49,4,3,1,4,3,1.8049
146164939,3,49,4,3,1,4,3,1.9115
146164902,3,49,4,3,1,4,3,2.721
146164913,3,49,4,3,1,4,3,1.2154
146164936,3,49,4,3,1,4,3,1.8208
146164925,3,49,4,3,1,4,3,1.6235
146164907,3,49,4,3,1,4,3,1.365
146164924,3,49,4,3,1,4,3,2.3514
146164937,3,49,4,3,1,4,3,1.7573
146164922,3,49,4,3,1,4,3,1.0634
146164920,3,49,4,3,1,4,3,1.3537
146164910,3,49,4,3,1,4,3,1.0793
146164940,3,49,4,3,1,4,3,1.7868
146164947,3,49,4,3,1,4,3,2.4602
146164904,3,49,4,3,1,4,3,2.585
146164901,3,49,4,3,1,4,3,2.3491
150154929,3,49,4,3,1,4,4,2.4689
150154934,3,49,4,3,1,4,4,1.7251
150154931,3,49,4,3,1,4,4,1.7064
150154905,3,49,4,3,1,4,4,2.8001
150154919,3,49,4,3,1,4,4,1.6814
150154912,3,49,4,3,1,4,4,1.2501
150154943,3,49,4,3,1,4,4,2.9376
150154932,3,49,4,3,1,4,4,1.8814
150154923,3,49,4,3,1,4,4,0.9939
150154911,3,49,4,3,1,4,4,1.2626
150154928,3,49,4,3,1,4,4,1.9376
150154933,3,49,4,3,1,4,4,1.9251
150154930,3,49,4,3,1,4,4,1.5126
150154944,3,49,4,3,1,4,4,1.5314
150154903,3,49,4,3,1,4,4,2.5126
150154946,3,49,4,3,1,4,4,1.9939
150154927,3,49,4,3,1,4,4,1.4939
150154916,3,49,4,3,1,4,4,1.9314
150154926,3,49,4,3,1,4,4,1.5314
150154917,3,49,4,3,1,4,4,1.0626
150154941,3,49,4,3,1,4,4,2.1876
150154921,3,49,4,3,1,4,4,1.1814
150154942,3,49,4,3,1,4,4,3.3001
150154909,3,49,4,3,1,4,4,1.9251
150154914,3,49,4,3,1,4,4,1.7376
150154906,3,49,4,3,1,4,4,2.8439
150154918,3,49,4,3,1,4,4,1.5314
150154935,3,49,4,3,1,4,4,1.9564
150154915,3,49,4,3,1,4,4,2.0314
150154938,3,49,4,3,1,4,4,2.2189
150154908,3,49,4,3,1,4,4,1.8189
150154939,3,49,4,3,1,4,4,1.9689
150154902,3,49,4,3,1,4,4,2.7501
150154913,3,49,4,3,1,4,4,1.1939
150154936,3,49,4,3,1,4,4,1.8126
150154925,3,49,4,3,1,4,4,1.6376
150154907,3,49,4,3,1,4,4,1.3626
150154924,3,49,4,3,1,4,4,2.3314
150154937,3,49,4,3,1,4,4,1.7814
150154922,3,49,4,3,1,4,4,1.1064
150154920,3,49,4,3,1,4,4,1.3501
150154910,3,49,4,3,1,4,4,1.5751
150154940,3,49,4,3,1,4,4,1.8001
150154947,3,49,4,3,1,4,4,2.4376
150154904,3,49,4,3,1,4,4,2.6126
150154901,3,49,4,3,1,4,4,2.4001
148215031,3,50,4,6,1,3,2,2.6938
148215005,3,50,4,6,1,3,2,2.8208
148215028,3,50,4,6,1,3,2,2.39
148215032,3,50,4,6,1,3,2,1.5033
148215034,3,50,4,6,1,3,2,2.5419
148215039,3,50,4,6,1,3,2,1.8729
148215036,3,50,4,6,1,3,2,1.4104
148215042,3,50,4,6,1,3,2,2.1723
148215008,3,50,4,6,1,3,2,1.3015
148215011,3,50,4,6,1,3,2,1.7732
148215012,3,50,4,6,1,3,2,1.6099
148215033,3,50,4,6,1,3,2,2.1337
148215035,3,50,4,6,1,3,2,2.6462
148215029,3,50,4,6,1,3,2,2.0453
148215049,3,50,4,6,1,3,2,1.8525
148215003,3,50,4,6,1,3,2,3.0997
148215048,3,50,4,6,1,3,2,1.6394
148215020,3,50,4,6,1,3,2,1.6485
148215016,3,50,4,6,1,3,2,2.7482
148215030,3,50,4,6,1,3,2,2.5351
148215024,3,50,4,6,1,3,2,1.2584
148215017,3,50,4,6,1,3,2,0.7482
148215043,3,50,4,6,1,3,2,2.2426
148215022,3,50,4,6,1,3,2,1.3265
148215044,3,50,4,6,1,3,2,3.0453
148215009,3,50,4,6,1,3,2,1.8729
148215014,3,50,4,6,1,3,2,1.2199
148215027,3,50,4,6,1,3,2,2.3242
148215006,3,50,4,6,1,3,2,2.6485
148215019,3,50,4,6,1,3,2,1.1383
148215037,3,50,4,6,1,3,2,2.5578
148215015,3,50,4,6,1,3,2,2.1246
148215040,3,50,4,6,1,3,2,2.1723
148215002,3,50,4,6,1,3,2,2.3015
148215013,3,50,4,6,1,3,2,1.7936
146215030,3,50,4,6,1,3,3,2.7029
146215005,3,50,4,6,1,3,3,2.4149
146215027,3,50,4,6,1,3,3,2.4126
146215031,3,50,4,6,1,3,3,1.8956
146215033,3,50,4,6,1,3,3,2.5441
146215038,3,50,4,6,1,3,3,1.8752
146215035,3,50,4,6,1,3,3,1.39
146215041,3,50,4,6,1,3,3,2.1745
146215008,3,50,4,6,1,3,3,1.297
146215011,3,50,4,6,1,3,3,1.755
146215012,3,50,4,6,1,3,3,1.6167
146215032,3,50,4,6,1,3,3,2.1315
146215034,3,50,4,6,1,3,3,2.6553
146215028,3,50,4,6,1,3,3,2.0226
146215048,3,50,4,6,1,3,3,1.8276
146215003,3,50,4,6,1,3,3,3.0974
146215047,3,50,4,6,1,3,3,1.6666
146215019,3,50,4,6,1,3,3,1.6394
146215016,3,50,4,6,1,3,3,2.7528
146215029,3,50,4,6,1,3,3,2.5578
146215023,3,50,4,6,1,3,3,1.2562
146215017,3,50,4,6,1,3,3,2.4557
146215042,3,50,4,6,1,3,3,2.6439
146215021,3,50,4,6,1,3,3,1.3559
146215043,3,50,4,6,1,3,3,3.0476
146215009,3,50,4,6,1,3,3,1.8503
146215014,3,50,4,6,1,3,3,1.2267
146215026,3,50,4,6,1,3,3,2.3265
146215006,3,50,4,6,1,3,3,2.3673
146215018,3,50,4,6,1,3,3,1.1088
146215036,3,50,4,6,1,3,3,2.551
146215015,3,50,4,6,1,3,3,2.0453
146215039,3,50,4,6,1,3,3,2.1745
146215002,3,50,4,6,1,3,3,2.2902
146215013,3,50,4,6,1,3,3,1.8684
150205030,3,50,4,6,1,3,4,2.6501
150205021,3,50,4,6,1,3,4,2.6001
150205017,3,50,4,6,1,3,4,2.7189
150205029,3,50,4,6,1,3,4,2.1689
150205023,3,50,4,6,1,3,4,0.7001
150205016,3,50,4,6,1,3,4,2.5314
150205011,3,50,4,6,1,3,4,1.1626
150205003,3,50,4,6,1,3,4,1.6251
150205012,3,50,4,6,1,3,4,2.5751
150205028,3,50,4,6,1,3,4,2.0439
150205026,3,50,4,6,1,3,4,1.8751
150205035,3,50,4,6,1,3,4,1.6564
150205033,3,50,4,6,1,3,4,1.4814
150205027,3,50,4,6,1,3,4,2.1626
150205031,3,50,4,6,1,3,4,3.0876
150205009,3,50,4,6,1,3,4,1.7064
150205014,3,50,4,6,1,3,4,2.6376
150205006,3,50,4,6,1,3,4,2.1251
150205018,3,50,4,6,1,3,4,1.9064
150205015,3,50,4,6,1,3,4,1.7939
150205032,3,50,4,6,1,3,4,2.4251
150205025,3,50,4,6,1,3,4,1.9814
150205002,3,50,4,6,1,3,4,1.7376
150205013,3,50,4,6,1,3,4,2.4564
150205007,3,50,4,6,1,3,4,2.7689
150205024,3,50,4,6,1,3,4,1.1064
150205005,3,50,4,6,1,3,4,1.2126
150205019,3,50,4,6,1,3,4,2.0814
150205022,3,50,4,6,1,3,4,1.4001
150205020,3,50,4,6,1,3,4,2.6064
150205010,3,50,4,6,1,3,4,1.6439
150205008,3,50,4,6,1,3,4,4.2939
150205034,3,50,4,6,1,3,4,1.0251
150205004,3,50,4,6,1,3,4,1.8064
150205001,3,50,4,6,1,3,4,3.0439
